member_id,join_date,last_visited,checklist_completed,updated_at
5981050,2021-01-10,2026-08-24,,2026-08-24T17:34:47
6047117,2021-01-16,2021-01-16,,2026-07-29T16:44:18
6139110,2021-01-26,2026-03-25,,2026-07-29T16:44:18
6164330,2021-01-28,2021-01-28,,2026-07-29T16:44:19
6457614,2021-02-27,2026-08-24,,2026-08-24T16:12:53
6457763,2021-02-27,2021-07-22,,2026-07-29T16:44:20
6458470,2021-02-27,2026-07-21,,2026-08-23T10:01:45
6460542,2021-02-27,2026-08-25,,2026-08-25T01:01:11
6489456,2021-03-02,2021-08-07,,2026-07-29T16:44:20
6573894,2021-03-11,2024-03-04,,2026-07-29T16:44:21
6636195,2021-03-17,2022-07-17,,2026-08-23T10:01:45
6652735,2021-03-19,2021-03-19,,2026-07-29T16:44:21
6707752,2021-03-25,2021-04-07,,2026-07-29T16:44:21
6707774,2021-03-25,2021-05-07,,2026-07-29T16:44:22
6707775,2021-03-25,2025-04-11,,2026-07-29T16:44:22
6707995,2021-03-25,2022-11-25,,2026-07-29T16:44:22
6708012,2021-03-25,2021-04-12,,2026-07-29T16:44:22
6708025,2021-03-25,2022-06-18,,2026-07-29T16:44:22
6708054,2021-03-25,2021-04-19,,2026-07-29T16:44:23
6708117,2021-03-25,2021-05-09,,2026-07-29T16:44:25
6708153,2021-03-25,2021-03-25,,2026-07-29T16:44:23
6708195,2021-03-25,2021-03-25,,2026-07-29T16:44:23
6708540,2021-03-25,2021-04-27,,2026-07-29T16:44:23
6708546,2021-03-25,2021-04-17,,2026-07-29T16:44:24
6708730,2021-03-25,2021-03-25,,2026-07-29T16:44:25
6708755,2021-03-25,2023-06-11,,2026-07-29T16:44:26
6708854,2021-03-25,2026-04-21,,2026-07-29T16:44:25
6708932,2021-03-25,2021-05-12,,2026-07-29T16:44:26
6708991,2021-03-25,2021-06-22,,2026-07-29T16:44:26
6709025,2021-03-25,2021-11-24,,2026-07-29T16:44:26
6709063,2021-03-25,2026-08-21,,2026-08-23T05:00:44
6709241,2021-03-25,2026-08-11,,2026-08-13T04:15:05
6709271,2021-03-25,2026-05-14,,2026-07-29T16:44:27
6709314,2021-03-25,2021-04-10,,2026-07-29T16:44:26
6709428,2021-03-25,2021-04-26,,2026-07-29T16:44:27
6709469,2021-03-25,2021-07-31,,2026-07-29T16:44:27
6710097,2021-03-25,2022-08-31,,2026-07-29T16:44:27
6710326,2021-03-25,2024-05-24,,2026-07-29T16:44:27
6710359,2021-03-25,2025-01-28,,2026-07-29T16:44:27
6710427,2021-03-25,2021-06-28,,2026-07-29T16:44:28
6711059,2021-03-25,2021-03-25,,2026-07-29T16:44:28
6713031,2021-03-25,2021-03-25,,2026-07-29T16:44:28
6713461,2021-03-25,2021-07-10,,2026-07-29T16:44:28
6714104,2021-03-25,2021-03-25,,2026-07-29T16:44:28
6714144,2021-03-25,2021-04-07,,2026-07-29T16:44:28
6714161,2021-03-25,2026-08-01,,2026-08-03T05:08:34
6714476,2021-03-25,2021-03-25,,2026-07-29T16:44:29
6714579,2021-03-25,2021-06-17,,2026-07-29T16:44:29
6714622,2021-03-25,2021-04-28,,2026-07-29T16:44:29
6715466,2021-03-25,2024-05-26,,2026-07-29T16:44:30
6715525,2021-03-25,2021-04-14,,2026-07-29T16:44:30
6715652,2021-03-25,2022-09-27,,2026-07-29T16:44:30
6716039,2021-03-25,2021-06-28,,2026-07-29T16:44:30
6716786,2021-03-25,2021-04-30,,2026-07-29T16:44:30
6716846,2021-03-25,2021-10-14,,2026-07-29T16:44:30
6717173,2021-03-25,2021-04-07,,2026-07-29T16:44:31
6717183,2021-03-25,2021-03-25,,2026-07-29T16:44:31
6717622,2021-03-25,2021-03-25,,2026-07-29T16:44:31
6717731,2021-03-25,2021-03-25,,2026-07-29T16:44:32
6717924,2021-03-25,2021-03-30,,2026-07-29T16:44:33
6718157,2021-03-25,2021-03-25,,2026-07-29T16:44:33
6718394,2021-03-25,2021-03-26,,2026-07-29T16:44:33
6718677,2021-03-25,2026-07-02,,2026-08-16T10:03:31
6718725,2021-03-25,2021-04-30,,2026-07-29T16:44:41
6718728,2021-03-25,2021-12-30,,2026-07-29T16:44:41
6718748,2021-03-25,2026-01-28,,2026-07-29T16:44:42
6718760,2021-03-25,2022-01-08,,2026-07-29T16:44:42
6718772,2021-03-25,2021-05-31,,2026-07-29T16:44:43
6718850,2021-03-26,2026-08-25,,2026-08-25T05:17:15
6718851,2021-03-26,2021-03-26,,2026-07-29T16:44:43
6718885,2021-03-26,2021-04-19,,2026-07-29T16:44:43
6719009,2021-03-26,2022-09-08,,2026-07-29T16:44:43
6719020,2021-03-26,2025-04-25,,2026-07-29T16:44:44
6719054,2021-03-26,2026-04-30,,2026-07-29T16:44:44
6719065,2021-03-26,2022-09-19,,2026-07-29T16:44:44
6719097,2021-03-26,2025-01-20,,2026-07-29T16:44:45
6719108,2021-03-26,2021-05-06,,2026-07-29T16:44:45
6719114,2021-03-26,2026-08-23,,2026-08-25T05:02:29
6719395,2021-03-26,2021-03-26,,2026-07-29T16:44:45
6719595,2021-03-26,2026-06-01,,2026-07-29T16:44:45
6719666,2021-03-26,2024-11-05,,2026-07-29T16:44:46
6720342,2021-03-26,2023-09-05,,2026-07-29T16:44:46
6720427,2021-03-26,2022-05-22,,2026-07-29T16:44:46
6720509,2021-03-26,2024-05-09,,2026-07-29T16:44:46
6721582,2021-03-26,2025-04-13,,2026-07-29T16:44:46
6721645,2021-03-26,2022-01-10,,2026-07-29T16:44:47
6721756,2021-03-26,2024-12-16,,2026-07-29T16:44:47
6723245,2021-03-26,2021-05-01,,2026-07-29T16:44:47
6723928,2021-03-26,2024-06-10,,2026-07-29T16:44:47
6724089,2021-03-26,2026-04-02,,2026-07-29T16:44:47
6725288,2021-03-26,2021-03-26,,2026-07-29T16:44:48
6725344,2021-03-26,2022-01-25,,2026-07-29T16:45:24
6725444,2021-03-26,2024-11-08,,2026-08-20T10:03:15
6725747,2021-03-26,2021-05-06,,2026-07-29T16:45:24
6726289,2021-03-26,2026-06-10,,2026-07-29T16:45:24
6726777,2021-03-26,2021-07-28,,2026-07-29T16:45:24
6727217,2021-03-26,2021-07-08,,2026-07-29T16:45:24
6727818,2021-03-26,2021-03-26,,2026-07-29T16:45:24
6727835,2021-03-26,2021-03-29,,2026-07-29T16:45:24
6728330,2021-03-26,2022-02-18,,2026-07-29T16:45:24
6728742,2021-03-26,2021-07-23,,2026-07-29T16:45:24
6728875,2021-03-26,2023-03-28,,2026-07-29T16:45:24
6729104,2021-03-26,2021-10-19,,2026-07-29T16:45:25
6729305,2021-03-26,2021-10-22,,2026-07-29T16:45:25
6729438,2021-03-26,2025-01-23,,2026-07-29T16:45:25
6729598,2021-03-27,2021-04-05,,2026-07-29T16:45:25
6730120,2021-03-27,2023-08-31,,2026-07-29T16:45:25
6730297,2021-03-27,2023-03-25,,2026-07-29T16:45:26
6730318,2021-03-27,2023-04-16,,2026-07-29T16:45:26
6730506,2021-03-27,2022-08-04,,2026-07-29T16:45:26
6730573,2021-03-27,2021-03-27,,2026-07-29T16:45:26
6730874,2021-03-27,2022-12-05,,2026-07-29T16:45:26
6731054,2021-03-27,2021-04-27,,2026-07-29T16:45:26
6731715,2021-03-27,2021-04-10,,2026-07-29T16:45:27
6731722,2021-03-27,2024-02-14,,2026-07-29T16:45:27
6731723,2021-03-27,2025-06-18,,2026-08-16T10:03:34
6731887,2021-03-27,2026-07-19,,2026-07-29T16:45:28
6732345,2021-03-27,2023-06-08,,2026-07-29T16:45:28
6732560,2021-03-27,2026-05-31,,2026-07-29T16:45:28
6732973,2021-03-27,2021-07-27,,2026-07-29T16:45:28
6733138,2021-03-27,2023-05-13,,2026-07-29T16:45:28
6733981,2021-03-27,2021-03-27,,2026-07-29T16:45:28
6734567,2021-03-27,2021-05-29,,2026-07-29T16:45:28
6734703,2021-03-27,2021-04-10,,2026-07-29T16:45:28
6735660,2021-03-27,2021-08-07,,2026-07-29T16:45:29
6736006,2021-03-27,2026-04-04,,2026-07-29T16:45:29
6736074,2021-03-27,2025-01-14,,2026-07-29T16:45:29
6736749,2021-03-27,2022-01-21,,2026-07-29T16:45:30
6736818,2021-03-27,2026-08-25,,2026-08-25T03:10:19
6737201,2021-03-27,2025-08-21,,2026-07-29T16:45:30
6737457,2021-03-27,2022-06-14,,2026-07-29T16:45:30
6737634,2021-03-28,2021-07-07,,2026-07-29T16:45:31
6737758,2021-03-28,2023-02-16,,2026-07-29T16:45:31
6737810,2021-03-28,2021-06-05,,2026-07-29T16:45:31
6739281,2021-03-28,2021-03-28,,2026-07-29T16:45:31
6739332,2021-03-28,2021-05-20,,2026-07-29T16:45:32
6740941,2021-03-28,2022-11-10,,2026-07-29T16:45:32
6741073,2021-03-28,2021-03-28,,2026-07-29T16:45:32
6741332,2021-03-28,2021-05-09,,2026-07-29T16:45:32
6741428,2021-03-28,2021-03-31,,2026-07-29T16:45:32
6741562,2021-03-28,2021-04-22,,2026-07-29T16:45:32
6742029,2021-03-28,2023-11-18,,2026-07-29T16:45:33
6742475,2021-03-28,2021-06-29,,2026-07-29T16:45:33
6742515,2021-03-28,2022-01-19,,2026-07-29T16:45:33
6743044,2021-03-28,2021-06-29,,2026-07-29T16:45:33
6743079,2021-03-28,2021-04-30,,2026-07-29T16:45:33
6743173,2021-03-28,2023-10-10,,2026-07-29T16:45:34
6743818,2021-03-28,2024-11-03,,2026-07-29T16:45:34
6743906,2021-03-28,2021-05-16,,2026-07-29T16:45:34
6743966,2021-03-28,2021-08-02,,2026-07-29T16:45:34
6745240,2021-03-29,2021-09-07,,2026-07-29T16:45:34
6745354,2021-03-29,2022-08-02,,2026-07-29T16:45:34
6745608,2021-03-29,2021-06-16,,2026-07-29T16:45:35
6747491,2021-03-29,2022-06-17,,2026-07-29T16:45:35
6749649,2021-03-29,2024-04-24,,2026-07-29T16:45:35
6750315,2021-03-29,2021-04-21,,2026-07-29T16:45:35
6750371,2021-03-29,2024-06-09,,2026-07-29T16:45:35
6750398,2021-03-29,2021-12-16,,2026-07-29T16:45:35
6751896,2021-03-29,2022-08-17,,2026-07-29T16:45:35
6752423,2021-03-29,2021-04-06,,2026-07-29T16:45:36
6753890,2021-03-29,2023-08-20,,2026-07-29T16:45:36
6754117,2021-03-29,2021-06-10,,2026-07-29T16:45:37
6754658,2021-03-29,2026-08-04,,2026-08-05T07:02:35
6755290,2021-03-30,2025-04-04,,2026-07-29T16:45:38
6755525,2021-03-30,2021-05-29,,2026-07-29T16:45:38
6755968,2021-03-30,2021-06-24,,2026-07-29T16:45:38
6755997,2021-03-30,2021-06-01,,2026-07-29T16:45:38
6756487,2021-03-30,2021-06-20,,2026-07-29T16:45:39
6756742,2021-03-30,2021-04-02,,2026-07-29T16:45:39
6756983,2021-03-30,2022-02-09,,2026-07-29T16:45:40
6758212,2021-03-30,2023-08-29,,2026-07-29T16:45:40
6758815,2021-03-30,2023-04-06,,2026-07-29T16:45:40
6760066,2021-03-30,2021-07-03,,2026-07-29T16:45:40
6760563,2021-03-30,2025-06-26,,2026-07-29T16:45:40
6761166,2021-03-30,2021-03-30,,2026-07-29T16:45:40
6761233,2021-03-30,2021-06-11,,2026-07-29T16:45:40
6761529,2021-03-30,2024-12-11,,2026-07-29T16:45:41
6761696,2021-03-30,2022-07-17,,2026-07-29T16:45:41
6762847,2021-03-30,2021-05-19,,2026-07-29T16:45:41
6763382,2021-03-30,2023-08-03,,2026-07-29T16:45:41
6764149,2021-03-30,2022-02-21,,2026-07-29T16:45:41
6764697,2021-03-30,2026-08-24,,2026-08-24T22:58:27
6765003,2021-03-30,2026-08-24,,2026-08-24T16:56:00
6766289,2021-03-31,2021-03-31,,2026-07-29T16:45:42
6766397,2021-03-31,2024-05-10,,2026-07-29T16:45:42
6766732,2021-03-31,2021-04-06,,2026-07-29T16:45:42
6766859,2021-03-31,2022-01-24,,2026-07-29T16:45:43
6767217,2021-03-31,2021-11-19,,2026-07-29T16:45:43
6771987,2021-03-31,2022-07-09,,2026-07-29T16:45:43
6773459,2021-03-31,2023-06-15,,2026-07-29T16:45:43
6774606,2021-03-31,2026-03-04,,2026-07-29T16:45:44
6774667,2021-03-31,2021-03-31,,2026-07-29T16:45:44
6775256,2021-03-31,2026-07-02,,2026-07-29T16:45:44
6780174,2021-04-01,2025-02-23,,2026-07-29T16:45:44
6780393,2021-04-01,2024-04-03,,2026-07-29T16:45:44
6782153,2021-04-01,2026-08-25,,2026-08-25T00:13:43
6783001,2021-04-01,2021-04-01,,2026-07-29T16:45:45
6784416,2021-04-01,2023-11-14,,2026-07-29T16:45:45
6785508,2021-04-01,2022-02-02,,2026-07-29T16:45:45
6785860,2021-04-01,2022-01-08,,2026-07-29T16:45:45
6786028,2021-04-01,2021-09-25,,2026-07-29T16:46:35
6786644,2021-04-01,2021-07-07,,2026-07-29T16:46:35
6787154,2021-04-01,2021-04-06,,2026-07-29T16:46:36
6787157,2021-04-01,2026-07-17,,2026-07-29T16:46:36
6789934,2021-04-02,2021-11-11,,2026-07-29T16:46:36
6799421,2021-04-02,2026-02-14,,2026-07-29T16:46:36
6875510,2021-04-02,2022-01-25,,2026-07-29T16:46:36
6879160,2021-04-02,2021-04-05,,2026-07-29T16:46:36
6879426,2021-04-02,2021-04-02,,2026-07-29T16:46:36
6880006,2021-04-02,2021-08-24,,2026-07-29T16:46:38
6880434,2021-04-02,2021-09-29,,2026-07-29T16:46:38
6881725,2021-04-02,2021-04-13,,2026-07-29T16:46:38
6881963,2021-04-02,2021-10-26,,2026-07-29T16:46:38
6885783,2021-04-03,2021-11-15,,2026-07-29T16:46:38
6885840,2021-04-03,2021-04-07,,2026-07-29T16:46:39
6886047,2021-04-03,2026-07-10,,2026-07-29T16:46:39
6888712,2021-04-03,2021-12-04,,2026-07-29T16:46:40
6889472,2021-04-03,2021-04-03,,2026-07-29T16:46:40
6890141,2021-04-03,2025-07-20,,2026-07-29T16:46:40
7000545,2021-04-04,2024-07-06,,2026-07-29T16:46:40
7000547,2021-04-04,2023-10-14,,2026-07-29T16:46:40
7000780,2021-04-04,2021-05-08,,2026-07-29T16:46:40
7002846,2021-04-04,2021-12-02,,2026-07-29T16:46:40
7003591,2021-04-04,2025-04-19,,2026-07-29T16:46:41
7003664,2021-04-04,2021-07-04,,2026-07-29T16:46:41
7004532,2021-04-04,2025-06-14,,2026-07-29T16:46:41
7005402,2021-04-04,2022-05-12,,2026-07-29T16:46:41
7006128,2021-04-05,2022-07-27,,2026-07-29T16:46:41
7006476,2021-04-05,2022-08-19,,2026-07-29T16:46:41
7006642,2021-04-05,2021-04-05,,2026-07-29T16:46:42
7007621,2021-04-05,2021-10-09,,2026-07-29T16:46:42
7009892,2021-04-05,2021-05-17,,2026-07-29T16:46:42
7010772,2021-04-05,2023-05-17,,2026-07-29T16:46:42
7011572,2021-04-05,2021-04-26,,2026-07-29T16:46:42
7011608,2021-04-05,2026-08-18,,2026-08-20T05:10:19
7011834,2021-04-05,2021-04-11,,2026-07-29T16:46:43
7011942,2021-04-05,2021-05-29,,2026-07-29T16:46:43
7012793,2021-04-05,2022-10-21,,2026-07-29T16:46:43
7012872,2021-04-05,2021-05-17,,2026-07-29T16:46:43
7013644,2021-04-05,2021-04-05,,2026-07-29T16:46:44
7015169,2021-04-06,2021-08-26,,2026-07-29T16:46:44
7015429,2021-04-06,2026-08-23,,2026-08-25T04:02:03
7016049,2021-04-06,2021-04-10,,2026-07-29T16:46:45
7016180,2021-04-06,2022-08-24,,2026-07-29T16:46:45
7016883,2021-04-06,2022-07-14,,2026-07-29T16:46:46
7017767,2021-04-06,2023-05-20,,2026-07-29T16:46:46
7018544,2021-04-06,2021-04-08,,2026-07-29T16:46:46
7020331,2021-04-06,2023-06-07,,2026-07-29T16:46:46
7021964,2021-04-06,2021-04-17,,2026-07-29T16:46:46
7022432,2021-04-06,2021-04-13,,2026-07-29T16:46:47
7023536,2021-04-06,2021-04-06,,2026-07-29T16:46:47
7024008,2021-04-06,2021-04-06,,2026-07-29T16:46:47
7024012,2021-04-06,2021-05-03,,2026-07-29T16:46:47
7024119,2021-04-06,2021-08-14,,2026-07-29T16:46:47
7024369,2021-04-06,2021-07-02,,2026-07-29T16:46:48
7024823,2021-04-06,2024-06-04,,2026-07-29T16:46:48
7024939,2021-04-06,2021-06-03,,2026-07-29T16:46:48
7025664,2021-04-07,2026-07-18,,2026-07-29T16:46:48
7025759,2021-04-07,2023-07-16,,2026-07-29T16:46:49
7026276,2021-04-07,2021-08-31,,2026-07-29T16:46:49
7030173,2021-04-07,2021-04-21,,2026-07-29T16:46:49
7030195,2021-04-07,2022-05-21,,2026-07-29T16:46:50
7030512,2021-04-07,2026-01-13,,2026-07-29T16:46:51
7030676,2021-04-07,2021-04-07,,2026-07-29T16:46:51
7031262,2021-04-07,2021-05-20,,2026-07-29T16:46:51
7031542,2021-04-07,2021-04-07,,2026-07-29T16:46:51
7031653,2021-04-07,2022-05-28,,2026-07-29T16:46:51
7032113,2021-04-07,2023-12-20,,2026-07-29T16:46:52
7032998,2021-04-07,2021-04-07,,2026-07-29T16:46:52
7033016,2021-04-07,2021-12-27,,2026-07-29T16:46:53
7033033,2021-04-07,2025-05-15,,2026-07-29T16:46:53
7033258,2021-04-07,2025-07-07,,2026-07-29T16:46:53
7033394,2021-04-07,2021-05-25,,2026-07-29T16:46:53
7033625,2021-04-07,2021-05-05,,2026-07-29T16:46:53
7033704,2021-04-07,2026-08-24,,2026-08-24T19:42:06
7033713,2021-04-07,2022-03-04,,2026-07-29T16:46:53
7033800,2021-04-07,2021-08-04,,2026-07-29T16:46:54
7033934,2021-04-07,2021-09-18,,2026-07-29T16:46:55
7034387,2021-04-07,2026-06-28,,2026-07-29T16:46:55
7034670,2021-04-07,2021-04-19,,2026-07-29T16:46:55
7035195,2021-04-07,2025-05-09,,2026-07-29T16:46:55
7035208,2021-04-07,2021-11-25,,2026-07-29T16:46:55
7035404,2021-04-07,2021-04-26,,2026-07-29T16:46:56
7035573,2021-04-08,2021-04-21,,2026-07-29T16:46:56
7036111,2021-04-08,2022-02-16,,2026-07-29T16:46:56
7036209,2021-04-08,2022-05-20,,2026-07-29T16:46:56
7036222,2021-04-08,2024-06-30,,2026-07-29T16:46:58
7036494,2021-04-08,2021-04-08,,2026-07-29T16:46:57
7036543,2021-04-08,2023-05-17,,2026-07-29T16:46:57
7036604,2021-04-08,2022-01-03,,2026-07-29T16:46:57
7036641,2021-04-08,2026-08-14,,2026-08-15T05:11:17
7036911,2021-04-08,2026-08-17,,2026-08-19T04:07:11
7037020,2021-04-08,2023-08-03,,2026-07-29T16:46:58
7037118,2021-04-08,2021-08-10,,2026-07-29T16:46:58
7037384,2021-04-08,2021-04-08,,2026-07-29T16:46:58
7037527,2021-04-08,2023-09-24,,2026-07-29T16:46:59
7037609,2021-04-08,2025-02-12,,2026-07-29T16:46:59
7037698,2021-04-08,2021-04-08,,2026-07-29T16:46:59
7038260,2021-04-08,2021-10-25,,2026-07-29T16:47:40
7038273,2021-04-08,2021-04-09,,2026-07-29T16:47:41
7038646,2021-04-08,2022-07-10,,2026-07-29T16:47:41
7038728,2021-04-08,2023-05-25,,2026-07-29T16:47:41
7039294,2021-04-08,2026-08-13,,2026-08-15T04:16:30
7041256,2021-04-08,2024-01-24,,2026-07-29T16:47:41
7041745,2021-04-08,2021-11-28,,2026-07-29T16:47:42
7042044,2021-04-08,2026-03-16,,2026-07-29T16:47:42
7042927,2021-04-08,2022-10-03,,2026-07-29T16:47:42
7043446,2021-04-08,2021-05-18,,2026-07-29T16:47:42
7043528,2021-04-08,2022-01-03,,2026-07-29T16:47:42
7044348,2021-04-08,2026-08-14,,2026-08-15T04:22:28
7045545,2021-04-08,2021-08-31,,2026-07-29T16:47:43
7046731,2021-04-09,2022-05-11,,2026-07-29T16:47:43
7047252,2021-04-09,2022-01-13,,2026-07-29T16:47:43
7047288,2021-04-09,2022-02-23,,2026-07-29T16:47:43
7047747,2021-04-09,2021-06-03,,2026-07-29T16:47:43
7048184,2021-04-09,2026-03-05,,2026-07-29T16:47:43
7048476,2021-04-09,2023-05-15,,2026-07-29T16:47:44
7048603,2021-04-09,2023-02-26,,2026-07-29T16:47:44
7048798,2021-04-09,2022-07-29,,2026-07-29T16:47:44
7048928,2021-04-09,2024-10-17,,2026-07-29T16:47:44
7049118,2021-04-09,2023-01-06,,2026-07-29T16:47:44
7051785,2021-04-09,2025-08-18,,2026-07-29T16:47:44
7052310,2021-04-09,2023-05-04,,2026-07-29T16:47:45
7052377,2021-04-09,2024-04-18,,2026-07-29T16:47:45
7055224,2021-04-09,2021-07-11,,2026-07-29T16:47:45
7057874,2021-04-10,2021-04-10,,2026-07-29T16:47:45
7058190,2021-04-10,2021-04-10,,2026-07-29T16:47:45
7058561,2021-04-10,2022-02-02,,2026-07-29T16:47:45
7059447,2021-04-10,2021-06-02,,2026-07-29T16:47:45
7060989,2021-04-10,2022-09-17,,2026-07-29T16:47:46
7061623,2021-04-10,2026-08-17,,2026-08-19T04:16:58
7063793,2021-04-11,2021-05-05,,2026-07-29T16:47:46
7063922,2021-04-11,2022-01-01,,2026-07-29T16:47:47
7064580,2021-04-11,2021-04-11,,2026-07-29T16:47:47
7064880,2021-04-11,2021-04-13,,2026-07-29T16:47:47
7065219,2021-04-11,2023-05-19,,2026-07-29T16:47:47
7066566,2021-04-11,2021-08-16,,2026-07-29T16:47:47
7066607,2021-04-11,2026-08-25,,2026-08-25T04:30:46
7071535,2021-04-11,2022-06-06,,2026-07-29T16:47:48
7072115,2021-04-12,2021-05-20,,2026-07-29T16:47:48
7072292,2021-04-12,2021-04-28,,2026-07-29T16:47:48
7073012,2021-04-12,2021-04-12,,2026-07-29T16:47:48
7076057,2021-04-12,2021-08-12,,2026-07-29T16:47:48
7079832,2021-04-12,2021-04-12,,2026-07-29T16:47:48
7080540,2021-04-12,2021-11-18,,2026-07-29T16:47:48
7080998,2021-04-12,2022-04-17,,2026-07-29T16:47:49
7081512,2021-04-12,2021-05-28,,2026-07-29T16:47:49
7082304,2021-04-12,2022-02-16,,2026-07-29T16:47:49
7082411,2021-04-12,2021-04-25,,2026-07-29T16:47:49
7082417,2021-04-12,2021-11-08,,2026-07-29T16:47:49
7082475,2021-04-12,2021-04-12,,2026-07-29T16:47:50
7082496,2021-04-12,2021-04-20,,2026-07-29T16:47:50
7082622,2021-04-13,2021-07-15,,2026-07-29T16:47:50
7082625,2021-04-13,2022-12-21,,2026-07-29T16:47:50
7082757,2021-04-13,2023-06-27,,2026-07-29T16:47:50
7083093,2021-04-13,2021-04-14,,2026-07-29T16:47:51
7083343,2021-04-13,2021-05-13,,2026-07-29T16:47:51
7083587,2021-04-13,2023-08-25,,2026-07-29T16:47:51
7083610,2021-04-13,2023-01-10,,2026-07-29T16:47:51
7083719,2021-04-13,2021-04-21,,2026-07-29T16:47:51
7085521,2021-04-13,2026-06-17,,2026-07-29T16:47:51
7086916,2021-04-13,2022-02-21,,2026-07-29T16:47:51
7087603,2021-04-13,2021-04-13,,2026-07-29T16:47:52
7087745,2021-04-13,2022-02-24,,2026-07-29T16:47:52
7088234,2021-04-13,2021-04-13,,2026-07-29T16:47:52
7088246,2021-04-13,2021-06-03,,2026-07-29T16:47:52
7088727,2021-04-13,2022-04-15,,2026-07-29T16:47:52
7088978,2021-04-13,2021-04-13,,2026-07-29T16:47:52
7089123,2021-04-13,2021-05-03,,2026-07-29T16:47:53
7089965,2021-04-13,2021-05-06,,2026-07-29T16:47:53
7089983,2021-04-13,2021-07-19,,2026-07-29T16:47:53
7090402,2021-04-13,2021-04-14,,2026-07-29T16:47:53
7091537,2021-04-13,2021-12-04,,2026-07-29T16:47:54
7091703,2021-04-13,2022-03-29,,2026-07-29T16:47:54
7092055,2021-04-13,2021-04-21,,2026-07-29T16:47:54
7092322,2021-04-14,2021-04-14,,2026-07-29T16:47:54
7094007,2021-04-14,2022-08-27,,2026-07-29T16:47:54
7095543,2021-04-14,2025-09-17,,2026-07-29T16:47:54
7095970,2021-04-14,2021-05-07,,2026-07-29T16:47:55
7095971,2021-04-14,2026-01-28,,2026-07-29T16:47:55
7096150,2021-04-14,2021-04-27,,2026-07-29T16:47:55
7096571,2021-04-14,2021-04-14,,2026-07-29T16:47:55
7097134,2021-04-14,2024-08-11,,2026-07-29T16:47:55
7099386,2021-04-14,2021-04-20,,2026-07-29T16:47:55
7103707,2021-04-15,2021-08-08,,2026-07-29T16:47:55
7103865,2021-04-15,2021-04-20,,2026-07-29T16:47:56
7104373,2021-04-15,2025-07-07,,2026-07-29T16:47:56
7104808,2021-04-15,2021-08-08,,2026-07-29T16:47:56
7109672,2021-04-15,2023-10-08,,2026-07-29T16:47:56
7112596,2021-04-15,2023-03-21,,2026-07-29T16:47:56
7112655,2021-04-15,2021-07-02,,2026-07-29T16:47:57
7113864,2021-04-15,2022-05-03,,2026-07-29T16:47:57
7114055,2021-04-16,2025-11-19,,2026-07-29T16:47:57
7115041,2021-04-16,2021-07-11,,2026-07-29T16:47:57
7115206,2021-04-16,2022-02-07,,2026-07-29T16:47:57
7115385,2021-04-16,2021-05-17,,2026-07-29T16:47:57
7119623,2021-04-16,2021-04-19,,2026-07-29T16:47:58
7125271,2021-04-17,2021-06-08,,2026-07-29T16:47:58
7127159,2021-04-17,2025-01-27,,2026-07-29T16:48:38
7127933,2021-04-17,2023-05-14,,2026-07-29T16:48:38
7128526,2021-04-17,2022-06-08,,2026-07-29T16:48:38
7129244,2021-04-18,2021-07-28,,2026-07-29T16:48:38
7130696,2021-04-18,2021-08-25,,2026-07-29T16:48:38
7133097,2021-04-18,2021-04-18,,2026-07-29T16:48:39
7133523,2021-04-18,2021-09-28,,2026-07-29T16:48:39
7134309,2021-04-18,2021-05-06,,2026-07-29T16:48:39
7134856,2021-04-18,2023-03-23,,2026-07-29T16:48:39
7135282,2021-04-18,2021-06-08,,2026-07-29T16:48:39
7135379,2021-04-19,2021-05-17,,2026-07-29T16:48:39
7135405,2021-04-19,2021-06-19,,2026-07-29T16:48:39
7135948,2021-04-19,2021-05-28,,2026-07-29T16:48:40
7137476,2021-04-19,2021-12-18,,2026-07-29T16:48:40
7141899,2021-04-19,2021-10-30,,2026-07-29T16:48:40
7143697,2021-04-19,2021-07-26,,2026-07-29T16:48:40
7144555,2021-04-19,2022-01-22,,2026-07-29T16:48:41
7144784,2021-04-19,2024-08-24,,2026-07-29T16:48:41
7149224,2021-04-20,2021-05-14,,2026-07-29T16:48:41
7151533,2021-04-20,2021-07-20,,2026-07-29T16:48:41
7152056,2021-04-20,2022-07-06,,2026-07-29T16:48:41
7154870,2021-04-20,2021-04-22,,2026-07-29T16:48:42
7155424,2021-04-21,2021-04-21,,2026-07-29T16:48:42
7155438,2021-04-21,2023-06-06,,2026-07-29T16:48:42
7159021,2021-04-21,2024-05-22,,2026-07-29T16:48:42
7160194,2021-04-21,2022-02-10,,2026-07-29T16:48:42
7162272,2021-04-21,2024-02-11,,2026-07-29T16:48:42
7162963,2021-04-21,2021-04-21,,2026-07-29T16:48:43
7163487,2021-04-21,2026-04-29,,2026-07-29T16:48:43
7165413,2021-04-22,2021-12-13,,2026-07-29T16:48:43
7165817,2021-04-22,2021-06-03,,2026-07-29T16:48:43
7166190,2021-04-22,2021-04-29,,2026-07-29T16:48:44
7168522,2021-04-22,2021-04-22,,2026-07-29T16:48:45
7168533,2021-04-22,2021-07-09,,2026-07-29T16:48:44
7169462,2021-04-22,2023-06-07,,2026-07-29T16:48:44
7169525,2021-04-22,2021-08-29,,2026-07-29T16:48:46
7169793,2021-04-22,2021-06-04,,2026-07-29T16:48:45
7169825,2021-04-22,2022-04-01,,2026-07-29T16:48:45
7171115,2021-04-22,2021-05-18,,2026-07-29T16:48:45
7175186,2021-04-23,2021-04-23,,2026-07-29T16:48:46
7175735,2021-04-23,2021-07-03,,2026-07-29T16:48:46
7176450,2021-04-23,2021-06-01,,2026-07-29T16:48:47
7176793,2021-04-23,2021-04-23,,2026-07-29T16:48:46
7180802,2021-04-23,2021-05-07,,2026-07-29T16:48:46
7182221,2021-04-23,2025-04-17,,2026-07-29T16:48:47
7182643,2021-04-23,2022-03-09,,2026-07-29T16:48:47
7184264,2021-04-24,2021-05-16,,2026-07-29T16:48:48
7186598,2021-04-24,2021-04-24,,2026-07-29T16:48:48
7187287,2021-04-24,2021-04-24,,2026-07-29T16:48:48
7188570,2021-04-24,2023-07-24,,2026-07-29T16:48:49
7190874,2021-04-24,2021-04-25,,2026-07-29T16:48:50
7192748,2021-04-25,2022-09-25,,2026-07-29T16:48:50
7193005,2021-04-25,2023-06-29,,2026-07-29T16:48:52
7197503,2021-04-25,2026-02-18,,2026-07-29T16:48:52
7197976,2021-04-25,2021-07-20,,2026-07-29T16:48:52
7198709,2021-04-25,2021-12-15,,2026-07-29T16:48:52
7199508,2021-04-26,2021-06-02,,2026-07-29T16:48:52
7199773,2021-04-26,2022-06-27,,2026-07-29T16:48:53
7199895,2021-04-26,2021-04-26,,2026-07-29T16:48:53
7200338,2021-04-26,2024-04-09,,2026-07-29T16:48:53
7201306,2021-04-26,2021-06-15,,2026-07-29T16:48:53
7201843,2021-04-26,2021-07-09,,2026-07-29T16:48:53
7202641,2021-04-26,2021-04-26,,2026-07-29T16:48:54
7203285,2021-04-26,2026-01-30,,2026-07-29T16:48:55
7203414,2021-04-26,2021-04-26,,2026-07-29T16:48:55
7204286,2021-04-26,2021-08-20,,2026-07-29T16:48:55
7206612,2021-04-26,2022-05-27,,2026-07-29T16:48:56
7207647,2021-04-26,2021-04-26,,2026-07-29T16:48:56
7207736,2021-04-26,2022-03-02,,2026-07-29T16:48:57
7207886,2021-04-26,2024-01-04,,2026-07-29T16:48:57
7209810,2021-04-26,2021-04-26,,2026-07-29T16:48:58
7210392,2021-04-27,2021-04-30,,2026-07-29T16:48:58
7214517,2021-04-27,2022-05-03,,2026-07-29T16:48:58
7216137,2021-04-27,2026-08-15,,2026-08-17T05:03:24
7217147,2021-04-27,2022-09-10,,2026-07-29T16:49:00
7217479,2021-04-27,2024-02-13,,2026-07-29T16:49:01
7217871,2021-04-27,2026-02-26,,2026-07-29T16:49:01
7217971,2021-04-27,2021-05-11,,2026-07-29T16:49:02
7218028,2021-04-27,2021-08-01,,2026-07-29T16:49:02
7218311,2021-04-27,2021-04-27,,2026-07-29T16:49:02
7218868,2021-04-27,2021-05-11,,2026-07-29T16:49:03
7219362,2021-04-27,2021-04-27,,2026-07-29T16:49:03
7219948,2021-04-27,2023-09-29,,2026-07-29T16:49:05
7220111,2021-04-27,2021-08-11,,2026-07-29T16:49:05
7220137,2021-04-27,2021-06-16,,2026-07-29T16:49:05
7220337,2021-04-27,2024-07-20,,2026-07-29T16:49:06
7221076,2021-04-28,2026-08-16,,2026-08-17T04:14:58
7222476,2021-04-28,2021-05-07,,2026-07-29T16:49:07
7223277,2021-04-28,2022-05-28,,2026-07-29T16:49:09
7225886,2021-04-28,2021-07-07,,2026-07-29T16:49:09
7227625,2021-04-28,2023-09-03,,2026-07-29T16:49:10
7228610,2021-04-28,2022-05-13,,2026-07-29T16:49:10
7230683,2021-04-28,2021-05-31,,2026-07-29T16:49:11
7233779,2021-04-29,2022-02-14,,2026-07-29T16:49:12
7234118,2021-04-29,2023-05-21,,2026-07-29T16:49:15
7234210,2021-04-29,2022-07-05,,2026-07-29T16:49:15
7234560,2021-04-29,2021-10-15,,2026-07-29T16:49:18
7238314,2021-04-29,2021-05-14,,2026-07-29T16:49:19
7239612,2021-04-29,2021-07-22,,2026-07-29T16:49:24
7240247,2021-04-29,2025-12-18,,2026-08-02T10:03:37
7240603,2021-04-29,2022-01-03,,2026-07-29T16:49:59
7240890,2021-04-29,2021-04-29,,2026-07-29T16:49:59
7242807,2021-04-29,2025-04-25,,2026-07-29T16:50:00
7242875,2021-04-29,2026-08-20,,2026-08-22T04:10:49
7244018,2021-04-29,2021-04-30,,2026-07-29T16:50:00
7244057,2021-04-30,2024-07-30,,2026-07-29T16:50:00
7244074,2021-04-30,2024-10-19,,2026-07-29T16:50:00
7247360,2021-04-30,2021-08-23,,2026-07-29T16:50:00
7248160,2021-04-30,2026-08-24,,2026-08-25T05:06:46
7249044,2021-04-30,2021-09-17,,2026-07-29T16:50:00
7249102,2021-04-30,2023-08-13,,2026-07-29T16:50:01
7249365,2021-04-30,2021-05-05,,2026-07-29T16:50:01
7249408,2021-04-30,2022-03-03,,2026-07-29T16:50:01
7249410,2021-04-30,2021-05-10,,2026-07-29T16:50:01
7249562,2021-04-30,2023-05-06,,2026-07-29T16:50:01
7249631,2021-04-30,2021-12-03,,2026-07-29T16:50:01
7249732,2021-04-30,2021-05-01,,2026-07-29T16:50:02
7250649,2021-04-30,2021-06-04,,2026-07-29T16:50:02
7255230,2021-05-01,2026-06-19,,2026-07-29T16:50:02
7255625,2021-05-01,2021-11-16,,2026-07-29T16:50:02
7256078,2021-05-01,2022-07-03,,2026-07-29T16:50:02
7257376,2021-05-01,2021-05-07,,2026-07-29T16:50:02
7259550,2021-05-01,2021-11-17,,2026-07-29T16:50:02
7261276,2021-05-01,2026-07-08,,2026-07-29T16:50:03
7261698,2021-05-01,2023-09-18,,2026-07-29T16:50:03
7262259,2021-05-01,2022-01-18,,2026-07-29T16:50:03
7263340,2021-05-02,2025-08-31,,2026-07-29T16:50:03
7263977,2021-05-02,2023-08-26,,2026-07-29T16:50:03
7264280,2021-05-02,2022-01-29,,2026-07-29T16:50:03
7266560,2021-05-02,2024-04-02,,2026-07-29T16:50:03
7267150,2021-05-02,2025-03-07,,2026-07-29T16:50:04
7267348,2021-05-02,2021-06-08,,2026-07-29T16:50:04
7268510,2021-05-02,2021-06-27,,2026-07-29T16:50:04
7269035,2021-05-02,2023-11-01,,2026-07-29T16:50:04
7269461,2021-05-02,2022-06-30,,2026-07-29T16:50:04
7269898,2021-05-02,2021-05-02,,2026-07-29T16:50:04
7271274,2021-05-03,2021-05-09,,2026-07-29T16:50:04
7271546,2021-05-03,2022-09-06,,2026-07-29T16:50:04
7271937,2021-05-03,2021-05-27,,2026-07-29T16:50:05
7272614,2021-05-03,2026-08-10,,2026-08-12T04:15:01
7272750,2021-05-03,2021-08-12,,2026-07-29T16:50:05
7276660,2021-05-03,2026-07-05,,2026-07-29T16:50:05
7279511,2021-05-03,2023-04-02,,2026-07-29T16:50:05
7282384,2021-05-03,2021-05-13,,2026-07-29T16:50:05
7282483,2021-05-03,2021-12-22,,2026-07-29T16:50:06
7284450,2021-05-04,2021-06-01,,2026-07-29T16:50:06
7285896,2021-05-04,2025-12-17,,2026-07-29T16:50:06
7286569,2021-05-04,2021-05-04,,2026-07-29T16:50:06
7288053,2021-05-04,2021-09-05,,2026-07-29T16:50:06
7293055,2021-05-04,2026-07-13,,2026-07-29T16:50:06
7293552,2021-05-04,2021-05-04,,2026-07-29T16:50:06
7294372,2021-05-04,2024-02-01,,2026-07-29T16:50:07
7295865,2021-05-04,2022-07-06,,2026-07-29T16:50:07
7300922,2021-05-05,2021-12-14,,2026-07-29T16:50:07
7301370,2021-05-05,2022-06-15,,2026-07-29T16:50:07
7302585,2021-05-05,2021-07-06,,2026-07-29T16:50:07
7304363,2021-05-05,2021-10-08,,2026-07-29T16:50:07
7304654,2021-05-05,2021-07-31,,2026-07-29T16:50:07
7305487,2021-05-05,2021-06-02,,2026-07-29T16:50:08
7309683,2021-05-06,2024-10-06,,2026-07-29T16:50:08
7310935,2021-05-06,2026-03-02,,2026-07-29T16:50:08
7312715,2021-05-06,2021-05-13,,2026-07-29T16:50:08
7314190,2021-05-06,2023-05-13,,2026-07-29T16:50:08
7314507,2021-05-06,2025-03-31,,2026-07-29T16:50:08
7314715,2021-05-06,2026-08-11,,2026-08-12T05:10:33
7317660,2021-05-06,2021-12-03,,2026-07-29T16:50:09
7318233,2021-05-06,2026-08-02,,2026-08-04T06:02:03
7318258,2021-05-06,2022-11-16,,2026-07-29T16:50:09
7318298,2021-05-06,2022-02-02,,2026-07-29T16:50:09
7318337,2021-05-06,2021-05-10,,2026-07-29T16:50:09
7318386,2021-05-06,2026-01-31,,2026-07-29T16:50:10
7318835,2021-05-06,2026-07-19,,2026-07-29T16:50:10
7319887,2021-05-06,2026-08-19,,2026-08-21T04:17:32
7320277,2021-05-07,2021-07-14,,2026-07-29T16:50:10
7320448,2021-05-07,2021-05-20,,2026-07-29T16:50:10
7320782,2021-05-07,2021-05-15,,2026-07-29T16:50:10
7321216,2021-05-07,2023-07-10,,2026-07-29T16:50:10
7322098,2021-05-07,2021-05-07,,2026-07-29T16:50:10
7322149,2021-05-07,2021-06-27,,2026-07-29T16:50:11
7322698,2021-05-07,2021-05-07,,2026-07-29T16:50:11
7322772,2021-05-07,2021-05-07,,2026-07-29T16:50:11
7323624,2021-05-07,2021-09-02,,2026-07-29T16:50:11
7324266,2021-05-07,2021-05-15,,2026-07-29T16:50:11
7326500,2021-05-07,2021-07-22,,2026-07-29T16:50:12
7327054,2021-05-07,2022-06-28,,2026-07-29T16:50:12
7327369,2021-05-07,2022-09-28,,2026-07-29T16:50:12
7328032,2021-05-07,2021-09-26,,2026-07-29T16:50:12
7328722,2021-05-07,2025-06-27,,2026-07-29T16:50:12
7328789,2021-05-07,2022-04-11,,2026-07-29T16:50:12
7329117,2021-05-07,2026-08-25,,2026-08-25T04:06:43
7329264,2021-05-07,2023-05-10,,2026-07-29T16:50:13
7330094,2021-05-07,2022-03-11,,2026-07-29T16:50:13
7330127,2021-05-07,2023-03-27,,2026-07-29T16:50:13
7330378,2021-05-07,2025-04-20,,2026-07-29T16:50:13
7330670,2021-05-08,2026-08-24,,2026-08-24T14:08:48
7331645,2021-05-08,2026-05-24,,2026-08-06T08:00:28
7331788,2021-05-08,2021-05-21,,2026-07-29T16:50:14
7331810,2021-05-08,2021-05-18,,2026-07-29T16:50:46
7331949,2021-05-08,2025-09-02,,2026-07-29T16:50:46
7332179,2021-05-08,2021-05-09,,2026-07-29T16:50:46
7332787,2021-05-08,2022-03-27,,2026-07-29T16:50:59
7333128,2021-05-08,2021-05-08,,2026-07-29T16:50:59
7335356,2021-05-08,2021-05-08,,2026-07-29T16:51:00
7335568,2021-05-08,2022-04-08,,2026-07-29T16:51:00
7336521,2021-05-08,2025-05-07,,2026-07-29T16:51:01
7336564,2021-05-08,2021-06-17,,2026-07-29T16:51:01
7336934,2021-05-08,2021-09-15,,2026-07-29T16:51:01
7337023,2021-05-08,2021-05-08,,2026-07-29T16:51:02
7337407,2021-05-08,2021-12-20,,2026-07-29T16:51:02
7338327,2021-05-08,2023-11-08,,2026-07-29T16:51:02
7338416,2021-05-08,2023-03-29,,2026-07-29T16:51:03
7338460,2021-05-08,2021-05-08,,2026-07-29T16:51:03
7338534,2021-05-08,2021-05-08,,2026-07-29T16:51:04
7338555,2021-05-08,2022-04-18,,2026-07-29T16:51:04
7338587,2021-05-08,2025-11-18,,2026-07-29T16:51:04
7339206,2021-05-09,2021-06-01,,2026-07-29T16:51:04
7339337,2021-05-09,2026-05-20,,2026-07-29T16:51:05
7339340,2021-05-09,2021-07-23,,2026-07-29T16:51:05
7339356,2021-05-09,2021-12-04,,2026-07-29T16:51:05
7339576,2021-05-09,2021-05-09,,2026-07-29T16:51:05
7342270,2021-05-09,2021-05-09,,2026-07-29T16:51:05
7345831,2021-05-09,2021-07-09,,2026-07-29T16:51:06
7346353,2021-05-09,2025-09-09,,2026-07-29T16:51:06
7346709,2021-05-09,2022-03-20,,2026-07-29T16:51:07
7347417,2021-05-09,2021-07-15,,2026-07-29T16:51:08
7347998,2021-05-10,2021-05-19,,2026-07-29T16:51:07
7348247,2021-05-10,2023-05-28,,2026-07-29T16:51:07
7350764,2021-05-10,2022-01-20,,2026-07-29T16:51:08
7351031,2021-05-10,2022-03-05,,2026-07-29T16:51:08
7351201,2021-05-10,2023-08-17,,2026-07-29T16:51:08
7351621,2021-05-10,2021-05-11,,2026-07-29T16:51:09
7354659,2021-05-10,2023-02-13,,2026-07-29T16:51:09
7356092,2021-05-10,2025-11-20,,2026-07-29T16:51:10
7357346,2021-05-10,2021-09-29,,2026-07-29T16:51:09
7357376,2021-05-10,2021-07-10,,2026-07-29T16:51:10
7358157,2021-05-10,2021-05-10,,2026-07-29T16:51:10
7358683,2021-05-10,2023-07-27,,2026-07-29T16:51:10
7359267,2021-05-10,2021-05-21,,2026-07-29T16:51:10
7359730,2021-05-10,2021-10-13,,2026-07-29T16:51:10
7360318,2021-05-10,2021-05-10,,2026-07-29T16:51:10
7361049,2021-05-11,2022-03-18,,2026-07-29T16:51:10
7362778,2021-05-11,2022-04-11,,2026-07-29T16:51:10
7364015,2021-05-11,2021-05-11,,2026-07-29T16:51:11
7364541,2021-05-11,2026-05-01,,2026-07-29T16:51:11
7368696,2021-05-11,2022-08-10,,2026-07-29T16:51:11
7368766,2021-05-11,2021-05-11,,2026-07-29T16:51:11
7369982,2021-05-11,2022-09-26,,2026-07-29T16:51:11
7370320,2021-05-11,2023-04-07,,2026-07-29T16:51:11
7371508,2021-05-11,2021-12-28,,2026-07-29T16:51:12
7371641,2021-05-11,2024-01-07,,2026-07-29T16:51:12
7371784,2021-05-11,2021-05-28,,2026-07-29T16:51:12
7371822,2021-05-11,2023-05-11,,2026-07-29T16:51:12
7371869,2021-05-11,2021-06-08,,2026-07-29T16:51:14
7371929,2021-05-11,2021-05-11,,2026-07-29T16:51:14
7372085,2021-05-11,2021-08-10,,2026-07-29T16:51:14
7372319,2021-05-11,2021-12-08,,2026-07-29T16:51:14
7372346,2021-05-11,2021-08-04,,2026-07-29T16:51:14
7373262,2021-05-11,2021-06-14,,2026-07-29T16:51:15
7373364,2021-05-11,2021-06-06,,2026-07-29T16:51:15
7373444,2021-05-11,2026-06-29,,2026-07-29T16:51:15
7373488,2021-05-11,2022-10-10,,2026-07-29T16:51:15
7373624,2021-05-11,2022-03-14,,2026-07-29T16:51:16
7373679,2021-05-11,2021-05-22,,2026-07-29T16:51:16
7374331,2021-05-12,2023-10-12,,2026-07-29T16:51:16
7374706,2021-05-12,2026-08-20,,2026-08-22T04:12:51
7375104,2021-05-12,2021-05-12,,2026-07-29T16:51:17
7375194,2021-05-12,2021-05-12,,2026-07-29T16:51:18
7376088,2021-05-12,2026-07-12,,2026-07-29T16:51:18
7376116,2021-05-12,2021-05-14,,2026-07-29T16:51:18
7376829,2021-05-12,2021-05-12,,2026-07-29T16:51:19
7376835,2021-05-12,2021-05-12,,2026-07-29T16:51:19
7377011,2021-05-12,2021-11-14,,2026-08-16T10:03:31
7383060,2021-05-12,2021-05-12,,2026-07-29T16:51:20
7385163,2021-05-12,2025-07-14,,2026-07-29T16:51:21
7385716,2021-05-12,2021-06-30,,2026-07-29T16:51:21
7386101,2021-05-13,2021-07-14,,2026-07-29T16:51:21
7386149,2021-05-13,2026-08-24,,2026-08-24T20:02:38
7386808,2021-05-13,2021-05-13,,2026-07-29T16:51:21
7388511,2021-05-13,2026-07-26,,2026-07-29T16:51:21
7388610,2021-05-13,2026-05-15,,2026-07-29T16:51:21
7390152,2021-05-13,2021-05-13,,2026-07-29T16:51:21
7390439,2021-05-13,2021-09-08,,2026-07-29T16:51:23
7391554,2021-05-13,2021-07-24,,2026-07-29T16:51:23
7393244,2021-05-13,2021-09-02,,2026-07-29T16:51:23
7394160,2021-05-13,2024-05-09,,2026-07-29T16:51:24
7394430,2021-05-13,2024-10-28,,2026-07-29T16:51:24
7394533,2021-05-13,2021-08-27,,2026-07-29T16:51:24
7396967,2021-05-13,2026-08-18,,2026-08-19T05:01:21
7397101,2021-05-13,2021-05-13,,2026-07-29T16:51:24
7398661,2021-05-14,2024-02-04,,2026-07-29T16:51:24
7400125,2021-05-14,2021-05-15,,2026-07-29T16:51:24
7401449,2021-05-14,2022-03-05,,2026-07-29T16:51:24
7401520,2021-05-14,2022-01-14,,2026-07-29T16:51:26
7401636,2021-05-14,2023-09-03,,2026-07-29T16:51:26
7402577,2021-05-14,2021-05-14,,2026-07-29T16:51:26
7403267,2021-05-14,2021-06-23,,2026-07-29T16:51:26
7403686,2021-05-14,2024-06-01,,2026-07-29T16:51:26
7404592,2021-05-14,2021-08-17,,2026-07-29T16:51:26
7406196,2021-05-14,2025-05-20,,2026-07-29T16:51:26
7407323,2021-05-14,2025-03-12,,2026-07-29T16:51:26
7407920,2021-05-14,2021-05-14,,2026-07-29T16:52:11
7408088,2021-05-14,2024-01-16,,2026-07-29T16:52:12
7408943,2021-05-15,2023-04-23,,2026-07-29T16:52:13
7408988,2021-05-15,2024-02-19,,2026-07-29T16:52:14
7408989,2021-05-15,2021-06-10,,2026-07-29T16:52:15
7409850,2021-05-15,2021-05-15,,2026-07-29T16:52:15
7410589,2021-05-15,2021-05-23,,2026-07-29T16:52:16
7410629,2021-05-15,2021-10-13,,2026-07-29T16:52:16
7410757,2021-05-15,2021-05-15,,2026-07-29T16:52:16
7410911,2021-05-15,2023-03-01,,2026-07-29T16:52:16
7411436,2021-05-15,2022-01-12,,2026-07-29T16:52:17
7411710,2021-05-15,2023-10-03,,2026-07-29T16:52:17
7411745,2021-05-15,2021-05-15,,2026-07-29T16:52:17
7413058,2021-05-15,2022-10-02,,2026-07-29T16:52:17
7414298,2021-05-15,2025-05-03,,2026-07-29T16:52:17
7414883,2021-05-15,2021-05-16,,2026-07-29T16:52:18
7415495,2021-05-15,2024-08-18,,2026-07-29T16:52:18
7415542,2021-05-15,2024-01-25,,2026-07-29T16:52:18
7415939,2021-05-15,2021-06-19,,2026-07-29T16:52:18
7415984,2021-05-15,2021-10-04,,2026-07-29T16:52:19
7416123,2021-05-15,2021-09-09,,2026-07-29T16:52:19
7417402,2021-05-16,2021-09-11,,2026-07-29T16:52:19
7418024,2021-05-16,2026-08-21,,2026-08-23T04:11:31
7419763,2021-05-16,2023-08-21,,2026-07-29T16:52:19
7420011,2021-05-16,2021-05-16,,2026-07-29T16:52:20
7421580,2021-05-16,2021-05-16,,2026-07-29T16:52:20
7421646,2021-05-16,2021-05-16,,2026-07-29T16:52:20
7422276,2021-05-16,2021-08-16,,2026-07-29T16:52:20
7422803,2021-05-16,2021-05-16,,2026-07-29T16:52:21
7423004,2021-05-16,2024-05-03,,2026-07-29T16:52:21
7423194,2021-05-16,2026-06-28,,2026-07-29T16:52:21
7424094,2021-05-17,2021-06-03,,2026-08-16T10:10:32
7424346,2021-05-17,2021-12-13,,2026-07-29T16:52:21
7424673,2021-05-17,2022-03-23,,2026-07-29T16:52:22
7425232,2021-05-17,2022-04-28,,2026-07-29T16:52:22
7429226,2021-05-17,2021-09-24,,2026-07-29T16:52:23
7429570,2021-05-17,2021-05-17,,2026-07-29T16:52:22
7429880,2021-05-17,2021-05-21,,2026-07-29T16:52:22
7431289,2021-05-17,2026-07-26,,2026-07-29T16:52:22
7432410,2021-05-17,2024-11-10,,2026-07-29T16:52:22
7432606,2021-05-17,2021-05-17,,2026-07-29T16:52:24
7433071,2021-05-17,2021-12-22,,2026-07-29T16:52:23
7433340,2021-05-17,2026-08-13,,2026-08-15T04:15:22
7433681,2021-05-17,2021-05-17,,2026-07-29T16:52:24
7433899,2021-05-17,2021-05-17,,2026-07-29T16:52:24
7434103,2021-05-17,2021-06-04,,2026-07-29T16:52:24
7434244,2021-05-17,2021-05-17,,2026-07-29T16:52:24
7434479,2021-05-17,2026-05-26,,2026-07-29T16:52:25
7434843,2021-05-17,2021-05-17,,2026-07-29T16:52:25
7435386,2021-05-18,2021-08-30,,2026-07-29T16:52:25
7435599,2021-05-18,2026-06-23,,2026-07-29T17:07:56
7435607,2021-05-18,2021-05-18,,2026-07-29T16:52:25
7436233,2021-05-18,2024-01-19,,2026-07-29T16:52:25
7438202,2021-05-18,2021-06-18,,2026-07-29T16:52:25
7439444,2021-05-18,2026-08-22,,2026-08-24T04:11:03
7439826,2021-05-18,2021-05-18,,2026-07-29T16:52:26
7440049,2021-05-18,2021-05-28,,2026-07-29T16:52:26
7440212,2021-05-18,2021-05-18,,2026-07-29T16:52:26
7441376,2021-05-18,2021-06-04,,2026-07-29T16:52:26
7441468,2021-05-18,2024-02-21,,2026-07-29T16:52:26
7441607,2021-05-18,2021-05-18,,2026-07-29T16:52:27
7441748,2021-05-18,2026-08-15,,2026-08-17T04:12:49
7441935,2021-05-18,2022-02-17,,2026-07-29T16:52:27
7441996,2021-05-18,2025-04-21,,2026-07-29T16:52:27
7442599,2021-05-18,2021-05-18,,2026-07-29T16:52:27
7443602,2021-05-18,2025-10-31,,2026-07-29T16:52:27
7443768,2021-05-18,2021-05-18,,2026-07-29T16:52:28
7444018,2021-05-18,2023-09-29,,2026-07-29T16:52:28
7444027,2021-05-18,2021-11-16,,2026-07-29T16:52:28
7444205,2021-05-18,2021-09-23,,2026-07-29T16:52:29
7444284,2021-05-18,2026-03-29,,2026-07-29T16:52:29
7444319,2021-05-18,2026-08-22,,2026-08-24T06:01:32
7444486,2021-05-18,2026-02-14,,2026-07-29T16:52:29
7444512,2021-05-18,2021-05-18,,2026-07-29T16:52:29
7445302,2021-05-19,2021-09-06,,2026-07-29T16:52:30
7445878,2021-05-19,2021-05-19,,2026-07-29T16:52:30
7446282,2021-05-19,2021-07-11,,2026-07-29T16:52:30
7446431,2021-05-19,2021-05-19,,2026-07-29T16:52:30
7446530,2021-05-19,2021-12-13,,2026-07-29T16:52:30
7446791,2021-05-19,2026-02-27,,2026-07-29T16:52:30
7447042,2021-05-19,2021-11-05,,2026-07-29T16:52:31
7447047,2021-05-19,2021-06-24,,2026-07-29T16:52:31
7451200,2021-05-19,2021-05-19,,2026-07-29T16:52:31
7453381,2021-05-19,2021-05-19,,2026-07-29T16:52:31
7453580,2021-05-19,2021-05-29,,2026-07-29T16:52:31
7454355,2021-05-19,2021-05-19,,2026-07-29T16:52:31
7454443,2021-05-19,2022-01-01,,2026-07-29T16:52:31
7454514,2021-05-19,2024-09-18,,2026-07-29T16:52:32
7454795,2021-05-19,2021-12-16,,2026-07-29T16:52:32
7455133,2021-05-19,2025-11-03,,2026-07-29T16:52:32
7455292,2021-05-19,2021-05-19,,2026-07-29T16:52:32
7455479,2021-05-19,2024-08-27,,2026-07-29T16:52:32
7455564,2021-05-19,2021-06-09,,2026-07-29T16:52:32
7455691,2021-05-19,2021-07-06,,2026-07-29T16:52:33
7455889,2021-05-19,2022-06-29,,2026-07-29T16:52:33
7456457,2021-05-20,2023-08-27,,2026-07-29T16:52:33
7456787,2021-05-20,2025-07-27,,2026-07-29T16:52:33
7456899,2021-05-20,2023-02-18,,2026-07-29T16:52:33
7457081,2021-05-20,2026-08-13,,2026-08-14T05:11:30
7458356,2021-05-20,2022-01-04,,2026-07-29T16:53:12
7458972,2021-05-20,2021-05-22,,2026-07-29T16:53:13
7460091,2021-05-20,2024-11-03,,2026-07-29T16:53:14
7460119,2021-05-20,2025-02-02,,2026-07-29T16:53:14
7461038,2021-05-20,2021-10-14,,2026-07-29T16:53:16
7461931,2021-05-20,2021-05-20,,2026-07-29T16:53:18
7462477,2021-05-20,2021-06-11,,2026-07-29T16:53:22
7462506,2021-05-20,2025-02-26,,2026-07-29T16:53:24
7463190,2021-05-20,2026-07-22,,2026-07-29T17:07:54
7463691,2021-05-20,2021-05-20,,2026-07-29T16:53:26
7464085,2021-05-20,2022-04-25,,2026-07-29T16:53:27
7464380,2021-05-20,2022-09-10,,2026-07-29T16:53:30
7465293,2021-05-20,2021-05-20,,2026-07-29T16:53:32
7465304,2021-05-20,2021-09-20,,2026-07-29T16:53:29
7465415,2021-05-20,2021-06-28,,2026-07-29T16:53:30
7465455,2021-05-20,2026-02-23,,2026-07-29T16:53:31
7465774,2021-05-20,2021-06-01,,2026-07-29T16:53:32
7465798,2021-05-20,2023-10-17,,2026-07-29T16:53:31
7466023,2021-05-20,2022-01-16,,2026-07-29T16:53:32
7466056,2021-05-20,2026-08-13,,2026-08-15T05:08:53
7466302,2021-05-20,2021-05-20,,2026-07-29T16:53:35
7466406,2021-05-20,2021-05-20,,2026-07-29T16:53:36
7467058,2021-05-21,2022-05-25,,2026-07-29T16:53:36
7467298,2021-05-21,2021-09-28,,2026-07-29T16:53:36
7467514,2021-05-21,2021-11-29,,2026-07-29T16:53:37
7467578,2021-05-21,2024-12-02,,2026-07-29T16:53:37
7467857,2021-05-21,2021-05-21,,2026-07-29T16:53:37
7467968,2021-05-21,2021-06-22,,2026-07-29T16:53:38
7468617,2021-05-21,2024-04-11,,2026-07-29T16:53:38
7470809,2021-05-21,2021-12-07,,2026-07-29T16:53:38
7471971,2021-05-21,2024-10-14,,2026-07-29T16:53:38
7472379,2021-05-21,2021-10-21,,2026-07-29T16:53:39
7472454,2021-05-21,2021-05-21,,2026-07-29T16:53:40
7472776,2021-05-21,2025-04-02,,2026-07-29T16:53:41
7473270,2021-05-21,2025-09-26,,2026-07-29T16:53:39
7473952,2021-05-21,2022-04-05,,2026-07-29T16:53:40
7474953,2021-05-21,2021-09-13,,2026-07-29T16:53:40
7476029,2021-05-22,2021-05-22,,2026-07-29T16:53:40
7476319,2021-05-22,2026-05-27,,2026-07-29T16:53:40
7476336,2021-05-22,2021-05-22,,2026-07-29T16:53:40
7476424,2021-05-22,2026-03-18,,2026-07-29T16:53:41
7476893,2021-05-22,2021-07-01,,2026-07-29T16:53:41
7477563,2021-05-22,2021-11-19,,2026-07-29T16:53:41
7480042,2021-05-22,2021-05-22,,2026-07-29T16:53:41
7480055,2021-05-22,2023-03-04,,2026-07-29T16:53:41
7481230,2021-05-22,2021-06-04,,2026-07-29T16:53:42
7481469,2021-05-22,2021-08-30,,2026-07-29T16:53:42
7482485,2021-05-23,2021-05-23,,2026-07-29T16:53:42
7482564,2021-05-23,2022-05-23,,2026-07-29T16:53:42
7483539,2021-05-23,2022-01-03,,2026-07-29T16:53:44
7483740,2021-05-23,2021-06-21,,2026-07-29T16:53:43
7483777,2021-05-23,2023-07-18,,2026-07-29T16:53:44
7483783,2021-05-23,2021-07-16,,2026-07-29T16:53:43
7484183,2021-05-23,2025-05-22,,2026-07-29T16:53:44
7484468,2021-05-23,2021-05-23,,2026-07-29T16:53:44
7485270,2021-05-23,2021-05-23,,2026-07-29T16:53:44
7485374,2021-05-23,2022-07-14,,2026-07-29T16:53:44
7485639,2021-05-23,2021-05-23,,2026-07-29T16:53:44
7486950,2021-05-23,2021-05-23,,2026-07-29T16:53:45
7487175,2021-05-23,2021-09-06,,2026-07-29T16:53:45
7487211,2021-05-23,2021-05-27,,2026-07-29T16:53:45
7487275,2021-05-23,2022-02-03,,2026-07-29T16:53:47
7488387,2021-05-24,2021-06-07,,2026-07-29T16:53:45
7488684,2021-05-24,2025-01-22,,2026-07-29T16:53:46
7488814,2021-05-24,2021-08-04,,2026-07-29T16:53:46
7488836,2021-05-24,2021-10-09,,2026-07-29T16:53:46
7488988,2021-05-24,2026-05-05,,2026-07-29T16:53:46
7490566,2021-05-24,2022-04-15,,2026-07-29T16:53:47
7491203,2021-05-24,2025-07-07,,2026-07-29T16:53:47
7491221,2021-05-24,2021-05-24,,2026-07-29T16:53:47
7491600,2021-05-24,2021-12-30,,2026-07-29T16:53:47
7492679,2021-05-24,2026-02-15,,2026-07-29T16:53:47
7494354,2021-05-24,2025-03-12,,2026-07-29T16:53:49
7494409,2021-05-24,2023-11-20,,2026-07-29T16:53:49
7495362,2021-05-24,2025-05-13,,2026-07-29T16:53:49
7495487,2021-05-24,2021-05-31,,2026-07-29T16:53:49
7495541,2021-05-24,2021-07-22,,2026-07-29T16:53:49
7497042,2021-05-24,2021-08-01,,2026-07-29T16:53:49
7497953,2021-05-25,2021-06-28,,2026-07-29T16:53:49
7498400,2021-05-25,2025-10-26,,2026-07-29T16:53:50
7498483,2021-05-25,2022-05-27,,2026-07-29T16:53:50
7498674,2021-05-25,2022-05-27,,2026-07-29T16:53:50
7498822,2021-05-25,2022-03-23,,2026-07-29T16:53:50
7499196,2021-05-25,2021-05-25,,2026-07-29T16:53:50
7500160,2021-05-25,2021-12-31,,2026-07-29T16:53:51
7503888,2021-05-25,2023-04-14,,2026-07-29T16:53:51
7505302,2021-05-25,2021-05-25,,2026-07-29T16:53:51
7505455,2021-05-25,2022-01-03,,2026-07-29T16:53:51
7505964,2021-05-25,2021-06-02,,2026-07-29T16:53:51
7506045,2021-05-25,2021-06-03,,2026-07-29T16:53:52
7506200,2021-05-25,2021-06-05,,2026-07-29T16:53:52
7506544,2021-05-25,2021-11-13,,2026-07-29T16:53:52
7506769,2021-05-25,2021-11-09,,2026-07-29T16:53:52
7506936,2021-05-25,2026-02-24,,2026-07-29T16:53:53
7506995,2021-05-25,2021-07-14,,2026-07-29T16:53:53
7507433,2021-05-25,2022-05-06,,2026-08-16T10:08:06
7507439,2021-05-25,2021-06-02,,2026-07-29T16:53:53
7509133,2021-05-26,2023-03-20,,2026-07-29T16:53:54
7509755,2021-05-26,2021-05-26,,2026-07-29T16:53:54
7512043,2021-05-26,2026-08-19,,2026-08-21T04:11:34
7513997,2021-05-26,2021-05-26,,2026-07-29T16:53:54
7514868,2021-05-26,2022-10-03,,2026-07-29T16:53:54
7515589,2021-05-26,2022-02-28,,2026-07-29T16:53:55
7515774,2021-05-26,2021-12-05,,2026-07-29T16:53:55
7516227,2021-05-26,2021-05-28,,2026-07-29T16:53:55
7516440,2021-05-26,2021-07-04,,2026-07-29T16:53:55
7516886,2021-05-26,2021-09-06,,2026-07-29T16:53:55
7517785,2021-05-26,2021-05-28,,2026-07-29T16:53:55
7518724,2021-05-27,2021-08-05,,2026-07-29T16:53:56
7519035,2021-05-27,2023-07-05,,2026-07-29T16:53:56
7522479,2021-05-27,2022-03-10,,2026-07-29T16:53:56
7524995,2021-05-27,2021-05-31,,2026-07-29T16:53:56
7527217,2021-05-27,2026-08-16,,2026-08-18T04:07:53
7527334,2021-05-27,2021-06-03,,2026-07-29T16:53:57
7527619,2021-05-27,2022-07-27,,2026-07-29T16:53:57
7527953,2021-05-28,2023-08-24,,2026-07-29T16:53:59
7530352,2021-05-28,2022-12-07,,2026-08-16T10:03:31
7530711,2021-05-28,2021-06-04,,2026-07-29T16:53:59
7532038,2021-05-28,2021-05-28,,2026-07-29T16:53:59
7533062,2021-05-28,2021-11-02,,2026-07-29T16:53:59
7533606,2021-05-28,2022-06-04,,2026-07-29T16:53:59
7533610,2021-05-28,2021-07-18,,2026-07-29T16:53:59
7534540,2021-05-28,2021-05-28,,2026-07-29T16:53:59
7534659,2021-05-28,2021-08-21,,2026-07-29T16:53:59
7536037,2021-05-28,2021-05-28,,2026-07-29T16:53:59
7536216,2021-05-28,2021-11-01,,2026-07-29T16:53:59
7537226,2021-05-29,2021-05-29,,2026-07-29T16:53:59
7537236,2021-05-29,2021-10-27,,2026-07-29T16:53:59
7537270,2021-05-29,2021-05-29,,2026-07-29T16:53:59
7537619,2021-05-29,2023-07-20,,2026-07-29T16:53:59
7537633,2021-05-29,2025-07-05,,2026-07-29T16:54:00
7537943,2021-05-29,2025-04-30,,2026-07-29T16:54:00
7538468,2021-05-29,2022-01-04,,2026-07-29T16:54:00
7538683,2021-05-29,2021-07-19,,2026-07-29T16:54:00
7539637,2021-05-29,2021-06-08,,2026-07-29T16:54:00
7539764,2021-05-29,2021-05-29,,2026-07-29T16:54:00
7541861,2021-05-29,2021-05-29,,2026-07-29T16:54:01
7542950,2021-05-30,2022-08-24,,2026-07-29T16:54:01
7543217,2021-05-30,2021-05-30,,2026-07-29T16:54:01
7543560,2021-05-30,2021-06-22,,2026-07-29T16:54:01
7544390,2021-05-30,2021-10-25,,2026-07-29T16:54:01
7546658,2021-05-30,2021-06-14,,2026-07-29T16:54:01
7547877,2021-05-30,2025-04-11,,2026-07-29T16:54:02
7549144,2021-05-30,2026-08-24,,2026-08-24T22:33:33
7550390,2021-05-31,2021-06-01,,2026-07-29T16:54:03
7551073,2021-05-31,2026-08-14,,2026-08-16T04:14:10
7551312,2021-05-31,2021-07-19,,2026-07-29T16:54:03
7554655,2021-05-31,2021-06-08,,2026-07-29T16:54:04
7556151,2021-05-31,2021-07-03,,2026-07-29T16:54:04
7557391,2021-06-01,2023-06-15,,2026-07-29T16:54:04
7558494,2021-06-01,2021-06-01,,2026-07-29T16:54:04
7558584,2021-06-01,2026-08-19,,2026-08-21T07:16:01
7562012,2021-06-01,2022-12-07,,2026-07-29T16:54:04
7563392,2021-06-01,2026-05-29,,2026-07-29T16:54:05
7563886,2021-06-01,2021-06-06,,2026-07-29T16:54:05
7564078,2021-06-01,2026-04-17,,2026-07-29T16:54:05
7564680,2021-06-01,2022-03-08,,2026-07-29T16:54:05
7564815,2021-06-01,2021-06-01,,2026-07-29T16:54:05
7564821,2021-06-01,2021-08-26,,2026-07-29T16:54:06
7565350,2021-06-01,2021-11-28,,2026-07-29T16:54:06
7565392,2021-06-01,2022-09-29,,2026-07-29T16:54:06
7565619,2021-06-01,2025-06-10,,2026-07-29T16:54:06
7566125,2021-06-01,2021-07-15,,2026-07-29T16:54:06
7566585,2021-06-01,2022-07-13,,2026-07-29T16:54:07
7567354,2021-06-01,2021-06-01,,2026-07-29T16:54:07
7569551,2021-06-02,2022-04-23,,2026-07-29T16:54:07
7570467,2021-06-02,2021-06-28,,2026-07-29T16:54:07
7572297,2021-06-02,2022-05-24,,2026-07-29T16:54:08
7574993,2021-06-02,2025-12-29,,2026-07-29T16:54:08
7575488,2021-06-02,2023-04-03,,2026-08-10T10:02:03
7578248,2021-06-03,2026-08-25,,2026-08-25T00:22:37
7580541,2021-06-03,2021-06-03,,2026-07-29T16:54:10
7583346,2021-06-03,2021-12-30,,2026-07-29T16:54:10
7584419,2021-06-03,2023-10-13,,2026-07-29T16:54:11
7586269,2021-06-03,2021-06-22,,2026-07-29T16:54:11
7587238,2021-06-03,2023-11-13,,2026-07-29T16:54:12
7587896,2021-06-04,2021-06-05,,2026-07-29T16:54:12
7587932,2021-06-04,2026-08-10,,2026-08-11T04:14:31
7588957,2021-06-04,2023-10-31,,2026-07-29T16:54:13
7592452,2021-06-04,2026-08-16,,2026-08-17T04:14:54
7592961,2021-06-04,2021-10-05,,2026-07-29T16:54:14
7594861,2021-06-04,2021-10-22,,2026-07-29T16:54:14
7596364,2021-06-04,2021-07-07,,2026-07-29T16:54:14
7598956,2021-06-05,2021-06-05,,2026-07-29T16:54:15
7599804,2021-06-05,2026-01-27,,2026-07-29T16:54:15
7599819,2021-06-05,2023-07-01,,2026-07-29T16:54:15
7600498,2021-06-05,2021-09-02,,2026-07-29T16:54:16
7600715,2021-06-05,2021-06-20,,2026-07-29T16:54:17
7601402,2021-06-05,2022-07-06,,2026-07-29T16:54:17
7604503,2021-06-06,2021-10-17,,2026-07-29T16:54:19
7607480,2021-06-06,2021-06-06,,2026-07-29T16:54:20
7609231,2021-06-07,2023-02-05,,2026-07-29T16:54:22
7610319,2021-06-07,2022-04-27,,2026-07-29T16:54:23
7611778,2021-06-07,2021-12-07,,2026-07-29T16:54:25
7612229,2021-06-07,2023-05-31,,2026-07-29T16:54:26
7615174,2021-06-07,2024-11-20,,2026-07-29T16:54:27
7615378,2021-06-07,2021-09-14,,2026-07-29T16:54:29
7616033,2021-06-07,2022-06-20,,2026-07-29T16:54:29
7616035,2021-06-07,2025-07-09,,2026-07-29T16:55:19
7616336,2021-06-07,2021-06-07,,2026-07-29T16:55:19
7617066,2021-06-07,2022-07-05,,2026-07-29T16:55:20
7618109,2021-06-07,2025-06-11,,2026-07-29T16:55:20
7619037,2021-06-07,2021-10-18,,2026-07-29T16:55:20
7621842,2021-06-08,2025-01-22,,2026-07-29T16:55:20
7622217,2021-06-08,2021-09-20,,2026-07-29T16:55:20
7622676,2021-06-08,2021-06-08,,2026-07-29T16:55:20
7627673,2021-06-08,2022-04-16,,2026-07-29T16:55:20
7629233,2021-06-08,2021-07-12,,2026-07-29T16:55:20
7629352,2021-06-08,2021-06-12,,2026-07-29T16:55:20
7629900,2021-06-08,2022-08-15,,2026-07-29T16:55:21
7630251,2021-06-09,2021-06-30,,2026-07-29T16:55:21
7630290,2021-06-09,2021-06-09,,2026-07-29T16:55:22
7630442,2021-06-09,2021-06-09,,2026-07-29T16:55:22
7631053,2021-06-09,2021-06-09,,2026-07-29T16:55:22
7631381,2021-06-09,2023-03-08,,2026-07-29T16:55:22
7637688,2021-06-09,2021-06-23,,2026-07-29T16:55:22
7637721,2021-06-09,2024-09-10,,2026-07-29T16:55:22
7639140,2021-06-09,2022-09-24,,2026-07-29T16:55:23
7639526,2021-06-09,2023-12-17,,2026-07-29T16:55:23
7640588,2021-06-10,2022-08-04,,2026-07-29T16:55:23
7641183,2021-06-10,2025-09-01,,2026-07-29T16:55:23
7643293,2021-06-10,2022-07-01,,2026-08-10T10:02:03
7644574,2021-06-10,2021-06-10,,2026-07-29T16:55:24
7645131,2021-06-10,2022-06-26,,2026-07-29T16:55:24
7645672,2021-06-10,2021-07-02,,2026-07-29T16:55:24
7646768,2021-06-10,2021-06-10,,2026-07-29T16:55:25
7649304,2021-06-10,2022-06-08,,2026-07-29T16:55:24
7649578,2021-06-11,2022-08-11,,2026-07-29T16:55:24
7651248,2021-06-11,2022-07-01,,2026-07-29T16:55:25
7653370,2021-06-11,2022-08-09,,2026-07-29T16:55:25
7655583,2021-06-11,2023-06-26,,2026-07-29T16:55:25
7655623,2021-06-11,2021-06-11,,2026-07-29T16:55:25
7657832,2021-06-11,2022-03-09,,2026-07-29T16:55:26
7660601,2021-06-12,2023-12-28,,2026-07-29T16:55:26
7660731,2021-06-12,2021-06-12,,2026-07-29T16:55:26
7663918,2021-06-12,2021-06-12,,2026-07-29T16:55:26
7664788,2021-06-12,2021-12-14,,2026-07-29T16:55:26
7664832,2021-06-12,2021-07-03,,2026-07-29T16:55:26
7668585,2021-06-13,2021-12-11,,2026-07-29T16:55:26
7670975,2021-06-13,2024-01-08,,2026-07-29T16:55:27
7671057,2021-06-13,2021-06-13,,2026-07-29T16:55:26
7671791,2021-06-14,2022-02-27,,2026-07-29T16:55:27
7672178,2021-06-14,2024-03-06,,2026-07-29T16:55:27
7675596,2021-06-14,2022-02-26,,2026-07-29T16:55:27
7675962,2021-06-14,2021-06-14,,2026-07-29T16:55:27
7676169,2021-06-14,2021-09-03,,2026-07-29T16:55:27
7679287,2021-06-14,2022-11-01,,2026-07-29T16:55:28
7680640,2021-06-15,2026-07-15,,2026-07-29T16:55:28
7681948,2021-06-15,2021-09-23,,2026-07-29T16:55:28
7682184,2021-06-15,2021-06-15,,2026-07-29T16:55:29
7684872,2021-06-15,2021-08-30,,2026-07-29T16:55:28
7685418,2021-06-15,2021-07-30,,2026-07-29T16:55:28
7688382,2021-06-15,2021-09-24,,2026-07-29T16:55:30
7688829,2021-06-15,2024-03-12,,2026-07-29T16:55:28
7688852,2021-06-15,2023-08-31,,2026-08-10T10:02:03
7690573,2021-06-16,2021-07-22,,2026-07-29T16:55:29
7692712,2021-06-16,2026-06-10,,2026-07-29T16:55:30
7693733,2021-06-16,2024-09-18,,2026-07-29T16:55:30
7695370,2021-06-16,2021-07-15,,2026-07-29T16:55:30
7695672,2021-06-16,2021-06-16,,2026-07-29T16:55:30
7695699,2021-06-16,2025-06-12,,2026-07-29T16:55:30
7696259,2021-06-16,2021-07-20,,2026-07-29T16:55:30
7696492,2021-06-16,2022-12-13,,2026-07-29T16:55:30
7697952,2021-06-17,2023-11-25,,2026-07-29T16:55:31
7698712,2021-06-17,2021-08-05,,2026-07-29T16:55:31
7698881,2021-06-17,2021-08-24,,2026-07-29T16:55:31
7701898,2021-06-17,2022-01-10,,2026-07-29T16:55:31
7702962,2021-06-17,2026-02-06,,2026-07-29T16:55:33
7702964,2021-06-17,2021-09-16,,2026-07-29T16:55:32
7703229,2021-06-17,2021-07-14,,2026-07-29T16:55:32
7703233,2021-06-17,2021-06-17,,2026-07-29T16:55:32
7703707,2021-06-17,2026-08-13,,2026-08-15T05:07:29
7704489,2021-06-17,2021-07-05,,2026-07-29T16:55:32
7704596,2021-06-17,2021-06-17,,2026-07-29T16:55:33
7704894,2021-06-17,2026-08-23,,2026-08-24T05:07:20
7706467,2021-06-18,2021-06-18,,2026-07-29T16:55:34
7707483,2021-06-18,2021-08-18,,2026-07-29T16:55:34
7707524,2021-06-18,2023-03-18,,2026-07-29T16:55:35
7707881,2021-06-18,2022-09-21,,2026-07-29T16:55:35
7710157,2021-06-18,2023-06-23,,2026-07-29T16:55:35
7710274,2021-06-18,2021-09-07,,2026-07-29T16:55:35
7711298,2021-06-18,2021-06-26,,2026-07-29T16:55:35
7711897,2021-06-18,2021-11-05,,2026-07-29T16:55:35
7712538,2021-06-18,2023-11-14,,2026-07-29T16:55:35
7712671,2021-06-18,2023-09-06,,2026-07-29T16:55:35
7713656,2021-06-18,2023-03-24,,2026-07-29T16:55:35
7713955,2021-06-18,2025-03-03,,2026-07-29T16:55:36
7715487,2021-06-19,2021-06-19,,2026-07-29T16:55:35
7715653,2021-06-19,2022-07-20,,2026-07-29T16:55:36
7715939,2021-06-19,2022-06-20,,2026-07-29T16:55:36
7716516,2021-06-19,2022-11-30,,2026-07-29T16:55:37
7718870,2021-06-19,2022-05-06,,2026-07-29T16:55:37
7719306,2021-06-19,2026-03-13,,2026-07-29T16:55:36
7719362,2021-06-19,2021-07-01,,2026-07-29T16:55:37
7719980,2021-06-19,2021-08-12,,2026-07-29T16:55:36
7720053,2021-06-19,2026-03-10,,2026-07-29T16:55:36
7720465,2021-06-20,2021-06-20,,2026-07-29T16:56:00
7720488,2021-06-20,2023-02-22,,2026-07-29T16:56:01
7721134,2021-06-20,2022-02-20,,2026-07-29T16:56:00
7721629,2021-06-20,2021-07-08,,2026-07-29T16:56:01
7724591,2021-06-20,2024-07-26,,2026-07-29T16:56:01
7724848,2021-06-20,2021-10-27,,2026-07-29T16:56:01
7726426,2021-06-21,2022-06-16,,2026-07-29T16:56:01
7726581,2021-06-21,2024-05-30,,2026-07-29T16:56:02
7727940,2021-06-21,2026-08-20,,2026-08-22T07:13:09
7730519,2021-06-21,2021-06-21,,2026-07-29T16:56:01
7731445,2021-06-21,2021-06-25,,2026-07-29T16:56:02
7731988,2021-06-21,2021-06-22,,2026-07-29T16:56:02
7735434,2021-06-21,2022-05-04,,2026-07-29T16:56:02
7736003,2021-06-21,2021-06-21,,2026-07-29T16:56:02
7736344,2021-06-22,2021-07-01,,2026-07-29T16:56:02
7736357,2021-06-22,2021-11-01,,2026-07-29T16:56:03
7737813,2021-06-22,2023-05-08,,2026-07-29T16:56:03
7738587,2021-06-22,2026-06-21,,2026-07-29T16:56:03
7739453,2021-06-22,2026-05-19,,2026-07-29T16:56:03
7741847,2021-06-22,2021-06-22,,2026-07-29T16:56:03
7742456,2021-06-22,2026-03-13,,2026-08-16T10:04:20
7744095,2021-06-22,2022-04-06,,2026-07-29T16:56:03
7746933,2021-06-23,2022-03-04,,2026-07-29T16:56:04
7747098,2021-06-23,2023-10-03,,2026-07-29T16:56:04
7747237,2021-06-23,2026-06-28,,2026-07-29T16:56:04
7747480,2021-06-23,2025-05-09,,2026-07-29T16:56:07
7747584,2021-06-23,2025-07-27,,2026-07-29T16:56:04
7749333,2021-06-23,2021-06-23,,2026-07-29T16:56:04
7749612,2021-06-23,2021-07-30,,2026-07-29T16:56:05
7749681,2021-06-23,2024-09-10,,2026-07-29T16:56:05
7751236,2021-06-23,2022-06-05,,2026-07-29T16:56:05
7751839,2021-06-23,2022-02-10,,2026-07-29T16:56:05
7770409,2021-06-23,2023-12-06,,2026-07-29T16:56:05
7773785,2021-06-24,2022-06-02,,2026-07-29T16:56:05
7776847,2021-06-24,2026-07-23,,2026-07-29T16:56:06
7781911,2021-06-24,2021-06-24,,2026-07-29T16:56:06
7787123,2021-06-24,2026-05-15,,2026-07-29T16:56:06
7788332,2021-06-24,2021-08-30,,2026-07-29T16:56:07
7794891,2021-06-24,2023-09-15,,2026-07-29T16:56:06
7795375,2021-06-24,2022-01-05,,2026-07-29T16:56:06
7798922,2021-06-24,2023-09-15,,2026-07-29T16:56:07
7800243,2021-06-24,2022-11-11,,2026-07-29T16:56:07
7804758,2021-06-25,2021-06-25,,2026-07-29T16:56:07
7807215,2021-06-25,2025-02-18,,2026-07-29T16:56:07
7811275,2021-06-25,2025-06-15,,2026-07-29T16:56:07
7812288,2021-06-25,2021-06-25,,2026-07-29T16:56:07
7812659,2021-06-25,2021-12-16,,2026-07-29T16:56:08
7813529,2021-06-25,2026-05-21,,2026-07-29T16:56:08
7817405,2021-06-26,2021-06-26,,2026-07-29T16:56:08
7819940,2021-06-26,2021-07-07,,2026-07-29T16:56:08
7822676,2021-06-26,2025-12-02,,2026-07-29T16:56:08
7823131,2021-06-26,2023-08-12,,2026-08-16T10:04:10
7823641,2021-06-26,2022-08-02,,2026-07-29T16:56:09
7824609,2021-06-26,2023-05-17,,2026-07-29T16:56:09
7825363,2021-06-26,2021-10-19,,2026-07-29T16:56:09
7825477,2021-06-26,2022-02-05,,2026-07-29T16:56:09
7825925,2021-06-26,2026-07-28,,2026-07-30T05:08:26
7827013,2021-06-26,2021-06-26,,2026-07-29T16:56:10
7828923,2021-06-27,2025-12-17,,2026-07-29T16:56:10
7829171,2021-06-27,2026-08-23,,2026-08-23T16:59:21
7830940,2021-06-27,2026-08-10,,2026-08-12T04:16:20
7832854,2021-06-27,2022-03-06,,2026-07-29T16:56:10
7833588,2021-06-27,2026-08-14,,2026-08-16T07:10:43
7833788,2021-06-27,2022-02-11,,2026-07-29T16:56:11
7833926,2021-06-27,2021-06-27,,2026-07-29T16:56:11
7833937,2021-06-27,2021-06-27,,2026-07-29T16:56:11
7834805,2021-06-27,2024-11-09,,2026-07-29T16:56:12
7834952,2021-06-27,2024-05-14,,2026-07-29T16:56:11
7835151,2021-06-27,2021-06-27,,2026-07-29T16:56:11
7835416,2021-06-27,2023-05-01,,2026-07-29T16:56:12
7838342,2021-06-28,2024-03-08,,2026-07-29T16:56:12
7839068,2021-06-28,2021-08-04,,2026-07-29T16:56:12
7842924,2021-06-28,2021-09-08,,2026-07-29T16:56:12
7844189,2021-06-28,2026-07-30,,2026-08-01T04:24:24
7844350,2021-06-28,2021-06-28,,2026-07-29T16:56:13
7844641,2021-06-28,2023-04-11,,2026-07-29T16:56:13
7844656,2021-06-28,2021-06-28,,2026-07-29T16:56:13
7845972,2021-06-28,2023-01-21,,2026-07-29T16:56:13
7847069,2021-06-28,2022-03-16,,2026-07-29T16:56:13
7847085,2021-06-28,2023-07-14,,2026-07-29T16:56:13
7847162,2021-06-28,2026-07-04,,2026-07-29T16:56:14
7847581,2021-06-28,2025-07-29,,2026-07-29T16:56:14
7847866,2021-06-29,2026-07-16,,2026-07-29T16:56:14
7848829,2021-06-29,2024-02-12,,2026-07-29T16:56:14
7849341,2021-06-29,2025-07-20,,2026-07-29T16:56:14
7852925,2021-06-29,2022-06-04,,2026-07-29T16:56:14
7853106,2021-06-29,2021-07-30,,2026-07-29T16:56:15
7853467,2021-06-29,2022-10-25,,2026-07-29T16:56:15
7855216,2021-06-29,2022-10-17,,2026-07-29T16:56:15
7856308,2021-06-29,2022-03-16,,2026-07-29T16:56:15
7856505,2021-06-29,2021-09-07,,2026-07-29T16:56:15
7856570,2021-06-29,2021-07-09,,2026-07-29T16:56:15
7857198,2021-06-29,2022-05-30,,2026-07-29T16:56:15
7857482,2021-06-29,2021-06-29,,2026-07-29T16:56:16
7858537,2021-06-29,2021-11-19,,2026-07-29T16:56:16
7859194,2021-06-29,2021-10-15,,2026-07-29T16:56:17
7859514,2021-06-30,2022-12-27,,2026-07-29T16:56:17
7860140,2021-06-30,2026-03-22,,2026-07-29T16:56:16
7861157,2021-06-30,2022-06-28,,2026-07-29T16:56:16
7861320,2021-06-30,2026-06-19,,2026-07-29T16:56:17
7861355,2021-06-30,2021-11-05,,2026-07-29T16:56:17
7862761,2021-06-30,2021-06-30,,2026-07-29T16:56:17
7863523,2021-06-30,2021-07-05,,2026-07-29T16:56:17
7863944,2021-06-30,2021-06-30,,2026-07-29T16:56:17
7866550,2021-06-30,2022-05-31,,2026-07-29T16:56:18
7866728,2021-06-30,2021-07-09,,2026-07-29T16:56:18
7867587,2021-06-30,2021-06-30,,2026-07-29T16:56:18
7871754,2021-06-30,2022-01-20,,2026-07-29T16:56:18
7874774,2021-06-30,2025-11-09,,2026-07-29T16:56:18
7874867,2021-06-30,2022-07-20,,2026-07-29T16:56:18
7876124,2021-06-30,2022-11-27,,2026-07-29T16:56:19
7877397,2021-06-30,2022-11-01,,2026-07-29T16:56:19
7877929,2021-07-01,2021-07-08,,2026-07-29T16:56:19
7886252,2021-07-01,2026-07-01,,2026-07-29T16:56:19
7887383,2021-07-01,2022-06-03,,2026-07-29T16:56:19
7888646,2021-07-01,2021-12-12,,2026-07-29T16:56:19
7891956,2021-07-01,2024-01-22,,2026-07-29T16:56:20
7891991,2021-07-01,2021-10-04,,2026-07-29T16:57:02
7894062,2021-07-01,2021-07-02,,2026-07-29T16:57:02
7895538,2021-07-01,2025-01-15,,2026-07-29T16:57:02
7896071,2021-07-01,2026-07-31,,2026-08-02T05:08:22
7896419,2021-07-01,2021-07-01,,2026-08-14T15:06:25
7896613,2021-07-01,2025-07-25,,2026-07-29T16:57:03
7896624,2021-07-01,2023-01-21,,2026-07-29T16:57:03
7896758,2021-07-01,2025-08-21,,2026-07-29T16:57:04
7897107,2021-07-01,2021-09-16,,2026-07-29T16:57:03
7898343,2021-07-01,2021-07-11,,2026-07-29T16:57:03
7898964,2021-07-02,2021-12-27,,2026-07-29T16:57:04
7900737,2021-07-02,2023-12-27,,2026-07-29T16:57:04
7904035,2021-07-02,2022-09-10,,2026-07-29T16:57:04
7905692,2021-07-02,2022-04-22,,2026-07-29T16:57:05
7906389,2021-07-02,2026-06-06,,2026-07-29T16:57:04
7906648,2021-07-02,2024-11-13,,2026-07-29T16:57:04
7906747,2021-07-02,2021-07-13,,2026-07-29T16:57:05
7908675,2021-07-02,2023-04-17,,2026-07-29T16:57:05
7913696,2021-07-03,2022-03-25,,2026-07-29T16:57:06
7913747,2021-07-03,2024-08-05,,2026-07-29T16:57:06
7914183,2021-07-03,2022-08-29,,2026-07-29T16:57:06
7916673,2021-07-03,2021-08-20,,2026-07-29T16:57:06
7917311,2021-07-03,2022-04-17,,2026-07-29T16:57:07
7917446,2021-07-03,2023-05-28,,2026-07-29T16:57:06
7920415,2021-07-03,2023-11-30,,2026-07-29T16:57:07
7921695,2021-07-04,2021-08-01,,2026-07-29T16:57:07
7922709,2021-07-04,2022-01-08,,2026-07-29T16:57:07
7925359,2021-07-04,2021-07-04,,2026-07-29T16:57:07
7925527,2021-07-04,2022-10-21,,2026-07-29T16:57:07
7925868,2021-07-04,2023-11-02,,2026-07-29T16:57:07
7925905,2021-07-04,2026-08-11,,2026-08-12T05:11:29
7925949,2021-07-04,2021-07-19,,2026-07-29T16:57:08
7925956,2021-07-04,2023-09-13,,2026-07-29T16:57:08
7925962,2021-07-04,2021-07-04,,2026-07-29T16:57:08
7926000,2021-07-04,2025-08-04,,2026-07-29T16:57:08
7926088,2021-07-04,2021-11-10,,2026-07-29T16:57:08
7926203,2021-07-04,2021-07-08,,2026-07-29T16:57:09
7926233,2021-07-04,2023-09-05,,2026-07-29T16:57:09
7926283,2021-07-04,2023-12-11,,2026-07-29T16:57:10
7926337,2021-07-04,2022-07-24,,2026-07-29T16:57:10
7926405,2021-07-04,2021-09-29,,2026-07-29T16:57:11
7926605,2021-07-04,2021-09-08,,2026-07-29T16:57:11
7926712,2021-07-04,2021-07-04,,2026-07-29T16:57:11
7926991,2021-07-04,2024-05-26,,2026-07-29T16:57:11
7927305,2021-07-04,2021-07-09,,2026-07-29T16:57:12
7927409,2021-07-04,2022-11-19,,2026-07-29T16:57:12
7927637,2021-07-04,2026-01-28,,2026-07-29T16:57:12
7927963,2021-07-04,2024-10-17,,2026-07-29T16:57:12
7928447,2021-07-04,2021-07-12,,2026-07-29T16:57:13
7928900,2021-07-05,2023-11-15,,2026-07-29T16:57:13
7929126,2021-07-05,2021-07-05,,2026-07-29T16:57:13
7929133,2021-07-05,2022-04-05,,2026-07-29T16:57:14
7929144,2021-07-05,2022-10-24,,2026-07-29T16:57:15
7929193,2021-07-05,2022-01-30,,2026-07-29T16:57:15
7929195,2021-07-05,2025-07-01,,2026-07-29T16:57:15
7929223,2021-07-05,2021-07-05,,2026-07-29T16:57:15
7929689,2021-07-05,2021-10-27,,2026-07-29T16:57:16
7929793,2021-07-05,2022-01-17,,2026-07-29T16:57:15
7930228,2021-07-05,2024-11-12,,2026-07-29T16:57:16
7930403,2021-07-05,2021-07-05,,2026-07-29T16:57:16
7930563,2021-07-05,2024-01-18,,2026-07-29T16:57:16
7931062,2021-07-05,2021-07-05,,2026-07-29T16:57:16
7931299,2021-07-05,2021-07-05,,2026-07-29T16:57:16
7931529,2021-07-05,2021-07-16,,2026-07-29T16:57:17
7935709,2021-07-05,2023-08-19,,2026-07-29T16:57:17
7937425,2021-07-05,2021-07-05,,2026-07-29T16:57:18
7937893,2021-07-05,2024-06-07,,2026-07-29T16:57:18
7938969,2021-07-05,2021-11-30,,2026-07-29T16:57:18
7939612,2021-07-05,2023-05-19,,2026-07-29T16:57:18
7939879,2021-07-05,2022-06-17,,2026-07-29T16:57:18
7940494,2021-07-06,2023-10-08,,2026-07-29T16:57:19
7941007,2021-07-06,2021-11-26,,2026-07-29T16:57:19
7941214,2021-07-06,2024-05-15,,2026-07-29T16:57:19
7942037,2021-07-06,2021-11-18,,2026-07-29T16:57:19
7942405,2021-07-06,2021-12-24,,2026-07-29T16:57:20
7945414,2021-07-06,2022-07-15,,2026-07-29T16:57:20
7946235,2021-07-06,2022-07-19,,2026-07-29T16:57:20
7951775,2021-07-07,2024-12-26,,2026-07-29T16:57:20
7952162,2021-07-07,2022-05-20,,2026-07-29T16:57:20
7952413,2021-07-07,2021-07-09,,2026-07-29T16:57:21
7952821,2021-07-07,2024-06-23,,2026-07-29T16:57:21
7953053,2021-07-07,2021-07-30,,2026-07-29T16:57:22
7954494,2021-07-07,2022-09-25,,2026-07-29T16:57:21
7955099,2021-07-07,2021-07-07,,2026-07-29T16:57:22
7959399,2021-07-07,2021-10-03,,2026-07-29T16:57:22
7960325,2021-07-07,2024-01-25,,2026-07-29T16:57:22
7960493,2021-07-07,2026-08-24,,2026-08-24T23:53:58
7962259,2021-07-07,2022-06-09,,2026-07-29T16:57:22
7964072,2021-07-08,2022-05-26,,2026-07-29T16:57:23
7965497,2021-07-08,2025-03-16,,2026-07-29T16:57:23
7966437,2021-07-08,2021-07-18,,2026-07-29T16:57:23
7967335,2021-07-08,2025-03-15,,2026-07-29T16:57:23
7967637,2021-07-08,2023-04-14,,2026-07-29T16:57:24
7967640,2021-07-08,2025-04-11,,2026-07-29T16:57:24
7967713,2021-07-08,2022-12-22,,2026-07-29T16:57:24
7967790,2021-07-08,2026-02-02,,2026-07-29T16:57:24
7968182,2021-07-08,2026-08-18,,2026-08-20T05:11:30
7968378,2021-07-08,2022-04-16,,2026-07-29T16:57:40
7970780,2021-07-08,2022-04-25,,2026-07-29T16:57:40
7971799,2021-07-08,2021-07-15,,2026-07-29T16:57:40
7972644,2021-07-08,2021-07-13,,2026-07-29T16:57:40
7973984,2021-07-09,2021-09-06,,2026-07-29T16:57:43
7974108,2021-07-09,2023-03-10,,2026-07-29T16:57:40
7974213,2021-07-09,2021-08-22,,2026-07-29T16:57:41
7974420,2021-07-09,2021-08-06,,2026-07-29T16:57:42
7974777,2021-07-09,2021-12-01,,2026-07-29T16:57:43
7975555,2021-07-09,2022-02-19,,2026-07-29T16:57:42
7976731,2021-07-09,2022-07-07,,2026-07-29T16:57:43
7978834,2021-07-09,2023-01-19,,2026-07-29T16:57:42
7978912,2021-07-09,2024-05-09,,2026-07-29T16:57:43
7979802,2021-07-09,2022-08-30,,2026-07-29T16:57:43
7980482,2021-07-09,2023-09-30,,2026-07-29T16:57:44
7981145,2021-07-09,2021-10-13,,2026-07-29T16:57:44
7981522,2021-07-09,2022-02-06,,2026-07-29T16:57:44
7983745,2021-07-10,2021-10-17,,2026-07-29T16:57:44
7984316,2021-07-10,2021-11-16,,2026-07-29T16:57:45
7987512,2021-07-10,2021-07-11,,2026-07-29T16:57:45
7988001,2021-07-10,2026-01-18,,2026-07-29T16:57:46
7988990,2021-07-11,2026-08-19,,2026-08-21T05:06:57
7992611,2021-07-11,2023-07-22,,2026-07-29T16:57:47
7992882,2021-07-11,2025-04-14,,2026-07-29T16:57:48
7993620,2021-07-11,2022-07-18,,2026-07-29T16:57:48
7993984,2021-07-12,2023-04-10,,2026-07-29T16:57:49
7994265,2021-07-12,2022-03-02,,2026-07-29T16:57:49
7994273,2021-07-12,2022-01-27,,2026-07-29T16:57:49
7994520,2021-07-12,2021-08-23,,2026-07-29T16:57:49
7995242,2021-07-12,2022-10-02,,2026-07-29T16:57:50
7996026,2021-07-12,2026-04-14,,2026-07-29T16:57:49
7996342,2021-07-12,2021-12-17,,2026-07-29T16:57:50
7996500,2021-07-12,2022-03-14,,2026-07-29T16:57:50
7999596,2021-07-12,2026-05-03,,2026-07-29T16:57:50
7999741,2021-07-12,2022-04-19,,2026-07-29T16:57:50
8001237,2021-07-12,2022-04-11,,2026-07-29T16:57:51
8001923,2021-07-12,2022-09-30,,2026-07-29T16:57:51
8002146,2021-07-12,2026-06-10,,2026-07-29T16:57:52
8002209,2021-07-12,2021-11-02,,2026-07-29T16:57:52
8002309,2021-07-12,2021-10-11,,2026-07-29T16:57:52
8002883,2021-07-12,2022-06-03,,2026-07-29T16:57:53
8002948,2021-07-13,2021-11-28,,2026-07-29T16:57:54
8002991,2021-07-13,2021-07-13,,2026-07-29T16:57:54
8003690,2021-07-13,2021-09-28,,2026-07-29T16:57:54
8003706,2021-07-13,2022-11-07,,2026-07-29T16:57:56
8007099,2021-07-13,2021-08-27,,2026-07-29T16:57:57
8008053,2021-07-13,2022-08-25,,2026-07-29T16:57:59
8008817,2021-07-13,2022-06-03,,2026-07-29T16:58:00
8009668,2021-07-13,2021-07-16,,2026-07-29T16:58:00
8013841,2021-07-14,2023-09-18,,2026-07-29T16:58:01
8018568,2021-07-14,2022-05-11,,2026-07-29T16:58:01
8019671,2021-07-14,2021-12-29,,2026-07-29T16:58:01
8020308,2021-07-14,2026-08-24,,2026-08-24T02:01:54
8020918,2021-07-14,2024-01-14,,2026-07-29T16:58:02
8022613,2021-07-15,2021-07-15,,2026-07-29T16:58:02
8027119,2021-07-15,2022-12-23,,2026-07-29T16:58:02
8031945,2021-07-15,2021-12-13,,2026-08-10T10:02:03
8032520,2021-07-16,2022-10-07,,2026-07-29T16:58:03
8035334,2021-07-16,2021-08-02,,2026-07-29T16:58:03
8036175,2021-07-16,2026-07-20,,2026-07-29T16:58:04
8038573,2021-07-16,2022-01-24,,2026-07-29T16:58:04
8040565,2021-07-17,2021-12-05,,2026-07-29T16:58:04
8041043,2021-07-17,2022-08-15,,2026-07-29T16:58:05
8043181,2021-07-17,2021-07-17,,2026-07-29T16:58:06
8043421,2021-07-17,2021-11-05,,2026-07-29T16:58:06
8044307,2021-07-17,2021-08-09,,2026-07-29T16:58:06
8044326,2021-07-17,2024-01-15,,2026-07-29T16:58:06
8046226,2021-07-17,2022-01-13,,2026-07-29T16:58:06
8046992,2021-07-18,2024-01-30,,2026-07-29T16:58:06
8049304,2021-07-18,2022-05-04,,2026-07-29T16:58:06
8049310,2021-07-18,2026-01-05,,2026-07-29T16:58:06
8049761,2021-07-18,2021-08-11,,2026-07-29T16:58:07
8049805,2021-07-18,2026-08-23,,2026-08-25T05:05:09
8050760,2021-07-18,2021-12-28,,2026-07-29T16:58:07
8051918,2021-07-19,2022-09-20,,2026-07-29T16:58:08
8057437,2021-07-19,2021-09-29,,2026-07-29T16:58:08
8058306,2021-07-19,2021-07-26,,2026-07-29T16:58:08
8059348,2021-07-19,2022-03-01,,2026-07-29T16:58:08
8060057,2021-07-19,2022-04-13,,2026-07-29T16:58:09
8062125,2021-07-20,2021-07-24,,2026-07-29T16:58:09
8068084,2021-07-20,2022-06-09,,2026-07-29T16:58:09
8068495,2021-07-20,2021-07-22,,2026-07-29T16:58:10
8068936,2021-07-20,2021-10-08,,2026-07-29T16:58:10
8070142,2021-07-20,2023-05-17,,2026-07-29T16:58:10
8071376,2021-07-21,2021-07-22,,2026-07-29T16:58:10
8075411,2021-07-21,2021-09-01,,2026-07-29T16:58:10
8075452,2021-07-21,2022-01-24,,2026-07-29T16:58:10
8075512,2021-07-21,2021-09-28,,2026-07-29T16:58:10
8078242,2021-07-21,2021-11-07,,2026-07-29T16:58:11
8079600,2021-07-21,2025-01-08,,2026-07-29T16:58:11
8080413,2021-07-22,2021-12-21,,2026-07-29T16:58:11
8080644,2021-07-22,2022-01-06,,2026-07-29T16:58:11
8082808,2021-07-22,2021-07-22,,2026-07-29T16:58:12
8085373,2021-07-22,2021-07-22,,2026-07-29T16:58:12
8086862,2021-07-22,2024-08-24,,2026-07-29T16:58:12
8087062,2021-07-22,2021-08-17,,2026-07-29T16:58:12
8089240,2021-07-22,2021-09-18,,2026-07-29T16:58:13
8090419,2021-07-23,2023-04-02,,2026-07-29T16:58:13
8091204,2021-07-23,2023-03-16,,2026-07-29T16:58:13
8098628,2021-07-24,2026-08-01,,2026-08-03T04:13:11
8103374,2021-07-24,2021-09-08,,2026-07-29T16:58:51
8103781,2021-07-24,2021-07-24,,2026-07-29T16:58:52
8104849,2021-07-24,2022-04-30,,2026-07-29T16:58:51
8109999,2021-07-25,2022-01-20,,2026-07-29T16:58:51
8110899,2021-07-26,2024-08-27,,2026-07-29T16:58:52
8112261,2021-07-26,2022-01-29,,2026-07-29T16:58:52
8113314,2021-07-26,2022-03-31,,2026-07-29T16:58:52
8114426,2021-07-26,2023-01-20,,2026-07-29T16:58:52
8117639,2021-07-26,2021-07-27,,2026-07-29T16:58:53
8119310,2021-07-26,2026-04-22,,2026-07-29T16:58:53
8119341,2021-07-26,2021-09-28,,2026-07-29T16:58:53
8123168,2021-07-27,2024-06-21,,2026-07-29T16:58:54
8123428,2021-07-27,2022-04-04,,2026-07-29T16:58:54
8125402,2021-07-27,2021-08-01,,2026-07-29T16:58:55
8128824,2021-07-27,2023-05-26,,2026-07-29T16:58:55
8129182,2021-07-27,2021-12-09,,2026-07-29T16:58:55
8130636,2021-07-28,2026-08-09,,2026-08-11T04:10:02
8136020,2021-07-28,2021-12-07,,2026-07-29T16:58:56
8138130,2021-07-28,2023-07-22,,2026-07-29T16:58:57
8145611,2021-07-29,2022-04-29,,2026-07-29T16:58:56
8146423,2021-07-29,2021-09-19,,2026-07-29T16:58:57
8146795,2021-07-29,2022-04-15,,2026-07-29T16:58:57
8147239,2021-07-29,2021-08-07,,2026-07-29T16:58:57
8147747,2021-07-29,2025-09-15,,2026-07-29T16:58:58
8147803,2021-07-29,2021-07-29,,2026-07-29T16:58:58
8149194,2021-07-30,2022-02-17,,2026-07-29T16:58:59
8149825,2021-07-30,2022-06-08,,2026-07-29T16:58:59
8154508,2021-07-30,2021-09-06,,2026-07-29T16:58:59
8155056,2021-07-30,2021-10-07,,2026-07-29T16:58:59
8156484,2021-07-30,2026-08-19,,2026-08-21T05:08:57
8157161,2021-07-30,2021-10-03,,2026-07-29T16:58:59
8165405,2021-08-01,2021-12-14,,2026-07-29T16:58:59
8166084,2021-08-01,2021-08-22,,2026-07-29T16:58:59
8168364,2021-08-01,2021-09-14,,2026-07-29T16:59:00
8168898,2021-08-01,2021-08-09,,2026-07-29T16:59:00
8169240,2021-08-01,2021-08-22,,2026-07-29T16:59:00
8173707,2021-08-02,2022-05-02,,2026-07-29T16:59:01
8174150,2021-08-02,2022-07-05,,2026-07-29T16:59:00
8177844,2021-08-02,2026-08-14,,2026-08-16T07:16:32
8178495,2021-08-02,2024-06-18,,2026-07-29T16:59:02
8178649,2021-08-02,2021-11-09,,2026-07-29T16:59:02
8182883,2021-08-03,2021-11-25,,2026-07-29T16:59:03
8187874,2021-08-03,2021-11-15,,2026-07-29T16:59:03
8189569,2021-08-03,2022-09-26,,2026-07-29T16:59:03
8191611,2021-08-04,2026-06-17,,2026-07-29T16:59:04
8191978,2021-08-04,2025-11-11,,2026-07-29T16:59:04
8192243,2021-08-04,2022-05-28,,2026-07-29T16:59:04
8193541,2021-08-04,2026-08-17,,2026-08-19T04:17:13
8194942,2021-08-04,2022-07-05,,2026-07-29T16:59:05
8194965,2021-08-04,2021-08-09,,2026-07-29T16:59:05
8195041,2021-08-04,2022-12-05,,2026-07-29T16:59:06
8195981,2021-08-04,2021-11-28,,2026-07-29T16:59:06
8196476,2021-08-04,2021-11-24,,2026-07-29T16:59:06
8196617,2021-08-04,2021-08-04,,2026-07-29T16:59:06
8196743,2021-08-04,2025-11-13,,2026-07-29T16:59:07
8199715,2021-08-05,2021-08-05,,2026-07-29T16:59:07
8199953,2021-08-05,2022-02-07,,2026-07-29T16:59:08
8200635,2021-08-05,2026-04-06,,2026-07-29T16:59:07
8201391,2021-08-05,2021-08-05,,2026-07-29T16:59:08
8205211,2021-08-05,2022-01-31,,2026-07-29T16:59:09
8205258,2021-08-05,2024-01-15,,2026-07-29T16:59:09
8208224,2021-08-05,2026-06-26,,2026-07-29T16:59:09
8208357,2021-08-05,2021-08-05,,2026-07-29T16:59:10
8208401,2021-08-05,2021-08-05,,2026-07-29T16:59:11
8210283,2021-08-06,2021-11-02,,2026-07-29T16:59:09
8218610,2021-08-07,2021-09-09,,2026-07-29T16:59:10
8222552,2021-08-07,2021-11-16,,2026-07-29T16:59:11
8223711,2021-08-07,2025-02-02,,2026-07-29T16:59:10
8225346,2021-08-08,2021-09-23,,2026-07-29T16:59:10
8226051,2021-08-08,2023-09-22,,2026-07-29T16:59:11
8226731,2021-08-08,2021-08-12,,2026-07-29T16:59:12
8226998,2021-08-08,2023-10-30,,2026-07-29T16:59:12
8228348,2021-08-08,2021-08-08,,2026-07-29T16:59:12
8229164,2021-08-08,2023-07-05,,2026-07-29T16:59:12
8229553,2021-08-08,2021-08-09,,2026-07-29T16:59:13
8229727,2021-08-08,2021-09-24,,2026-07-29T16:59:13
8234601,2021-08-09,2021-08-09,,2026-07-29T16:59:13
8236940,2021-08-09,2021-09-13,,2026-07-29T16:59:13
8240691,2021-08-10,2021-11-07,,2026-07-29T16:59:24
8244415,2021-08-10,2021-09-11,,2026-07-29T16:59:24
8245206,2021-08-10,2022-03-12,,2026-07-29T16:59:25
8245764,2021-08-10,2021-08-10,,2026-07-29T16:59:25
8245996,2021-08-10,2021-09-19,,2026-07-29T16:59:25
8247936,2021-08-10,2026-07-09,,2026-07-29T16:59:26
8248617,2021-08-10,2022-09-02,,2026-07-29T16:59:25
8249371,2021-08-10,2022-03-10,,2026-07-29T16:59:26
8267994,2021-08-12,2023-11-05,,2026-07-29T16:59:26
8269789,2021-08-12,2023-05-05,,2026-07-29T16:59:26
8270141,2021-08-12,2026-08-01,,2026-08-04T07:04:04
8270788,2021-08-12,2025-11-05,,2026-07-29T16:59:28
8272442,2021-08-13,2021-08-13,,2026-07-29T16:59:27
8276010,2021-08-13,2022-09-07,,2026-07-29T16:59:27
8284618,2021-08-14,2026-06-24,,2026-07-29T16:59:29
8286212,2021-08-14,2021-08-30,,2026-07-29T16:59:28
8287350,2021-08-15,2024-03-15,,2026-07-29T16:59:28
8287847,2021-08-15,2021-08-26,,2026-07-29T16:59:28
8295044,2021-08-16,2022-10-02,,2026-07-29T16:59:29
8295357,2021-08-16,2023-05-07,,2026-07-29T16:59:29
8309498,2021-08-17,2026-05-05,,2026-07-29T16:59:30
8310625,2021-08-17,2021-08-17,,2026-07-29T16:59:29
8311761,2021-08-17,2021-08-17,,2026-07-29T16:59:30
8314544,2021-08-17,2021-08-18,,2026-07-29T16:59:30
8316573,2021-08-18,2026-05-06,,2026-07-29T16:59:30
8322444,2021-08-18,2021-11-04,,2026-07-29T16:59:31
8322483,2021-08-18,2024-02-28,,2026-07-29T16:59:31
8324504,2021-08-18,2021-10-01,,2026-07-29T16:59:31
8325510,2021-08-19,2021-08-19,,2026-07-29T16:59:31
8326389,2021-08-19,2026-07-21,,2026-07-29T16:59:32
8330662,2021-08-19,2021-08-19,,2026-07-29T16:59:32
8332193,2021-08-19,2022-05-24,,2026-07-29T16:59:32
8333983,2021-08-19,2022-06-16,,2026-07-29T16:59:32
8334318,2021-08-19,2022-02-18,,2026-07-29T16:59:32
8335321,2021-08-20,2024-08-31,,2026-07-29T16:59:32
8338177,2021-08-20,2021-08-20,,2026-07-29T16:59:33
8339404,2021-08-20,2022-04-20,,2026-07-29T16:59:33
8339713,2021-08-20,2021-08-20,,2026-07-29T16:59:33
8339757,2021-08-20,2021-08-23,,2026-07-29T16:59:34
8340566,2021-08-20,2021-08-24,,2026-07-29T16:59:34
8341069,2021-08-20,2022-03-29,,2026-07-29T16:59:34
8344124,2021-08-21,2021-10-23,,2026-07-29T16:59:36
8344406,2021-08-21,2025-06-27,,2026-07-29T16:59:36
8345773,2021-08-21,2021-12-02,,2026-07-29T16:59:35
8348096,2021-08-21,2022-03-18,,2026-07-29T16:59:36
8348805,2021-08-21,2024-09-11,,2026-07-29T16:59:36
8349195,2021-08-21,2022-12-09,,2026-07-29T16:59:37
8351302,2021-08-22,2021-12-28,,2026-07-29T16:59:36
8355546,2021-08-22,2021-10-01,,2026-07-29T16:59:37
8355891,2021-08-22,2026-05-12,,2026-07-29T16:59:40
8356669,2021-08-23,2021-08-23,,2026-07-29T16:59:37
8361820,2021-08-23,2021-10-08,,2026-07-29T16:59:37
8362072,2021-08-23,2023-07-15,,2026-07-29T16:59:37
8362996,2021-08-23,2024-07-03,,2026-07-29T16:59:38
8363526,2021-08-23,2021-08-27,,2026-07-29T16:59:38
8364003,2021-08-23,2021-09-16,,2026-07-29T16:59:38
8365213,2021-08-23,2022-10-13,,2026-07-29T16:59:38
8365473,2021-08-23,2022-05-31,,2026-07-29T16:59:38
8365990,2021-08-23,2021-11-07,,2026-07-29T16:59:39
8366098,2021-08-23,2021-08-23,,2026-07-29T16:59:39
8366442,2021-08-23,2025-03-20,,2026-07-29T16:59:39
8369269,2021-08-24,2021-08-24,,2026-07-29T16:59:39
8370778,2021-08-24,2024-04-17,,2026-07-29T16:59:39
8371937,2021-08-24,2021-08-24,,2026-07-29T16:59:39
8373739,2021-08-24,2022-07-06,,2026-07-29T16:59:40
8376589,2021-08-24,2021-08-30,,2026-07-29T16:59:40
8377878,2021-08-24,2021-11-09,,2026-07-29T16:59:40
8382677,2021-08-25,2021-08-25,,2026-07-29T16:59:41
8384743,2021-08-25,2021-08-25,,2026-07-29T16:59:41
8385891,2021-08-25,2023-01-04,,2026-07-29T16:59:42
8386557,2021-08-25,2021-09-02,,2026-07-29T16:59:42
8386664,2021-08-25,2022-06-28,,2026-07-29T16:59:42
8387712,2021-08-25,2021-08-25,,2026-07-29T16:59:42
8387858,2021-08-25,2024-10-24,,2026-07-29T16:59:43
8388411,2021-08-25,2021-11-15,,2026-07-29T16:59:43
8388907,2021-08-26,2022-04-29,,2026-07-29T16:59:43
8388937,2021-08-26,2021-08-26,,2026-07-29T16:59:43
8390065,2021-08-26,2021-10-25,,2026-07-29T16:59:43
8390187,2021-08-26,2021-09-10,,2026-07-29T16:59:44
8393590,2021-08-26,2026-06-19,,2026-07-29T16:59:47
8393938,2021-08-26,2022-01-11,,2026-07-29T16:59:44
8394772,2021-08-26,2026-08-20,,2026-08-22T04:16:56
8395244,2021-08-26,2021-09-18,,2026-07-29T16:59:45
8395638,2021-08-26,2022-05-27,,2026-07-29T16:59:45
8397761,2021-08-26,2021-08-27,,2026-07-29T16:59:45
8399059,2021-08-27,2023-04-03,,2026-07-29T16:59:45
8399306,2021-08-27,2022-12-31,,2026-07-29T16:59:45
8404110,2021-08-27,2021-11-30,,2026-07-29T16:59:45
8409351,2021-08-28,2022-08-04,,2026-07-29T16:59:47
8412777,2021-08-28,2026-07-28,,2026-07-30T05:03:26
8414466,2021-08-28,2021-12-03,,2026-07-29T17:00:19
8415166,2021-08-29,2021-08-29,,2026-07-29T17:00:20
8415932,2021-08-29,2024-04-30,,2026-07-29T17:00:21
8419278,2021-08-29,2025-11-28,,2026-07-29T17:00:23
8420871,2021-08-29,2023-05-14,,2026-07-29T17:00:23
8422101,2021-08-29,2021-09-06,,2026-07-29T17:00:22
8422156,2021-08-29,2025-11-20,,2026-07-29T17:00:22
8422277,2021-08-30,2024-06-09,,2026-07-29T17:00:23
8422572,2021-08-30,2021-09-14,,2026-07-29T17:00:23
8423000,2021-08-30,2022-01-08,,2026-07-29T17:00:23
8423292,2021-08-30,2021-09-04,,2026-07-29T17:00:24
8425981,2021-08-30,2023-05-19,,2026-07-29T17:00:24
8426775,2021-08-30,2021-10-21,,2026-07-29T17:00:24
8429992,2021-08-30,2021-09-10,,2026-07-29T17:00:25
8431765,2021-08-30,2024-02-20,,2026-07-29T17:00:26
8434035,2021-08-31,2026-02-05,,2026-07-29T17:00:25
8434770,2021-08-31,2025-02-02,,2026-07-29T17:00:27
8441327,2021-08-31,2021-09-01,,2026-07-29T17:00:26
8445132,2021-09-01,2021-09-01,,2026-07-29T17:00:27
8445536,2021-09-01,2023-08-06,,2026-07-29T17:00:28
8445926,2021-09-01,2021-09-11,,2026-07-29T17:00:28
8449319,2021-09-01,2023-07-07,,2026-07-29T17:00:29
8449672,2021-09-01,2021-09-02,,2026-07-29T17:00:28
8451044,2021-09-01,2025-04-15,,2026-07-29T17:00:29
8454161,2021-09-01,2024-11-03,,2026-08-16T10:04:26
8455664,2021-09-02,2022-07-10,,2026-07-29T17:00:29
8455692,2021-09-02,2024-06-23,,2026-08-16T10:03:31
8463344,2021-09-02,2026-05-16,,2026-07-29T17:00:31
8464707,2021-09-02,2022-05-05,,2026-07-29T17:00:31
8465288,2021-09-02,2022-05-31,,2026-07-29T17:00:31
8465407,2021-09-02,2022-02-21,,2026-07-29T17:00:31
8465553,2021-09-02,2022-09-06,,2026-07-29T17:00:31
8465741,2021-09-02,2022-01-03,,2026-07-29T17:00:31
8467313,2021-09-03,2021-10-19,,2026-07-29T17:00:33
8472560,2021-09-03,2021-11-20,,2026-07-29T17:00:33
8473103,2021-09-03,2021-10-23,,2026-07-29T17:00:32
8474129,2021-09-03,2021-11-25,,2026-07-29T17:00:33
8476698,2021-09-04,2026-06-29,,2026-07-29T17:00:33
8482196,2021-09-04,2022-04-29,,2026-07-29T17:00:33
8482323,2021-09-04,2022-03-05,,2026-07-29T17:00:34
8483279,2021-09-04,2022-07-19,,2026-07-29T17:00:34
8483552,2021-09-04,2021-12-03,,2026-07-29T17:00:34
8484103,2021-09-05,2026-02-22,,2026-07-29T17:00:35
8484594,2021-09-05,2022-06-18,,2026-07-29T17:00:35
8485258,2021-09-05,2021-10-07,,2026-07-29T17:00:35
8486750,2021-09-05,2022-08-03,,2026-07-29T17:00:36
8487091,2021-09-05,2021-09-06,,2026-07-29T17:00:37
8487470,2021-09-05,2024-01-05,,2026-07-29T17:00:37
8488170,2021-09-05,2026-03-01,,2026-07-29T17:00:37
8488212,2021-09-05,2025-11-10,,2026-07-29T17:00:37
8489261,2021-09-05,2022-10-11,,2026-07-29T17:00:37
8490392,2021-09-06,2021-09-06,,2026-07-29T17:00:37
8493144,2021-09-06,2022-05-06,,2026-07-29T17:00:38
8493404,2021-09-06,2022-01-23,,2026-07-29T17:00:38
8501710,2021-09-07,2024-05-01,,2026-07-29T17:00:38
8501764,2021-09-07,2024-07-11,,2026-07-29T17:00:38
8502721,2021-09-07,2025-09-09,,2026-07-29T17:00:39
8506655,2021-09-07,2026-08-24,,2026-08-24T16:01:18
8507162,2021-09-07,2023-05-19,,2026-07-29T17:00:39
8509335,2021-09-07,2021-10-01,,2026-07-29T17:00:40
8510523,2021-09-07,2021-10-22,,2026-07-29T17:00:39
8512414,2021-09-08,2022-02-17,,2026-07-29T17:00:40
8513512,2021-09-08,2022-03-28,,2026-07-29T17:00:40
8514091,2021-09-08,2021-11-13,,2026-07-29T17:00:40
8520925,2021-09-08,2025-06-25,,2026-07-29T17:00:41
8522519,2021-09-08,2022-01-14,,2026-07-29T17:00:41
8525817,2021-09-09,2024-02-21,,2026-07-29T17:00:42
8536877,2021-09-10,2021-09-24,,2026-07-29T17:00:42
8537369,2021-09-10,2022-01-12,,2026-07-29T17:00:42
8540490,2021-09-10,2022-06-28,,2026-07-29T17:00:42
8546916,2021-09-10,2023-10-01,,2026-07-29T17:00:43
8550825,2021-09-11,2021-09-11,,2026-07-29T17:00:42
8553455,2021-09-11,2021-12-02,,2026-07-29T17:00:43
8554084,2021-09-11,2022-03-15,,2026-07-29T17:00:43
8555624,2021-09-11,2021-09-11,,2026-07-29T17:00:43
8556275,2021-09-12,2024-05-21,,2026-07-29T17:00:44
8557208,2021-09-12,2026-08-23,,2026-08-25T04:05:41
8559797,2021-09-12,2021-09-12,,2026-07-29T17:00:44
8561099,2021-09-12,2022-04-05,,2026-07-29T17:00:44
8562513,2021-09-12,2022-11-22,,2026-07-29T17:00:44
8563479,2021-09-12,2026-02-28,,2026-07-29T17:00:45
8571823,2021-09-13,2022-05-28,,2026-07-29T17:00:45
8574486,2021-09-13,2021-11-19,,2026-07-29T17:00:45
8575521,2021-09-13,2023-05-07,,2026-07-29T17:00:45
8577399,2021-09-14,2026-07-09,,2026-07-29T17:00:46
8579829,2021-09-14,2023-02-09,,2026-07-29T17:00:46
8584282,2021-09-14,2021-12-04,,2026-07-29T17:00:46
8585736,2021-09-14,2022-08-17,,2026-07-29T17:00:47
8587965,2021-09-14,2023-03-24,,2026-07-29T17:00:47
8589035,2021-09-14,2021-11-26,,2026-07-29T17:00:47
8589671,2021-09-14,2026-08-12,,2026-08-13T04:22:46
8590316,2021-09-14,2026-04-10,,2026-07-29T17:00:48
8590433,2021-09-14,2021-12-27,,2026-07-29T17:00:48
8590482,2021-09-14,2026-07-24,,2026-07-29T17:00:48
8591084,2021-09-15,2021-10-22,,2026-07-29T17:00:49
8592254,2021-09-15,2025-06-16,,2026-07-29T17:00:49
8600010,2021-09-15,2023-08-16,,2026-07-29T17:00:49
8601614,2021-09-15,2023-10-15,,2026-07-29T17:01:24
8602033,2021-09-15,2022-08-16,,2026-07-29T17:01:24
8603825,2021-09-16,2021-12-30,,2026-07-29T17:01:25
8607446,2021-09-16,2021-09-16,,2026-07-29T17:01:25
8608745,2021-09-16,2025-05-16,,2026-07-29T17:01:25
8609465,2021-09-16,2022-09-10,,2026-07-29T17:01:25
8610430,2021-09-16,2023-04-18,,2026-07-29T17:01:26
8610586,2021-09-16,2022-09-07,,2026-07-29T17:01:26
8610804,2021-09-16,2022-02-07,,2026-07-29T17:01:26
8612972,2021-09-16,2021-09-16,,2026-07-29T17:01:26
8613826,2021-09-16,2022-03-20,,2026-07-29T17:01:27
8623880,2021-09-17,2026-08-13,,2026-08-15T05:04:26
8626186,2021-09-17,2024-02-14,,2026-07-29T17:01:27
8626710,2021-09-18,2022-05-16,,2026-07-29T17:01:27
8628057,2021-09-18,2026-03-19,,2026-07-29T17:01:28
8628136,2021-09-18,2025-11-14,,2026-07-29T17:01:28
8633862,2021-09-18,2021-09-20,,2026-07-29T17:01:28
8634428,2021-09-18,2021-10-13,,2026-07-29T17:01:28
8634906,2021-09-18,2026-08-24,,2026-08-25T04:11:55
8636113,2021-09-19,2021-09-19,,2026-07-29T17:01:29
8637249,2021-09-19,2023-05-22,,2026-07-29T17:01:29
8641286,2021-09-19,2021-09-19,,2026-07-29T17:01:29
8642688,2021-09-19,2021-09-19,,2026-07-29T17:01:29
8642829,2021-09-19,2021-10-18,,2026-07-29T17:01:30
8643151,2021-09-19,2023-04-19,,2026-07-29T17:01:31
8643276,2021-09-19,2022-02-13,,2026-07-29T17:01:31
8643280,2021-09-19,2022-06-28,,2026-07-29T17:01:31
8644330,2021-09-20,2026-07-30,,2026-07-31T04:28:10
8646971,2021-09-20,2025-10-20,,2026-07-29T17:01:31
8647407,2021-09-20,2021-09-20,,2026-07-29T17:01:31
8648328,2021-09-20,2022-03-05,,2026-07-29T17:01:32
8653936,2021-09-20,2024-06-09,,2026-07-29T17:01:32
8654127,2021-09-20,2023-05-24,,2026-07-29T17:01:32
8660772,2021-09-21,2022-01-09,,2026-07-29T17:01:32
8661348,2021-09-21,2025-06-30,,2026-07-29T17:01:33
8663099,2021-09-21,2026-04-10,,2026-07-29T17:01:36
8663428,2021-09-21,2024-04-09,,2026-07-29T17:01:33
8663567,2021-09-21,2023-01-30,,2026-07-29T17:01:33
8665504,2021-09-21,2025-06-14,,2026-07-29T17:01:34
8668124,2021-09-21,2023-08-03,,2026-07-29T17:01:34
8669051,2021-09-22,2021-11-05,,2026-07-29T17:01:34
8672218,2021-09-22,2024-06-20,,2026-07-29T17:01:34
8678616,2021-09-22,2021-09-22,,2026-07-29T17:01:35
8679303,2021-09-22,2021-10-17,,2026-07-29T17:01:35
8685993,2021-09-23,2021-09-23,,2026-07-29T17:01:36
8688080,2021-09-23,2026-08-20,,2026-08-21T04:23:02
8688865,2021-09-23,2022-06-17,,2026-07-29T17:01:36
8689501,2021-09-23,2021-09-23,,2026-07-29T17:01:36
8691904,2021-09-23,2022-01-01,,2026-07-29T17:01:36
8702301,2021-09-25,2022-12-24,,2026-07-29T17:01:37
8704394,2021-09-25,2021-09-25,,2026-07-29T17:01:37
8709461,2021-09-25,2022-03-14,,2026-07-29T17:01:37
8713922,2021-09-26,2024-03-07,,2026-07-29T17:01:38
8714667,2021-09-26,2021-10-19,,2026-07-29T17:01:37
8716244,2021-09-26,2022-06-13,,2026-07-29T17:01:38
8716436,2021-09-26,2021-09-26,,2026-07-29T17:01:38
8721702,2021-09-27,2022-05-01,,2026-07-29T17:01:39
8725537,2021-09-27,2021-10-01,,2026-07-29T17:01:39
8726788,2021-09-27,2021-09-27,,2026-07-29T17:01:40
8727087,2021-09-27,2024-08-23,,2026-07-29T17:01:39
8727342,2021-09-27,2022-07-01,,2026-07-29T17:01:39
8728793,2021-09-28,2023-09-25,,2026-08-12T08:01:19
8728831,2021-09-28,2021-12-28,,2026-07-29T17:01:39
8739002,2021-09-29,2021-09-29,,2026-07-29T17:01:39
8744816,2021-09-29,2021-11-19,,2026-07-29T17:01:39
8748641,2021-09-29,2022-05-16,,2026-07-29T17:01:42
8760674,2021-09-30,2022-10-26,,2026-07-29T17:01:40
8760917,2021-09-30,2022-06-15,,2026-07-29T17:01:40
8761539,2021-10-01,2025-01-24,,2026-07-29T17:01:42
8770715,2021-10-01,2022-10-05,,2026-07-29T17:01:41
8773578,2021-10-02,2021-10-15,,2026-07-29T17:01:41
8774320,2021-10-02,2026-03-02,,2026-07-29T17:01:42
8777159,2021-10-02,2022-10-07,,2026-07-29T17:01:42
8784644,2021-10-03,2022-07-28,,2026-07-29T17:01:42
8785058,2021-10-03,2022-09-02,,2026-07-29T17:01:42
8785738,2021-10-03,2021-10-03,,2026-07-29T17:01:42
8788284,2021-10-04,2022-02-26,,2026-07-29T17:01:43
8788644,2021-10-04,2026-08-11,,2026-08-13T06:00:09
8795635,2021-10-04,2023-12-29,,2026-07-29T17:01:43
8800924,2021-10-04,2022-05-28,,2026-07-29T17:01:43
8802100,2021-10-05,2021-12-09,,2026-07-29T17:01:43
8802349,2021-10-05,2024-12-14,,2026-07-29T17:01:44
8802635,2021-10-05,2022-01-24,,2026-07-29T17:01:44
8802647,2021-10-05,2021-11-16,,2026-07-29T17:01:44
8802991,2021-10-05,2022-06-05,,2026-07-29T17:01:44
8804221,2021-10-05,2022-01-04,,2026-07-29T17:01:44
8804493,2021-10-05,2022-04-10,,2026-07-29T17:01:45
8807342,2021-10-05,2022-08-21,,2026-07-29T17:01:45
8807504,2021-10-05,2023-07-12,,2026-07-29T17:01:45
8808552,2021-10-05,2021-11-12,,2026-07-29T17:01:45
8808717,2021-10-05,2025-07-24,,2026-07-29T17:01:46
8810469,2021-10-05,2023-10-20,,2026-07-29T17:01:46
8814380,2021-10-05,2022-04-12,,2026-07-29T17:01:46
8814467,2021-10-05,2026-08-07,,2026-08-09T04:19:18
8815035,2021-10-05,2021-11-19,,2026-07-29T17:01:47
8816154,2021-10-06,2022-05-20,,2026-07-29T17:01:47
8816872,2021-10-06,2021-10-06,,2026-07-29T17:01:47
8816909,2021-10-06,2022-07-06,,2026-07-29T17:01:48
8816986,2021-10-06,2022-09-02,,2026-07-29T17:01:48
8817016,2021-10-06,2021-10-15,,2026-07-29T17:01:49
8821702,2021-10-06,2021-11-08,,2026-07-29T17:01:49
8822603,2021-10-06,2025-07-08,,2026-07-29T17:02:22
8823578,2021-10-06,2023-12-20,,2026-07-29T17:02:27
8824811,2021-10-06,2023-05-16,,2026-07-29T17:02:28
8826381,2021-10-06,2024-11-08,,2026-07-30T16:25:02
8835666,2021-10-07,2021-10-07,,2026-07-29T17:02:30
8839161,2021-10-07,2023-06-16,,2026-07-29T17:02:30
8840577,2021-10-08,2026-02-02,,2026-07-29T17:02:31
8842380,2021-10-08,2021-10-08,,2026-07-29T17:02:31
8850563,2021-10-09,2026-01-27,,2026-07-29T17:02:32
8855727,2021-10-09,2022-03-14,,2026-07-29T17:02:32
8855868,2021-10-09,2026-02-07,,2026-07-29T17:02:33
8858137,2021-10-10,2026-06-27,,2026-07-29T17:02:33
8858384,2021-10-10,2021-10-17,,2026-07-29T17:02:34
8860879,2021-10-10,2022-01-23,,2026-07-29T17:02:34
8861082,2021-10-10,2025-10-19,,2026-07-29T17:02:34
8863421,2021-10-10,2022-11-03,,2026-07-29T17:02:35
8864812,2021-10-11,2021-10-19,,2026-07-29T17:02:35
8865330,2021-10-11,2021-11-14,,2026-07-29T17:02:36
8865481,2021-10-11,2024-04-23,,2026-07-29T17:02:36
8867030,2021-10-11,2022-07-13,,2026-07-29T17:02:36
8870856,2021-10-11,2023-01-23,,2026-07-29T17:02:37
8874693,2021-10-11,2022-02-28,,2026-07-29T17:02:37
8884106,2021-10-12,2021-10-12,,2026-07-29T17:02:38
8884875,2021-10-12,2026-07-11,,2026-07-29T17:02:39
8888650,2021-10-13,2021-10-13,,2026-07-29T17:02:38
8890359,2021-10-13,2021-10-13,,2026-07-29T17:02:39
8899627,2021-10-14,2023-06-04,,2026-07-29T17:02:39
8901376,2021-10-14,2025-03-02,,2026-07-29T17:02:40
8911700,2021-10-15,2022-04-16,,2026-07-29T17:02:41
8911783,2021-10-15,2023-07-21,,2026-07-29T17:02:41
8912711,2021-10-15,2026-05-01,,2026-07-29T17:02:41
8915417,2021-10-15,2021-11-15,,2026-07-29T17:02:41
8921914,2021-10-16,2022-02-16,,2026-07-29T17:02:42
8923962,2021-10-16,2023-02-03,,2026-07-29T17:02:42
8924139,2021-10-16,2025-11-23,,2026-07-29T17:02:43
8929444,2021-10-16,2021-10-16,,2026-07-29T17:02:43
8930256,2021-10-17,2025-05-31,,2026-07-29T17:02:43
8930804,2021-10-17,2025-06-27,,2026-07-29T17:02:44
8931397,2021-10-17,2022-12-27,,2026-07-29T17:02:45
8935843,2021-10-17,2023-04-22,,2026-07-29T17:02:45
8936910,2021-10-17,2021-10-18,,2026-07-29T17:02:45
8937813,2021-10-18,2021-11-24,,2026-07-29T17:02:45
8944323,2021-10-18,2022-10-18,,2026-07-29T17:02:46
8944462,2021-10-18,2021-10-18,,2026-07-29T17:02:46
8946453,2021-10-18,2025-10-31,,2026-07-29T17:02:46
8946760,2021-10-18,2022-01-25,,2026-07-29T17:02:46
8947591,2021-10-18,2021-10-19,,2026-07-29T17:02:47
8949225,2021-10-18,2021-10-18,,2026-07-29T17:02:47
8949394,2021-10-18,2025-07-14,,2026-07-29T17:02:48
8949787,2021-10-18,2022-11-15,,2026-07-29T17:02:47
8950201,2021-10-19,2021-10-19,,2026-07-29T17:02:48
8952897,2021-10-19,2022-02-08,,2026-07-29T17:02:48
8954490,2021-10-19,2023-10-18,,2026-07-29T17:02:48
8955918,2021-10-19,2024-03-27,,2026-07-29T17:02:49
8956918,2021-10-19,2022-03-31,,2026-07-29T17:02:49
8963568,2021-10-20,2025-05-15,,2026-07-29T17:02:49
8964453,2021-10-20,2022-07-07,,2026-07-29T17:02:49
8964513,2021-10-20,2026-08-21,,2026-08-23T04:16:07
8964807,2021-10-20,2024-01-30,,2026-07-29T17:02:51
8964843,2021-10-20,2021-12-09,,2026-07-29T17:02:52
8967876,2021-10-20,2021-10-20,,2026-07-29T17:02:52
8970760,2021-10-20,2023-11-24,,2026-07-29T17:02:52
8971482,2021-10-20,2022-01-14,,2026-07-29T17:02:52
8971819,2021-10-20,2021-10-20,,2026-07-29T17:02:53
8972535,2021-10-20,2021-10-22,,2026-07-29T17:02:53
8975190,2021-10-20,2026-03-30,,2026-07-29T17:02:53
8975717,2021-10-21,2022-01-21,,2026-07-29T17:02:53
8976094,2021-10-21,2026-05-14,,2026-07-29T17:02:53
8976342,2021-10-21,2022-03-17,,2026-07-29T17:02:54
8977556,2021-10-21,2021-12-17,,2026-07-29T17:02:54
8978638,2021-10-21,2024-05-30,,2026-07-29T17:02:54
8993641,2021-10-22,2025-02-14,,2026-07-29T17:02:55
9007868,2021-10-24,2022-11-09,,2026-07-29T17:02:56
9010337,2021-10-24,2022-08-23,,2026-07-29T17:02:57
9011758,2021-10-24,2024-08-29,,2026-07-29T17:02:56
9011972,2021-10-24,2025-12-02,,2026-07-29T17:02:56
9014052,2021-10-25,2023-08-26,,2026-07-29T17:02:56
9020560,2021-10-25,2025-12-23,,2026-07-29T17:02:57
9022197,2021-10-25,2022-02-08,,2026-07-29T17:02:57
9024493,2021-10-25,2025-07-05,,2026-07-29T17:02:57
9025536,2021-10-26,2026-08-16,,2026-08-18T04:05:10
9028336,2021-10-26,2025-05-15,,2026-07-29T17:02:58
9032803,2021-10-26,2022-02-16,,2026-07-29T17:02:59
9034969,2021-10-26,2026-03-31,,2026-07-29T17:03:00
9041064,2021-10-27,2022-04-29,,2026-07-29T17:02:58
9043856,2021-10-27,2022-03-28,,2026-07-29T17:02:59
9045023,2021-10-27,2025-09-25,,2026-07-29T17:02:59
9047332,2021-10-27,2021-11-20,,2026-07-29T17:03:01
9048644,2021-10-27,2024-10-18,,2026-07-29T17:03:00
9049782,2021-10-27,2026-08-18,,2026-08-20T10:00:10
9057352,2021-10-28,2022-01-24,,2026-07-29T17:03:00
9059761,2021-10-28,2024-05-01,,2026-07-29T17:03:01
9059942,2021-10-28,2024-02-10,,2026-07-29T17:03:01
9061385,2021-10-28,2022-03-10,,2026-07-29T17:03:00
9062180,2021-10-29,2025-08-15,,2026-07-29T17:03:01
9062417,2021-10-29,2022-02-05,,2026-07-29T17:03:01
9069315,2021-10-29,2022-06-07,,2026-07-29T17:03:02
9070260,2021-10-29,2024-04-24,,2026-07-29T17:03:02
9070570,2021-10-29,2022-01-18,,2026-07-29T17:03:31
9071812,2021-10-29,2021-11-05,,2026-07-29T17:03:31
9072507,2021-10-29,2025-01-23,,2026-07-29T17:03:32
9072721,2021-10-29,2026-08-09,,2026-08-11T04:08:38
9084647,2021-10-31,2026-06-26,,2026-07-29T17:03:33
9085504,2021-10-31,2022-05-02,,2026-07-29T17:03:32
9088583,2021-11-01,2023-01-06,,2026-07-30T16:24:04
9100146,2021-11-01,2021-12-28,,2026-07-29T17:03:33
9102556,2021-11-02,2023-01-01,,2026-07-29T17:03:33
9104944,2021-11-02,2023-03-04,,2026-07-29T17:03:33
9117830,2021-11-03,2022-04-03,,2026-07-29T17:03:34
9118754,2021-11-03,2024-01-24,,2026-07-29T17:03:34
9121024,2021-11-03,2024-02-18,,2026-07-29T17:03:35
9121033,2021-11-03,2024-04-30,,2026-07-29T17:03:35
9121616,2021-11-03,2025-06-22,,2026-07-29T17:03:35
9121712,2021-11-03,2021-11-10,,2026-07-29T17:03:35
9122904,2021-11-03,2026-08-24,,2026-08-24T12:36:23
9123447,2021-11-03,2022-07-09,,2026-07-29T17:03:36
9123982,2021-11-03,2021-11-06,,2026-07-29T17:03:36
9125711,2021-11-04,2026-05-03,,2026-08-16T10:04:20
9127474,2021-11-04,2025-04-21,,2026-07-29T17:03:37
9133449,2021-11-04,2025-02-14,,2026-07-29T17:03:38
9134878,2021-11-04,2022-12-13,,2026-07-29T17:03:42
9135948,2021-11-05,2021-12-17,,2026-07-29T17:03:42
9137764,2021-11-05,2026-08-17,,2026-08-19T07:11:06
9139950,2021-11-05,2024-10-20,,2026-07-29T17:03:43
9144877,2021-11-05,2025-03-21,,2026-07-29T17:03:43
9144882,2021-11-05,2021-11-22,,2026-07-29T17:03:44
9147456,2021-11-06,2022-06-12,,2026-07-29T17:03:44
9149589,2021-11-06,2026-08-15,,2026-08-16T07:15:25
9151302,2021-11-06,2022-08-05,,2026-07-29T17:03:44
9156380,2021-11-07,2022-03-11,,2026-07-29T17:03:44
9160676,2021-11-08,2026-04-18,,2026-07-29T17:03:45
9168236,2021-11-08,2022-02-14,,2026-07-29T17:03:45
9169106,2021-11-08,2026-08-11,,2026-08-13T05:11:14
9172717,2021-11-09,2026-07-20,,2026-07-29T17:03:45
9182684,2021-11-09,2022-05-12,,2026-07-29T17:03:46
9182720,2021-11-09,2023-10-04,,2026-07-29T17:03:46
9197318,2021-11-11,2022-10-13,,2026-07-29T17:03:46
9206686,2021-11-11,2021-11-11,,2026-07-29T17:03:46
9211748,2021-11-12,2026-04-05,,2026-07-29T17:03:46
9216885,2021-11-12,2021-12-06,,2026-07-29T17:03:47
9218071,2021-11-12,2021-12-06,,2026-07-29T17:03:47
9219051,2021-11-13,2021-11-29,,2026-07-29T17:03:47
9229126,2021-11-14,2021-12-13,,2026-07-29T17:03:48
9231831,2021-11-14,2025-06-10,,2026-07-29T17:03:48
9235156,2021-11-14,2021-12-24,,2026-07-29T17:03:48
9235343,2021-11-14,2022-07-31,,2026-07-29T17:03:49
9243680,2021-11-15,2023-02-21,,2026-07-29T17:03:49
9245194,2021-11-15,2026-08-21,,2026-08-23T06:03:15
9246147,2021-11-15,2022-03-31,,2026-07-29T17:03:49
9247144,2021-11-15,2026-08-23,,2026-08-23T22:45:26
9254497,2021-11-16,2022-03-18,,2026-07-29T17:03:49
9257203,2021-11-16,2026-05-26,,2026-07-29T17:03:50
9258893,2021-11-16,2022-08-29,,2026-07-29T17:03:50
9264271,2021-11-17,2021-12-06,,2026-07-29T17:03:50
9267338,2021-11-17,2022-04-29,,2026-07-29T17:03:51
9269654,2021-11-17,2025-06-09,,2026-07-29T17:03:51
9270537,2021-11-17,2021-11-23,,2026-07-29T17:03:51
9270636,2021-11-17,2022-07-09,,2026-07-29T17:03:51
9272177,2021-11-17,2022-12-21,,2026-07-29T17:03:51
9272524,2021-11-17,2025-05-13,,2026-07-29T17:03:52
9273898,2021-11-17,2021-11-18,,2026-07-29T17:03:51
9274343,2021-11-17,2021-11-17,,2026-07-29T17:03:52
9274705,2021-11-18,2022-08-19,,2026-07-29T17:03:52
9275647,2021-11-18,2023-02-05,,2026-07-29T17:03:52
9279982,2021-11-18,2022-03-16,,2026-07-29T17:03:53
9292391,2021-11-19,2026-01-30,,2026-07-29T17:03:53
9292805,2021-11-19,2021-11-19,,2026-07-29T17:03:53
9295505,2021-11-19,2025-11-19,,2026-07-29T17:03:53
9300756,2021-11-20,2026-08-06,,2026-08-08T04:11:32
9301021,2021-11-20,2025-12-05,,2026-07-29T17:03:54
9302489,2021-11-20,2025-06-04,,2026-07-29T17:03:54
9302885,2021-11-20,2022-03-14,,2026-07-29T17:03:55
9303159,2021-11-20,2021-12-10,,2026-07-29T17:03:55
9303295,2021-11-20,2022-01-02,,2026-07-29T17:03:55
9303455,2021-11-20,2021-11-21,,2026-07-29T17:03:55
9303985,2021-11-21,2021-12-07,,2026-07-29T17:03:56
9304248,2021-11-21,2023-04-11,,2026-07-29T17:03:56
9305381,2021-11-21,2023-10-08,,2026-07-29T17:03:56
9306423,2021-11-21,2022-03-02,,2026-07-29T17:03:56
9308799,2021-11-21,2026-07-06,,2026-07-29T17:03:56
9309360,2021-11-21,2021-11-21,,2026-07-29T17:03:56
9310105,2021-11-22,2026-03-15,,2026-07-29T17:03:57
9311520,2021-11-22,2021-11-22,,2026-07-29T17:03:57
9316123,2021-11-22,2022-05-12,,2026-07-29T17:03:57
9316560,2021-11-22,2021-12-06,,2026-07-29T17:03:57
9317998,2021-11-22,2023-05-02,,2026-07-29T17:03:59
9318189,2021-11-22,2022-06-12,,2026-07-29T17:03:59
9319243,2021-11-22,2021-12-21,,2026-07-29T17:03:59
9319987,2021-11-22,2022-02-28,,2026-07-29T17:03:59
9321047,2021-11-23,2024-01-31,,2026-07-29T17:03:59
9321091,2021-11-23,2025-09-20,,2026-07-29T17:03:59
9321192,2021-11-23,2022-08-24,,2026-07-29T17:03:59
9321887,2021-11-23,2022-07-29,,2026-07-29T17:03:59
9323026,2021-11-23,2024-03-04,,2026-08-16T10:04:20
9323635,2021-11-23,2021-12-11,,2026-07-29T17:04:00
9325114,2021-11-23,2025-04-02,,2026-07-29T17:04:01
9327463,2021-11-23,2023-05-05,,2026-07-29T17:04:01
9328615,2021-11-23,2022-02-26,,2026-07-29T17:04:01
9329419,2021-11-23,2022-10-16,,2026-07-29T17:04:02
9330364,2021-11-23,2026-05-22,,2026-07-29T17:04:02
9330516,2021-11-23,2022-05-07,,2026-07-29T17:04:32
9331161,2021-11-24,2026-01-14,,2026-07-29T17:04:32
9332236,2021-11-24,2023-03-29,,2026-07-29T17:04:32
9336436,2021-11-24,2022-06-12,,2026-07-29T17:04:33
9337978,2021-11-24,2022-09-05,,2026-07-29T17:04:33
9338086,2021-11-24,2023-04-17,,2026-07-29T17:04:33
9338447,2021-11-24,2021-11-24,,2026-07-29T17:04:33
9338703,2021-11-24,2026-08-25,,2026-08-25T00:45:45
9341354,2021-11-25,2022-05-15,,2026-07-29T17:04:34
9355967,2021-11-26,2025-10-14,,2026-07-29T17:04:34
9364379,2021-11-27,2021-11-27,,2026-07-29T17:04:34
9364871,2021-11-27,2022-06-26,,2026-07-29T17:04:35
9365217,2021-11-27,2022-05-16,,2026-07-29T17:04:35
9368488,2021-11-28,2025-09-29,,2026-07-29T17:04:35
9378849,2021-11-29,2022-02-18,,2026-07-29T17:04:35
9380307,2021-11-29,2021-11-29,,2026-07-29T17:04:35
9381126,2021-11-29,2025-12-29,,2026-07-29T17:04:35
9382504,2021-11-29,2023-07-21,,2026-07-29T17:04:36
9395908,2021-11-30,2022-03-08,,2026-07-29T17:04:36
9397298,2021-12-01,2026-08-11,,2026-08-13T10:00:15
9397361,2021-12-01,2025-09-03,,2026-07-29T17:04:37
9398841,2021-12-01,2025-08-05,,2026-07-29T17:04:37
9399045,2021-12-01,2026-08-04,,2026-08-06T07:07:35
9399384,2021-12-01,2024-06-23,,2026-07-29T17:04:37
9404634,2021-12-01,2023-09-15,,2026-07-29T17:04:39
9406461,2021-12-01,2022-03-28,,2026-07-29T17:04:39
9407677,2021-12-01,2025-10-13,,2026-07-29T17:04:40
9407926,2021-12-01,2022-05-01,,2026-07-29T17:04:39
9408311,2021-12-02,2021-12-07,,2026-07-29T17:04:39
9408377,2021-12-02,2025-06-19,,2026-07-29T17:04:40
9412003,2021-12-02,2022-02-24,,2026-07-29T17:04:40
9415937,2021-12-02,2023-05-29,,2026-07-29T17:04:40
9416219,2021-12-02,2022-04-01,,2026-07-29T17:04:40
9416648,2021-12-02,2025-09-27,,2026-07-29T17:04:41
9416951,2021-12-02,2023-10-24,,2026-07-29T17:04:41
9417069,2021-12-02,2022-02-11,,2026-07-29T17:04:41
9417327,2021-12-02,2025-02-05,,2026-07-29T17:04:41
9417443,2021-12-02,2023-07-12,,2026-07-29T17:04:41
9418358,2021-12-02,2022-06-23,,2026-07-29T17:04:41
9418584,2021-12-02,2025-11-29,,2026-07-29T17:04:42
9419315,2021-12-03,2022-12-01,,2026-07-29T17:04:42
9420201,2021-12-03,2021-12-03,,2026-07-29T17:04:42
9420637,2021-12-03,2023-06-01,,2026-07-29T17:04:43
9420847,2021-12-03,2023-03-01,,2026-07-29T17:04:43
9420987,2021-12-03,2024-10-01,,2026-07-29T17:04:43
9421292,2021-12-03,2022-12-27,,2026-07-29T17:04:43
9422392,2021-12-03,2024-06-06,,2026-07-29T17:04:43
9423524,2021-12-03,2026-07-02,,2026-07-29T17:04:44
9424307,2021-12-03,2023-06-30,,2026-07-29T17:04:44
9424537,2021-12-03,2021-12-07,,2026-07-29T17:04:44
9426236,2021-12-03,2021-12-03,,2026-07-29T17:04:44
9426262,2021-12-03,2025-08-26,,2026-07-29T17:04:44
9426457,2021-12-03,2026-06-08,,2026-07-29T17:04:45
9426524,2021-12-03,2025-10-05,,2026-07-29T17:04:45
9426940,2021-12-03,2023-12-06,,2026-07-29T17:04:45
9427033,2021-12-03,2021-12-03,,2026-07-29T17:04:45
9427265,2021-12-03,2025-03-10,,2026-07-29T17:04:45
9427545,2021-12-03,2022-04-05,,2026-07-29T17:04:45
9428032,2021-12-03,2022-03-23,,2026-07-29T17:04:46
9428467,2021-12-03,2023-05-20,,2026-07-29T17:04:46
9428547,2021-12-03,2021-12-17,,2026-07-29T17:04:46
9428575,2021-12-03,2026-06-23,,2026-07-29T17:04:46
9429313,2021-12-03,2024-01-25,,2026-07-29T17:04:46
9429495,2021-12-04,2021-12-04,,2026-07-29T17:04:47
9429648,2021-12-04,2022-11-29,,2026-07-29T17:04:47
9429693,2021-12-04,2022-01-01,,2026-07-29T17:04:47
9429906,2021-12-04,2024-12-14,,2026-07-29T17:04:48
9429910,2021-12-04,2021-12-09,,2026-07-29T17:04:48
9430899,2021-12-04,2022-01-16,,2026-07-29T17:04:48
9430951,2021-12-04,2021-12-15,,2026-07-29T17:04:48
9431214,2021-12-04,2026-01-16,,2026-07-29T17:04:48
9431222,2021-12-04,2022-05-20,,2026-07-29T17:04:49
9431558,2021-12-04,2022-06-18,,2026-07-29T17:04:49
9433416,2021-12-04,2021-12-15,,2026-07-29T17:04:49
9433923,2021-12-04,2021-12-04,,2026-07-29T17:04:50
9434047,2021-12-04,2022-08-31,,2026-07-29T17:04:50
9434337,2021-12-04,2022-01-13,,2026-07-29T17:04:50
9434455,2021-12-04,2021-12-04,,2026-07-29T17:04:51
9434636,2021-12-04,2026-08-05,,2026-08-07T05:07:43
9434828,2021-12-04,2021-12-23,,2026-07-29T17:04:51
9434970,2021-12-04,2022-02-11,,2026-07-29T17:04:51
9435038,2021-12-04,2022-01-13,,2026-07-29T17:04:52
9435260,2021-12-04,2023-09-21,,2026-08-10T10:02:03
9435441,2021-12-04,2022-01-25,,2026-07-29T17:04:52
9435714,2021-12-04,2022-02-25,,2026-07-29T17:04:52
9435847,2021-12-04,2023-03-16,,2026-07-29T17:04:53
9436175,2021-12-04,2024-09-17,,2026-07-29T17:04:53
9437104,2021-12-05,2026-02-05,,2026-07-29T17:04:53
9437298,2021-12-05,2021-12-21,,2026-07-29T17:04:53
9437489,2021-12-05,2021-12-05,,2026-07-29T17:04:53
9437671,2021-12-05,2023-07-31,,2026-07-29T17:04:54
9437845,2021-12-05,2026-07-12,,2026-07-29T17:04:54
9437864,2021-12-05,2026-08-13,,2026-08-15T04:22:34
9437952,2021-12-05,2022-11-23,,2026-07-29T17:04:54
9439882,2021-12-05,2021-12-10,,2026-07-29T17:04:54
9441756,2021-12-05,2022-05-23,,2026-07-29T17:04:55
9443072,2021-12-05,2021-12-05,,2026-07-29T17:05:30
9443510,2021-12-06,2022-12-01,,2026-07-29T17:05:30
9449671,2021-12-06,2025-08-21,,2026-07-29T17:05:30
9451535,2021-12-06,2022-05-25,,2026-07-29T17:05:31
9451798,2021-12-06,2026-03-19,,2026-07-29T17:05:32
9452070,2021-12-06,2022-09-23,,2026-07-29T17:05:31
9455658,2021-12-07,2022-07-23,,2026-07-29T17:05:31
9459491,2021-12-07,2022-07-20,,2026-07-29T17:05:31
9463815,2021-12-07,2022-08-09,,2026-07-29T17:05:32
9464175,2021-12-07,2021-12-24,,2026-07-29T17:05:32
9468553,2021-12-08,2023-06-03,,2026-07-29T17:05:32
9471655,2021-12-08,2024-08-20,,2026-07-29T17:05:32
9476692,2021-12-09,2026-08-11,,2026-08-13T04:21:54
9478081,2021-12-09,2022-04-20,,2026-07-29T17:05:33
9483209,2021-12-09,2022-10-06,,2026-07-29T17:05:33
9493493,2021-12-10,2025-05-16,,2026-08-22T08:02:49
9494593,2021-12-10,2024-07-08,,2026-07-29T17:05:34
9495489,2021-12-10,2024-09-06,,2026-07-29T17:05:34
9496585,2021-12-10,2026-01-25,,2026-07-29T17:05:35
9497913,2021-12-10,2022-12-09,,2026-07-29T17:05:35
9497958,2021-12-10,2021-12-10,,2026-07-29T17:05:35
9504182,2021-12-11,2022-04-07,,2026-07-29T17:05:36
9505406,2021-12-12,2023-01-20,,2026-07-29T17:05:36
9508417,2021-12-12,2022-01-22,,2026-07-29T17:05:37
9510071,2021-12-12,2022-06-21,,2026-07-29T17:05:37
9510899,2021-12-13,2022-03-24,,2026-07-29T17:05:37
9512199,2021-12-13,2024-09-10,,2026-07-29T17:05:38
9513381,2021-12-13,2021-12-13,,2026-07-29T17:05:38
9518744,2021-12-13,2023-11-29,,2026-07-29T17:05:38
9519537,2021-12-13,2021-12-25,,2026-07-29T17:05:38
9522732,2021-12-14,2021-12-18,,2026-07-29T17:05:39
9529765,2021-12-14,2022-04-12,,2026-07-29T17:05:39
9531766,2021-12-15,2022-02-02,,2026-07-29T17:05:40
9535331,2021-12-15,2022-05-06,,2026-07-29T17:05:40
9537794,2021-12-15,2024-03-31,,2026-07-29T17:05:41
9538269,2021-12-15,2021-12-16,,2026-07-29T17:05:41
9540398,2021-12-15,2023-03-08,,2026-07-29T17:05:42
9542750,2021-12-16,2022-02-07,,2026-07-29T17:05:43
9542814,2021-12-16,2023-01-28,,2026-07-29T17:05:44
9543292,2021-12-16,2021-12-16,,2026-07-29T17:05:44
9543302,2021-12-16,2022-03-02,,2026-07-29T17:05:44
9543955,2021-12-16,2022-06-07,,2026-07-29T17:05:45
9544062,2021-12-16,2021-12-19,,2026-07-29T17:05:45
9544405,2021-12-16,2026-06-18,,2026-07-29T17:05:46
9546965,2021-12-16,2022-12-15,,2026-07-29T17:05:45
9550662,2021-12-16,2022-11-13,,2026-07-29T17:05:46
9555215,2021-12-17,2022-01-06,,2026-07-29T17:05:45
9556901,2021-12-17,2026-06-14,,2026-07-29T17:05:46
9562438,2021-12-17,2022-07-23,,2026-07-29T17:05:46
9562921,2021-12-17,2025-11-24,,2026-07-29T17:05:47
9563134,2021-12-17,2022-05-23,,2026-07-29T17:05:47
9564537,2021-12-18,2021-12-19,,2026-07-29T17:05:47
9573942,2021-12-19,2023-04-07,,2026-07-29T17:05:48
9574908,2021-12-19,2026-08-20,,2026-08-22T04:06:07
9575974,2021-12-19,2025-07-28,,2026-07-29T17:05:48
9578350,2021-12-20,2025-09-29,,2026-08-16T10:04:21
9578960,2021-12-20,2021-12-20,,2026-07-29T17:05:48
9582401,2021-12-20,2025-03-10,,2026-07-29T17:05:49
9583430,2021-12-20,2022-08-24,,2026-07-29T17:05:49
9586032,2021-12-20,2022-10-01,,2026-07-29T17:05:49
9587724,2021-12-21,2022-01-16,,2026-07-29T17:05:49
9594129,2021-12-21,2021-12-21,,2026-07-29T17:05:49
9599064,2021-12-22,2021-12-22,,2026-07-29T17:05:50
9600098,2021-12-22,2022-04-06,,2026-07-29T17:05:50
9603549,2021-12-22,2025-06-29,,2026-07-29T17:05:50
9604811,2021-12-22,2026-06-06,,2026-07-29T17:05:51
9611716,2021-12-23,2026-08-24,,2026-08-24T17:42:07
9619871,2021-12-24,2022-07-10,,2026-07-29T17:05:51
9620708,2021-12-25,2025-12-17,,2026-07-29T17:05:51
9623847,2021-12-25,2023-01-30,,2026-07-29T17:05:51
9629991,2021-12-27,2023-09-26,,2026-07-29T17:05:51
9633886,2021-12-27,2025-01-29,,2026-07-29T17:05:51
9634104,2021-12-27,2025-11-16,,2026-07-29T17:05:52
9635153,2021-12-27,2023-02-06,,2026-07-29T17:05:52
9635548,2021-12-27,2022-02-05,,2026-07-29T17:05:52
9636317,2021-12-27,2026-05-08,,2026-07-29T17:05:53
9637375,2021-12-27,2021-12-28,,2026-07-29T17:05:53
9637436,2021-12-27,2022-01-31,,2026-07-29T17:05:53
9640342,2021-12-28,2024-07-14,,2026-07-29T17:05:54
9640556,2021-12-28,2021-12-28,,2026-07-29T17:05:54
9641043,2021-12-28,2022-06-23,,2026-07-29T17:05:54
9644989,2021-12-28,2024-11-15,,2026-07-29T17:05:54
9647674,2021-12-28,2025-03-02,,2026-07-29T17:05:55
9651245,2021-12-29,2024-07-14,,2026-07-29T17:05:55
9655773,2021-12-29,2023-08-09,,2026-07-29T17:05:56
9663420,2021-12-30,2024-07-11,,2026-07-29T17:05:56
9664773,2021-12-30,2026-08-21,,2026-08-22T05:09:10
9664789,2021-12-30,2026-08-06,,2026-08-08T04:05:17
9670914,2021-12-30,2023-04-26,,2026-07-29T17:05:57
9673174,2021-12-31,2023-03-29,,2026-07-29T17:05:57
9675355,2021-12-31,2021-12-31,,2026-07-29T17:05:57
9677722,2021-12-31,2026-08-15,,2026-08-17T05:04:12
9681057,2021-12-31,2026-06-17,,2026-07-29T17:05:57
9681753,2022-01-01,2025-10-02,,2026-07-29T17:05:58
9687971,2022-01-01,2026-08-15,,2026-08-17T04:11:40
9689004,2022-01-01,2026-08-11,,2026-08-12T04:22:17
9695249,2022-01-02,2022-09-06,,2026-07-29T17:05:58
9696161,2022-01-02,2023-12-15,,2026-07-29T17:05:58
9696182,2022-01-02,2026-07-24,,2026-07-29T17:05:58
9698177,2022-01-02,2023-08-30,,2026-07-29T17:05:58
9713214,2022-01-04,2024-03-09,,2026-07-29T17:05:59
9714215,2022-01-04,2026-03-19,,2026-07-29T17:05:59
9716679,2022-01-04,2024-02-09,,2026-07-29T17:05:59
9724709,2022-01-04,2022-05-11,,2026-07-29T17:06:00
9725970,2022-01-04,2022-04-02,,2026-07-29T17:06:00
9727329,2022-01-05,2022-01-21,,2026-07-29T17:06:00
9727886,2022-01-05,2022-02-27,,2026-07-29T17:06:00
9728307,2022-01-05,2022-12-31,,2026-07-29T17:06:00
9728772,2022-01-05,2022-04-06,,2026-07-29T17:06:00
9729052,2022-01-05,2022-01-17,,2026-07-29T17:06:00
9735905,2022-01-05,2026-02-13,,2026-07-29T17:06:01
9741164,2022-01-05,2022-09-05,,2026-07-29T17:06:01
9741676,2022-01-05,2025-03-10,,2026-07-29T17:06:01
9750294,2022-01-06,2022-01-06,,2026-07-29T17:06:01
9750733,2022-01-06,2022-01-06,,2026-07-29T17:06:01
9754691,2022-01-06,2024-03-18,,2026-07-29T17:06:01
9760334,2022-01-07,2022-11-29,,2026-07-29T17:06:01
9769257,2022-01-07,2022-03-12,,2026-07-29T17:06:02
9771223,2022-01-08,2022-01-09,,2026-07-29T17:06:02
9773734,2022-01-08,2022-07-01,,2026-07-29T17:06:02
9779117,2022-01-08,2022-01-09,,2026-07-29T17:06:02
9779562,2022-01-09,2026-02-05,,2026-07-29T17:06:02
9790265,2022-01-10,2022-03-11,,2026-07-29T17:06:02
9797650,2022-01-10,2022-08-18,,2026-07-29T17:06:03
9811473,2022-01-11,2024-01-17,,2026-07-29T17:06:03
9816978,2022-01-12,2024-08-18,,2026-07-29T17:06:03
9817133,2022-01-12,2022-01-12,,2026-07-29T17:06:03
9817424,2022-01-12,2026-06-14,,2026-07-29T17:06:03
9818143,2022-01-12,2022-11-15,,2026-07-29T17:06:03
9820326,2022-01-12,2023-09-03,,2026-07-29T17:06:03
9829234,2022-01-13,2023-09-27,,2026-07-29T17:06:05
9838816,2022-01-13,2022-01-13,,2026-07-29T17:06:05
9842965,2022-01-14,2022-05-13,,2026-07-29T17:06:05
9846734,2022-01-14,2022-06-09,,2026-07-29T17:06:05
9853297,2022-01-15,2023-06-29,,2026-07-29T17:06:05
9854098,2022-01-15,2022-08-22,,2026-07-29T17:06:05
9857972,2022-01-15,2022-06-29,,2026-07-29T17:06:05
9859163,2022-01-15,2022-01-15,,2026-07-29T17:06:05
9864033,2022-01-16,2026-08-05,,2026-08-07T04:14:51
9868295,2022-01-16,2022-06-30,,2026-07-29T17:06:06
9897198,2022-01-18,2022-01-19,,2026-07-29T17:06:06
9897247,2022-01-18,2022-04-15,,2026-07-29T17:06:06
9900708,2022-01-19,2022-07-02,,2026-07-29T17:06:06
9903272,2022-01-19,2022-01-19,,2026-07-29T17:06:06
9913186,2022-01-20,2022-01-20,,2026-07-29T17:06:06
9921597,2022-01-20,2026-08-18,,2026-08-20T05:09:33
9926424,2022-01-21,2024-05-03,,2026-07-29T17:06:06
9937919,2022-01-22,2026-03-23,,2026-07-29T17:06:06
9942997,2022-01-22,2022-07-25,,2026-07-29T17:06:08
9944322,2022-01-22,2026-05-05,,2026-07-29T17:06:08
9947197,2022-01-23,2026-06-18,,2026-07-29T17:06:08
9950208,2022-01-23,2023-11-10,,2026-07-29T17:06:08
9958646,2022-01-24,2022-07-22,,2026-07-29T17:06:08
9973578,2022-01-25,2022-08-23,,2026-07-29T17:06:08
9981175,2022-01-25,2025-11-07,,2026-07-29T17:06:08
9982222,2022-01-25,2022-07-25,,2026-07-29T17:06:08
9984032,2022-01-26,2026-03-15,,2026-07-29T17:06:08
9985476,2022-01-26,2022-04-03,,2026-07-29T17:06:08
9989212,2022-01-26,2025-02-16,,2026-07-29T17:06:08
9993211,2022-01-26,2026-05-01,,2026-07-29T17:06:08
10000061,2022-01-27,2022-05-26,,2026-07-29T17:06:10
10007431,2022-01-27,2025-12-05,,2026-07-29T17:06:10
10008554,2022-01-27,2023-08-30,,2026-07-29T17:06:10
10010208,2022-01-27,2023-09-19,,2026-07-29T17:06:10
9998150,2022-01-27,2022-01-27,,2026-07-29T17:06:10
10010688,2022-01-28,2026-07-14,,2026-07-29T17:06:10
10020300,2022-01-28,2022-01-31,,2026-07-29T17:06:10
10020354,2022-01-28,2022-05-15,,2026-07-29T17:06:10
10021072,2022-01-28,2023-02-04,,2026-07-29T17:06:10
10021137,2022-01-28,2022-04-28,,2026-07-29T17:06:10
10033841,2022-01-30,2022-06-08,,2026-07-29T17:06:10
10033844,2022-01-30,2025-09-20,,2026-07-29T17:06:10
10041144,2022-01-31,2022-07-14,,2026-07-29T17:06:10
10044516,2022-01-31,2022-03-09,,2026-07-29T17:06:12
10046606,2022-01-31,2022-03-27,,2026-07-29T17:06:12
10052542,2022-01-31,2022-03-03,,2026-07-29T17:06:12
10052714,2022-01-31,2024-06-29,,2026-07-29T17:06:12
10053428,2022-01-31,2022-07-28,,2026-07-29T17:06:12
10057462,2022-02-01,2026-06-09,,2026-07-29T17:06:12
10059015,2022-02-01,2024-01-30,,2026-07-29T17:06:12
10066764,2022-02-01,2022-02-04,,2026-07-29T17:06:12
10071284,2022-02-02,2022-12-07,,2026-07-29T17:06:12
10073542,2022-02-02,2026-01-22,,2026-07-29T17:06:14
10076871,2022-02-02,2022-09-06,,2026-07-29T17:06:14
10076951,2022-02-02,2022-02-02,,2026-07-29T17:06:14
10078324,2022-02-02,2025-07-21,,2026-07-29T17:06:14
10094075,2022-02-03,2022-04-23,,2026-07-29T17:06:14
10099096,2022-02-04,2022-07-22,,2026-07-29T17:06:14
10099996,2022-02-04,2022-07-06,,2026-07-29T17:06:14
10100366,2022-02-04,2022-03-14,,2026-07-29T17:06:14
10104320,2022-02-04,2025-06-23,,2026-07-29T17:06:14
10107158,2022-02-04,2024-02-06,,2026-07-29T17:06:14
10111943,2022-02-05,2024-09-21,,2026-07-29T17:06:17
10111970,2022-02-05,2022-02-05,,2026-07-29T17:06:17
10112992,2022-02-05,2024-10-29,,2026-07-29T17:06:17
10113276,2022-02-05,2022-02-07,,2026-07-29T17:06:17
10113763,2022-02-05,2022-03-14,,2026-07-29T17:06:17
10119914,2022-02-05,2023-01-14,,2026-07-29T17:06:17
10120060,2022-02-05,2022-02-05,,2026-07-29T17:06:17
10123248,2022-02-06,2022-02-23,,2026-07-29T17:06:19
10123304,2022-02-06,2022-04-29,,2026-07-29T17:06:19
10123345,2022-02-06,2022-05-13,,2026-07-29T17:06:19
10129623,2022-02-06,2022-05-21,,2026-07-29T17:06:19
10130474,2022-02-07,2024-04-20,,2026-07-29T17:06:19
10130714,2022-02-07,2022-11-08,,2026-07-29T17:06:19
10130795,2022-02-07,2022-02-07,,2026-07-29T17:06:19
10131285,2022-02-07,2024-02-26,,2026-07-29T17:06:19
10131448,2022-02-07,2022-08-16,,2026-07-29T17:06:19
10132319,2022-02-07,2023-01-25,,2026-07-29T17:06:19
10132786,2022-02-07,2022-02-18,,2026-07-29T17:06:19
10132946,2022-02-07,2026-07-02,,2026-07-29T17:06:21
10136302,2022-02-07,2022-06-11,,2026-07-29T17:06:20
10138035,2022-02-07,2026-07-29,,2026-07-31T23:07:04
10139534,2022-02-07,2023-05-20,,2026-07-29T17:06:20
10139617,2022-02-07,2022-11-14,,2026-07-29T17:06:21
10139676,2022-02-07,2026-06-30,,2026-07-29T17:06:20
10143686,2022-02-07,2025-10-14,,2026-07-29T17:06:20
10146674,2022-02-08,2022-06-16,,2026-07-29T17:06:20
10147956,2022-02-08,2022-08-05,,2026-07-29T17:06:20
10150313,2022-02-08,2022-04-20,,2026-07-29T17:06:22
10152987,2022-02-08,2022-05-20,,2026-07-29T17:06:21
10154368,2022-02-08,2022-03-26,,2026-07-29T17:06:21
10158557,2022-02-08,2022-02-08,,2026-07-29T17:06:21
10158741,2022-02-08,2022-08-24,,2026-07-29T17:06:22
10160892,2022-02-09,2022-02-09,,2026-07-29T17:06:22
10162985,2022-02-09,2022-05-15,,2026-07-29T17:06:23
10163278,2022-02-09,2022-03-03,,2026-07-29T17:06:22
10167166,2022-02-09,2026-08-20,,2026-08-22T05:10:22
10183507,2022-02-10,2022-04-18,,2026-07-29T17:06:24
10191418,2022-02-11,2022-04-20,,2026-07-29T17:06:24
10194341,2022-02-11,2022-02-18,,2026-07-29T17:06:24
10207105,2022-02-13,2023-02-07,,2026-08-21T08:01:34
10207332,2022-02-13,2026-04-30,,2026-07-29T17:06:24
10207345,2022-02-13,2022-04-17,,2026-07-29T17:06:24
10211918,2022-02-13,2026-08-19,,2026-08-21T05:09:35
10220828,2022-02-14,2022-04-18,,2026-07-29T17:06:25
10223741,2022-02-14,2025-09-04,,2026-07-29T17:06:25
10230543,2022-02-15,2026-05-17,,2026-07-29T17:06:25
10233994,2022-02-15,2026-07-31,,2026-08-02T05:09:10
10236579,2022-02-16,2022-06-23,,2026-07-29T17:06:25
10242090,2022-02-16,2022-03-16,,2026-07-29T17:06:26
10249435,2022-02-17,2025-07-18,,2026-07-29T17:06:26
10250410,2022-02-17,2022-02-19,,2026-07-29T17:06:26
10251704,2022-02-17,2022-03-12,,2026-07-29T17:06:26
10267089,2022-02-18,2023-08-06,,2026-07-29T17:06:26
10273713,2022-02-19,2022-05-24,,2026-07-29T17:06:27
10278257,2022-02-19,2022-03-07,,2026-07-29T17:06:27
10279335,2022-02-19,2025-06-19,,2026-07-29T17:06:27
10281517,2022-02-19,2023-12-30,,2026-07-29T17:06:28
10285047,2022-02-20,2022-04-09,,2026-07-29T17:06:28
10285594,2022-02-20,2023-09-30,,2026-07-29T17:06:28
10296107,2022-02-21,2022-02-21,,2026-07-29T17:06:28
10296914,2022-02-21,2022-02-21,,2026-07-29T17:06:29
10297962,2022-02-21,2022-07-03,,2026-07-29T17:06:29
10301088,2022-02-21,2025-01-24,,2026-07-29T17:06:29
10302803,2022-02-22,2022-02-25,,2026-07-29T17:06:29
10302987,2022-02-22,2022-02-22,,2026-07-29T17:06:29
10308430,2022-02-22,2022-06-02,,2026-07-29T17:06:29
10311230,2022-02-22,2026-08-21,,2026-08-23T04:10:10
10315340,2022-02-23,2022-07-21,,2026-07-29T17:06:30
10323470,2022-02-23,2022-02-23,,2026-07-29T17:06:30
10340851,2022-02-24,2022-08-25,,2026-07-29T17:06:30
10341583,2022-02-24,2025-09-29,,2026-07-29T17:06:30
10343601,2022-02-25,2026-08-23,,2026-08-25T04:11:29
10344604,2022-02-25,2022-02-25,,2026-07-29T17:06:31
10347100,2022-02-25,2022-04-27,,2026-07-29T17:06:31
10348396,2022-02-25,2023-04-23,,2026-07-29T17:06:31
10350615,2022-02-25,2022-07-17,,2026-07-29T17:06:31
10352176,2022-02-25,2023-02-04,,2026-07-29T17:06:32
10352451,2022-02-25,2025-09-30,,2026-07-29T17:06:32
10352945,2022-02-25,2026-08-25,,2026-08-25T03:26:09
10355830,2022-02-26,2022-07-22,,2026-07-29T17:06:32
10363619,2022-02-26,2025-01-02,,2026-07-29T17:06:34
10364082,2022-02-27,2022-02-27,,2026-07-29T17:06:34
10364162,2022-02-27,2026-02-24,,2026-07-29T17:06:34
10368206,2022-02-27,2022-05-03,,2026-07-29T17:06:34
10368591,2022-02-27,2023-05-21,,2026-07-29T17:06:34
10376379,2022-02-28,2022-04-25,,2026-07-29T17:06:34
10379753,2022-02-28,2022-05-20,,2026-07-29T17:06:34
10382592,2022-02-28,2022-02-28,,2026-07-29T17:06:35
10385303,2022-02-28,2025-06-27,,2026-07-29T17:06:35
10398915,2022-03-01,2025-10-20,,2026-07-29T17:06:35
10401063,2022-03-02,2022-03-02,,2026-07-29T17:06:35
10401441,2022-03-02,2022-08-25,,2026-07-29T17:06:35
10403160,2022-03-02,2022-10-19,,2026-07-29T17:06:35
10403566,2022-03-02,2022-03-17,,2026-07-29T17:06:35
10404263,2022-03-02,2024-04-04,,2026-07-29T17:06:35
10408781,2022-03-02,2022-07-01,,2026-07-29T17:06:35
10409786,2022-03-02,2023-07-02,,2026-07-29T17:06:35
10409920,2022-03-02,2023-10-03,,2026-07-29T17:06:36
10411265,2022-03-02,2022-06-30,,2026-07-29T17:06:36
10412249,2022-03-02,2022-04-16,,2026-07-29T17:06:36
10413019,2022-03-02,2023-08-29,,2026-07-29T17:06:36
10413649,2022-03-02,2022-08-05,,2026-07-29T17:06:37
10414059,2022-03-02,2024-07-13,,2026-07-29T17:06:37
10414245,2022-03-03,2024-03-07,,2026-07-29T17:06:37
10414533,2022-03-03,2025-12-02,,2026-07-29T17:06:37
10414608,2022-03-03,2022-09-04,,2026-07-29T17:06:37
10414609,2022-03-03,2022-03-03,,2026-07-29T17:06:38
10414956,2022-03-03,2022-03-03,,2026-07-29T17:07:25
10415138,2022-03-03,2022-03-07,,2026-07-29T17:07:25
10415220,2022-03-03,2023-08-30,,2026-07-29T17:07:26
10415889,2022-03-03,2023-10-29,,2026-07-29T17:07:26
10415949,2022-03-03,2022-03-07,,2026-07-29T17:07:26
10416953,2022-03-03,2022-04-15,,2026-07-29T17:07:26
10417113,2022-03-03,2022-05-15,,2026-07-29T17:07:27
10419495,2022-03-03,2023-01-04,,2026-07-29T17:07:27
10420028,2022-03-03,2026-08-24,,2026-08-24T22:39:26
10420899,2022-03-03,2023-02-28,,2026-07-29T17:07:27
10422993,2022-03-03,2022-11-02,,2026-07-29T17:07:27
10423360,2022-03-03,2022-10-16,,2026-07-29T17:07:28
10425771,2022-03-03,2022-03-03,,2026-07-29T17:07:28
10426935,2022-03-03,2022-05-06,,2026-07-29T17:07:28
10428655,2022-03-03,2022-05-25,,2026-07-29T17:07:28
10429252,2022-03-03,2022-03-16,,2026-07-29T17:07:28
10429682,2022-03-03,2026-04-16,,2026-07-29T17:07:28
10429763,2022-03-03,2026-08-18,,2026-08-19T05:02:17
10429782,2022-03-03,2022-05-04,,2026-07-29T17:07:29
10430596,2022-03-03,2022-04-15,,2026-07-29T17:07:29
10430668,2022-03-03,2022-10-18,,2026-07-29T17:07:29
10430711,2022-03-03,2022-03-04,,2026-07-29T17:07:29
10431165,2022-03-04,2022-10-10,,2026-07-29T17:07:29
10431302,2022-03-04,2022-03-04,,2026-07-29T17:07:30
10431718,2022-03-04,2023-06-09,,2026-07-29T17:07:30
10431960,2022-03-04,2022-03-05,,2026-07-29T17:07:30
10432033,2022-03-04,2025-03-07,,2026-07-29T17:07:30
10432224,2022-03-04,2024-01-05,,2026-07-29T17:07:31
10432383,2022-03-04,2022-03-04,,2026-07-29T17:07:30
10432897,2022-03-04,2024-12-23,,2026-07-29T17:07:31
10433203,2022-03-04,2026-03-06,,2026-07-29T17:07:31
10433440,2022-03-04,2022-06-17,,2026-07-29T17:07:31
10435155,2022-03-04,2022-06-09,,2026-07-29T17:07:31
10435257,2022-03-04,2023-09-30,,2026-07-29T17:07:31
10435947,2022-03-04,2025-04-25,,2026-07-29T17:07:32
10436108,2022-03-04,2022-03-04,,2026-07-29T17:07:32
10438409,2022-03-04,2022-03-29,,2026-07-29T17:07:32
10438883,2022-03-04,2023-04-18,,2026-07-29T17:07:32
10439056,2022-03-04,2026-08-04,,2026-08-06T04:08:45
10439218,2022-03-04,2022-06-07,,2026-07-29T17:07:33
10441099,2022-03-04,2022-10-06,,2026-07-29T17:07:33
10441200,2022-03-04,2022-11-06,,2026-07-29T17:07:33
10441962,2022-03-04,2024-11-12,,2026-07-29T17:07:33
10442422,2022-03-04,2022-12-06,,2026-07-29T17:07:33
10442813,2022-03-04,2022-03-15,,2026-07-29T17:07:34
10442909,2022-03-04,2025-01-24,,2026-07-29T17:07:34
10442974,2022-03-04,2022-03-04,,2026-07-29T17:07:35
10443129,2022-03-04,2022-04-15,,2026-07-29T17:07:35
10443213,2022-03-04,2022-03-11,,2026-07-29T17:07:35
10443390,2022-03-04,2022-06-08,,2026-07-29T17:07:37
10443685,2022-03-04,2026-08-25,,2026-08-25T01:26:58
10443691,2022-03-04,2026-08-20,,2026-08-22T04:18:22
10443782,2022-03-04,2023-02-13,,2026-07-29T17:07:38
10443814,2022-03-04,2022-09-12,,2026-07-29T17:07:38
10443859,2022-03-04,2022-04-03,,2026-07-29T17:07:38
10444094,2022-03-04,2022-07-02,,2026-07-29T17:07:38
10444248,2022-03-04,2022-11-15,,2026-07-29T17:08:24
10444249,2022-03-04,2023-12-19,,2026-07-29T17:08:24
10444437,2022-03-05,2023-01-27,,2026-07-29T17:08:25
10444438,2022-03-05,2025-11-18,,2026-07-29T17:08:25
10444588,2022-03-05,2022-03-05,,2026-07-29T17:08:26
10444594,2022-03-05,2024-02-09,,2026-07-29T17:08:26
10444654,2022-03-05,2023-01-18,,2026-07-29T17:08:26
10444711,2022-03-05,2022-03-07,,2026-07-29T17:08:27
10444805,2022-03-05,2023-06-01,,2026-07-29T17:08:28
10444810,2022-03-05,2022-04-09,,2026-07-29T17:08:29
10444884,2022-03-05,2022-05-05,,2026-07-29T17:08:30
10445030,2022-03-05,2025-04-15,,2026-07-29T17:08:29
10445954,2022-03-05,2022-11-09,,2026-07-29T17:08:29
10446178,2022-03-05,2022-08-22,,2026-07-29T17:08:30
10446752,2022-03-05,2022-05-19,,2026-07-29T17:08:30
10451413,2022-03-05,2022-05-26,,2026-07-29T17:08:31
10454028,2022-03-05,2022-03-27,,2026-07-29T17:08:31
10454397,2022-03-06,2022-05-30,,2026-07-29T17:08:31
10455296,2022-03-06,2022-05-20,,2026-07-29T17:08:31
10455429,2022-03-06,2022-03-10,,2026-07-29T17:08:31
10461892,2022-03-06,2025-03-06,,2026-07-29T17:08:32
10463233,2022-03-07,2022-12-16,,2026-07-29T17:08:31
10463278,2022-03-07,2024-09-11,,2026-07-29T17:08:32
10468192,2022-03-07,2023-12-16,,2026-07-29T17:08:32
10471078,2022-03-07,2022-03-07,,2026-07-29T17:08:32
10487938,2022-03-08,2022-03-08,,2026-07-29T17:08:33
10489323,2022-03-08,2025-05-16,,2026-07-29T17:08:33
10494196,2022-03-09,2023-08-23,,2026-08-13T10:07:40
10502162,2022-03-09,2022-04-01,,2026-07-29T17:08:34
10502230,2022-03-09,2022-09-12,,2026-07-29T17:08:34
10502931,2022-03-09,2022-03-10,,2026-07-29T17:08:33
10510943,2022-03-10,2025-02-27,,2026-07-29T17:08:34
10511348,2022-03-10,2022-05-24,,2026-07-29T17:08:36
10512128,2022-03-10,2026-05-20,,2026-07-29T17:08:36
10512169,2022-03-10,2022-03-23,,2026-07-29T17:08:36
10515066,2022-03-10,2025-03-16,,2026-07-29T17:08:36
10516974,2022-03-11,2022-09-14,,2026-07-29T17:08:37
10517262,2022-03-11,2022-06-05,,2026-07-29T17:08:37
10517617,2022-03-11,2022-05-25,,2026-07-29T17:08:37
10519138,2022-03-11,2022-03-14,,2026-07-29T17:08:38
10519894,2022-03-11,2023-05-13,,2026-07-29T17:08:38
10524472,2022-03-11,2023-07-30,,2026-07-29T17:08:39
10526481,2022-03-11,2022-05-22,,2026-07-29T17:08:39
10527065,2022-03-11,2022-03-14,,2026-07-29T17:08:39
10528493,2022-03-12,2025-10-16,,2026-07-29T17:08:39
10534901,2022-03-12,2022-07-19,,2026-07-29T17:08:39
10536074,2022-03-12,2024-03-16,,2026-07-29T17:08:39
10537076,2022-03-12,2022-07-14,,2026-07-29T17:08:39
10539174,2022-03-13,2022-05-27,,2026-07-29T17:08:40
10539521,2022-03-13,2026-05-31,,2026-07-29T17:08:40
10540466,2022-03-13,2023-10-18,,2026-07-29T17:08:40
10546569,2022-03-13,2022-06-24,,2026-07-29T17:08:40
10547680,2022-03-13,2022-03-13,,2026-07-29T17:08:40
10552745,2022-03-14,2022-07-14,,2026-07-29T17:08:41
10556570,2022-03-14,2023-09-17,,2026-07-29T17:08:41
10558024,2022-03-14,2025-06-05,,2026-07-29T17:08:41
10558960,2022-03-14,2022-03-23,,2026-07-29T17:08:41
10564260,2022-03-15,2022-05-23,,2026-07-29T17:08:41
10570691,2022-03-15,2024-03-08,,2026-07-29T17:08:42
10572873,2022-03-15,2026-01-27,,2026-07-29T17:08:42
10575546,2022-03-15,2022-03-15,,2026-07-29T17:08:42
10579038,2022-03-16,2022-05-18,,2026-07-29T17:08:42
10579065,2022-03-16,2025-03-10,,2026-07-29T17:08:42
10579209,2022-03-16,2023-09-07,,2026-07-29T17:08:42
10579363,2022-03-16,2022-04-18,,2026-07-29T17:08:42
10580467,2022-03-16,2022-03-16,,2026-07-29T17:08:42
10587042,2022-03-16,2025-11-17,,2026-07-29T17:08:43
10587376,2022-03-16,2022-12-19,,2026-07-29T17:08:43
10588035,2022-03-16,2023-08-22,,2026-07-29T17:08:43
10590054,2022-03-16,2022-03-17,,2026-07-29T17:08:43
10600482,2022-03-17,2022-06-10,,2026-07-29T17:08:43
10603742,2022-03-17,2022-09-19,,2026-07-29T17:08:44
10605970,2022-03-18,2025-08-15,,2026-07-29T17:08:45
10608004,2022-03-18,2022-04-07,,2026-07-29T17:08:45
10609711,2022-03-18,2022-05-29,,2026-07-29T17:08:44
10613650,2022-03-18,2023-09-17,,2026-07-29T17:08:45
10615065,2022-03-18,2022-09-10,,2026-07-29T17:08:45
10620165,2022-03-19,2026-08-15,,2026-08-17T05:06:47
10622166,2022-03-19,2025-10-25,,2026-07-29T17:08:46
10640512,2022-03-21,2024-10-10,,2026-07-29T17:08:46
10641317,2022-03-21,2022-03-21,,2026-07-29T17:08:48
10642090,2022-03-21,2022-03-21,,2026-07-29T17:08:49
10642585,2022-03-21,2025-10-18,,2026-07-29T17:08:49
10645001,2022-03-21,2022-06-07,,2026-07-29T17:08:49
10645644,2022-03-21,2022-11-11,,2026-07-29T17:08:49
10646030,2022-03-22,2026-08-10,,2026-08-12T05:08:26
10646788,2022-03-22,2022-04-08,,2026-07-29T17:08:49
10647237,2022-03-22,2023-01-31,,2026-08-10T10:02:03
10653073,2022-03-22,2022-09-07,,2026-07-29T17:08:50
10653898,2022-03-22,2026-08-21,,2026-08-23T04:16:45
10666591,2022-03-23,2025-04-06,,2026-07-29T17:08:51
10667832,2022-03-23,2022-04-15,,2026-07-29T17:08:52
10684772,2022-03-25,2022-03-28,,2026-07-29T17:08:52
10686676,2022-03-25,2023-03-04,,2026-07-29T17:08:53
10691283,2022-03-25,2022-03-28,,2026-07-29T17:08:53
10691394,2022-03-25,2022-06-10,,2026-07-29T17:08:54
10691501,2022-03-25,2022-08-09,,2026-07-29T17:08:54
10693786,2022-03-25,2026-08-17,,2026-08-19T04:06:19
10702155,2022-03-26,2022-07-06,,2026-07-29T17:08:54
10706004,2022-03-27,2022-07-12,,2026-07-29T17:08:54
10711057,2022-03-27,2022-03-27,,2026-07-29T17:08:56
10713694,2022-03-27,2022-03-27,,2026-07-29T17:08:57
10724335,2022-03-28,2022-05-24,,2026-07-29T17:08:57
10724678,2022-03-28,2026-08-14,,2026-08-15T05:04:10
10728861,2022-03-28,2023-09-10,,2026-07-29T17:08:58
10729624,2022-03-28,2022-06-26,,2026-07-29T17:08:58
10730180,2022-03-29,2023-10-27,,2026-07-29T17:08:58
10731067,2022-03-29,2022-04-22,,2026-07-29T17:08:59
10732068,2022-03-29,2022-09-18,,2026-07-29T17:08:59
10732098,2022-03-29,2022-08-19,,2026-07-29T17:09:00
10736645,2022-03-29,2023-02-06,,2026-07-29T17:09:00
10738612,2022-03-29,2025-04-10,,2026-07-29T17:09:00
10738844,2022-03-29,2022-03-29,,2026-07-29T17:09:00
10739193,2022-03-29,2025-10-27,,2026-07-29T17:09:01
10742860,2022-03-29,2022-03-31,,2026-07-29T17:09:01
10743232,2022-03-29,2022-05-27,,2026-07-29T17:09:01
10743289,2022-03-29,2024-05-28,,2026-07-29T17:09:01
10747340,2022-03-30,2022-09-23,,2026-07-29T17:09:02
10755122,2022-03-30,2025-04-15,,2026-07-29T17:09:03
10756587,2022-03-30,2024-04-18,,2026-07-29T17:09:02
10757899,2022-03-31,2022-05-11,,2026-07-29T17:09:03
10762010,2022-03-31,2022-03-31,,2026-07-29T17:09:03
10769594,2022-03-31,2025-03-06,,2026-07-29T17:09:03
10769797,2022-03-31,2025-09-15,,2026-07-29T17:09:03
10770141,2022-03-31,2022-11-16,,2026-07-29T17:09:03
10779545,2022-04-01,2022-04-01,,2026-07-29T17:09:04
10784042,2022-04-01,2022-06-22,,2026-07-29T17:09:04
10784753,2022-04-02,2023-08-11,,2026-07-29T17:09:04
10785970,2022-04-02,2023-01-03,,2026-07-29T17:09:04
10791288,2022-04-02,2024-11-15,,2026-07-29T17:09:04
10791916,2022-04-02,2023-07-08,,2026-07-29T17:09:05
10794901,2022-04-03,2023-02-05,,2026-07-29T17:09:06
10795569,2022-04-03,2025-09-15,,2026-07-29T17:09:06
10800361,2022-04-03,2022-10-10,,2026-07-29T17:09:06
10800365,2022-04-03,2022-04-07,,2026-07-29T17:09:07
10800860,2022-04-03,2025-03-21,,2026-07-29T17:09:06
10800896,2022-04-03,2022-04-05,,2026-07-29T17:09:06
10801051,2022-04-03,2023-01-23,,2026-07-29T17:09:08
10801417,2022-04-03,2024-09-11,,2026-07-29T17:09:08
10801696,2022-04-03,2022-04-12,,2026-07-29T17:09:07
10801889,2022-04-03,2022-09-10,,2026-07-29T17:09:08
10802002,2022-04-03,2022-05-26,,2026-07-29T17:09:08
10802109,2022-04-03,2022-06-09,,2026-07-29T17:09:08
10802266,2022-04-03,2022-04-04,,2026-07-29T17:09:08
10803033,2022-04-04,2022-04-05,,2026-07-29T17:09:09
10803865,2022-04-04,2024-03-19,,2026-07-29T17:09:09
10804015,2022-04-04,2023-02-14,,2026-07-29T17:09:09
10804968,2022-04-04,2023-08-17,,2026-07-29T17:09:10
10806920,2022-04-04,2022-09-22,,2026-07-29T17:09:10
10807550,2022-04-04,2022-04-11,,2026-07-29T17:09:10
10807874,2022-04-04,2025-05-01,,2026-07-29T17:09:11
10812029,2022-04-04,2022-08-19,,2026-07-29T17:09:11
10814740,2022-04-04,2022-04-04,,2026-07-29T17:09:13
10815014,2022-04-04,2022-04-05,,2026-07-29T17:09:13
10815058,2022-04-04,2026-08-24,,2026-08-24T17:02:00
10815788,2022-04-04,2022-04-07,,2026-07-29T17:09:16
10816264,2022-04-05,2025-10-21,,2026-07-29T17:09:15
10816671,2022-04-05,2022-04-05,,2026-07-29T17:09:16
10817422,2022-04-05,2025-03-14,,2026-07-29T17:09:17
10818103,2022-04-05,2022-11-17,,2026-07-29T17:09:17
10818389,2022-04-05,2023-01-12,,2026-07-29T17:09:17
10820593,2022-04-05,2022-07-06,,2026-07-29T17:09:17
10823411,2022-04-05,2026-02-05,,2026-08-16T10:04:21
10823552,2022-04-05,2022-05-19,,2026-07-29T17:09:18
10829401,2022-04-05,2022-06-09,,2026-07-29T17:09:20
10834203,2022-04-06,2022-11-25,,2026-07-29T17:09:20
10841122,2022-04-06,2026-08-25,,2026-08-25T04:26:22
10842083,2022-04-06,2022-11-20,,2026-07-29T17:09:20
10842921,2022-04-06,2022-06-06,,2026-07-29T17:09:21
10849651,2022-04-07,2023-08-03,,2026-07-29T17:09:21
10849868,2022-04-07,2022-06-23,,2026-07-29T17:09:22
10853571,2022-04-07,2022-07-05,,2026-07-29T17:09:22
10864690,2022-04-08,2023-08-14,,2026-07-29T17:09:22
10866987,2022-04-09,2022-04-09,,2026-07-29T17:09:22
10875915,2022-04-10,2023-05-12,,2026-07-29T17:09:22
10880000,2022-04-10,2023-05-28,,2026-07-29T17:09:24
10888858,2022-04-11,2023-11-05,,2026-07-29T17:09:25
10889402,2022-04-11,2024-01-03,,2026-07-29T17:09:25
10897978,2022-04-12,2026-02-20,,2026-07-29T17:09:26
10899054,2022-04-12,2025-06-01,,2026-07-29T17:09:26
10903890,2022-04-13,2023-05-20,,2026-07-29T17:09:26
10904593,2022-04-13,2026-08-03,,2026-08-05T15:00:12
10907304,2022-04-13,2022-05-24,,2026-07-29T17:09:26
10910298,2022-04-13,2022-05-26,,2026-07-29T17:09:27
10915993,2022-04-14,2022-04-14,,2026-07-29T17:09:27
10916763,2022-04-14,2024-02-06,,2026-07-29T17:09:27
10917601,2022-04-14,2023-07-02,,2026-07-29T17:09:28
10920242,2022-04-14,2022-04-28,,2026-07-29T17:09:29
10924395,2022-04-14,2022-11-26,,2026-07-29T17:09:29
10931974,2022-04-15,2022-05-10,,2026-07-29T17:09:29
10932707,2022-04-15,2022-05-19,,2026-07-29T17:09:29
10934053,2022-04-15,2026-08-05,,2026-08-06T05:10:04
10934944,2022-04-16,2022-07-18,,2026-07-29T17:09:29
10936380,2022-04-16,2022-10-28,,2026-07-29T17:09:29
10941552,2022-04-16,2022-04-18,,2026-07-29T17:09:31
10942514,2022-04-17,2022-12-23,,2026-07-29T17:09:31
10943362,2022-04-17,2022-04-18,,2026-07-29T17:09:31
10943892,2022-04-17,2023-10-05,,2026-07-29T17:09:32
10944499,2022-04-17,2022-05-13,,2026-07-29T17:09:33
10945294,2022-04-17,2022-08-17,,2026-07-29T17:09:34
10946223,2022-04-17,2022-06-06,,2026-07-29T17:10:05
10946295,2022-04-17,2023-11-03,,2026-07-29T17:10:05
10947502,2022-04-18,2022-04-18,,2026-07-29T17:10:06
10947537,2022-04-18,2022-07-28,,2026-07-29T17:10:06
10948059,2022-04-18,2022-04-29,,2026-07-29T17:10:06
10948099,2022-04-18,2022-07-01,,2026-07-29T17:10:06
10949044,2022-04-18,2024-05-15,,2026-07-29T17:10:08
10952806,2022-04-18,2022-10-28,,2026-07-29T17:10:10
10954827,2022-04-18,2023-10-09,,2026-08-20T10:02:39
10956954,2022-04-18,2023-04-03,,2026-07-29T17:10:10
10957644,2022-04-18,2025-05-25,,2026-07-29T17:10:11
10958333,2022-04-18,2022-05-05,,2026-07-29T17:10:11
10958789,2022-04-18,2026-08-21,,2026-08-22T04:23:57
10959199,2022-04-19,2022-04-21,,2026-07-29T17:10:12
10959785,2022-04-19,2022-11-20,,2026-07-29T17:10:12
10967862,2022-04-19,2026-06-27,,2026-07-29T17:10:13
10975928,2022-04-20,2026-07-23,,2026-07-29T17:10:13
10977702,2022-04-20,2022-05-18,,2026-07-29T17:10:14
10979880,2022-04-20,2022-04-20,,2026-07-29T17:10:15
10981338,2022-04-20,2023-05-18,,2026-07-29T17:10:16
10981739,2022-04-20,2022-05-18,,2026-07-29T17:10:17
10985237,2022-04-21,2024-06-18,,2026-08-10T10:02:03
10990784,2022-04-21,2022-11-16,,2026-07-29T17:10:18
10995976,2022-04-22,2025-03-11,,2026-07-29T17:10:20
10995981,2022-04-22,2022-06-06,,2026-07-29T17:10:20
10996019,2022-04-22,2026-03-20,,2026-07-29T17:10:23
11001931,2022-04-22,2023-04-14,,2026-07-29T17:10:21
11005402,2022-04-22,2023-01-05,,2026-07-29T17:10:21
11014878,2022-04-24,2022-08-18,,2026-07-29T17:10:22
11017746,2022-04-24,2022-07-19,,2026-07-29T17:10:22
11023417,2022-04-25,2022-05-20,,2026-07-29T17:10:22
11024009,2022-04-25,2022-05-04,,2026-07-29T17:10:22
11024745,2022-04-25,2022-05-04,,2026-07-29T17:10:23
11030424,2022-04-25,2022-04-26,,2026-07-29T17:10:23
11031774,2022-04-25,2024-08-13,,2026-07-29T17:10:23
11033020,2022-04-25,2022-05-23,,2026-07-29T17:10:24
11034227,2022-04-26,2022-05-10,,2026-07-29T17:10:24
11034512,2022-04-26,2026-06-23,,2026-07-29T17:10:24
11038184,2022-04-26,2023-07-20,,2026-07-29T17:10:24
11042730,2022-04-26,2022-04-27,,2026-07-29T17:10:25
11045903,2022-04-26,2023-10-25,,2026-07-29T17:10:25
11048990,2022-04-27,2023-02-28,,2026-07-29T17:10:25
11056155,2022-04-27,2022-09-19,,2026-07-29T17:10:25
11058408,2022-04-27,2022-04-28,,2026-07-29T17:10:26
11059712,2022-04-27,2023-08-25,,2026-07-29T17:10:27
11060169,2022-04-28,2022-08-03,,2026-07-29T17:10:26
11061911,2022-04-28,2022-06-07,,2026-07-29T17:10:26
11063437,2022-04-28,2022-12-23,,2026-07-29T17:10:27
11066318,2022-04-28,2023-02-27,,2026-07-29T17:10:27
11071064,2022-04-28,2024-03-18,,2026-07-29T17:10:28
11072798,2022-04-28,2022-04-28,,2026-07-29T17:10:28
11075977,2022-04-28,2022-11-09,,2026-07-29T17:10:28
11076095,2022-04-29,2026-02-28,,2026-07-29T17:10:28
11076269,2022-04-29,2025-11-05,,2026-07-29T17:10:28
11076796,2022-04-29,2023-03-10,,2026-07-29T17:10:29
11077090,2022-04-29,2023-09-15,,2026-07-29T17:10:29
11077245,2022-04-29,2023-11-17,,2026-07-29T17:10:29
11077538,2022-04-29,2022-08-17,,2026-07-29T17:10:29
11077744,2022-04-29,2024-04-19,,2026-07-29T17:10:29
11080960,2022-04-29,2022-12-28,,2026-07-29T17:10:30
11081706,2022-04-29,2022-08-10,,2026-07-29T17:10:30
11082412,2022-04-29,2022-07-05,,2026-07-29T17:10:31
11082847,2022-04-29,2022-07-23,,2026-07-29T17:10:31
11082948,2022-04-29,2022-10-25,,2026-07-29T17:10:31
11091841,2022-04-30,2024-04-03,,2026-07-29T17:10:32
11096724,2022-04-30,2026-07-11,,2026-07-29T17:10:32
11097203,2022-04-30,2023-01-31,,2026-07-29T17:10:33
11097228,2022-04-30,2025-05-05,,2026-07-29T17:10:33
11099395,2022-05-01,2026-08-02,,2026-08-04T05:01:45
11099585,2022-05-01,2022-05-28,,2026-07-29T17:10:33
11103272,2022-05-01,2022-06-24,,2026-07-29T17:10:33
11107952,2022-05-02,2022-08-14,,2026-07-29T17:10:33
11108616,2022-05-02,2022-06-02,,2026-07-29T17:10:34
11110139,2022-05-02,2022-08-03,,2026-07-29T17:10:34
11114542,2022-05-02,2022-05-02,,2026-07-29T17:10:35
11117887,2022-05-02,2022-05-03,,2026-07-29T17:10:35
11119470,2022-05-02,2023-09-25,,2026-07-29T17:10:35
11119565,2022-05-02,2022-05-16,,2026-07-29T17:10:35
11121149,2022-05-02,2022-05-10,,2026-07-29T17:10:36
11128311,2022-05-03,2022-05-03,,2026-07-29T17:10:36
11130081,2022-05-03,2022-10-26,,2026-07-29T17:10:36
11132148,2022-05-03,2022-07-05,,2026-07-29T17:10:37
11132645,2022-05-03,2026-02-13,,2026-07-29T17:10:37
11133910,2022-05-03,2022-05-03,,2026-07-29T17:10:37
11135048,2022-05-04,2023-12-21,,2026-07-29T17:10:37
11141350,2022-05-04,2022-05-07,,2026-07-29T17:10:37
11144653,2022-05-04,2022-09-28,,2026-07-29T17:10:37
11145171,2022-05-04,2022-09-29,,2026-07-29T17:10:37
11145952,2022-05-04,2025-03-10,,2026-07-29T17:10:38
11146477,2022-05-04,2024-01-14,,2026-07-29T17:10:38
11146933,2022-05-04,2022-09-21,,2026-07-29T17:10:38
11147754,2022-05-05,2023-08-27,,2026-07-29T17:10:38
11149186,2022-05-05,2022-11-29,,2026-07-29T17:10:39
11149193,2022-05-05,2022-05-05,,2026-07-29T17:10:39
11149452,2022-05-05,2022-05-05,,2026-07-29T17:10:39
11149821,2022-05-05,2023-04-02,,2026-07-29T17:10:39
11149966,2022-05-05,2022-05-27,,2026-07-29T17:10:39
11152549,2022-05-05,2022-07-31,,2026-07-29T17:10:40
11157039,2022-05-05,2022-05-05,,2026-07-29T17:10:40
11159873,2022-05-05,2026-08-25,,2026-08-25T00:33:09
11160606,2022-05-06,2022-05-26,,2026-07-29T17:11:21
11160701,2022-05-06,2022-05-06,,2026-07-29T17:11:22
11170887,2022-05-06,2022-05-06,,2026-07-29T17:11:22
11171158,2022-05-06,2022-05-06,,2026-07-29T17:11:22
11172213,2022-05-06,2022-05-19,,2026-07-29T17:11:23
11172282,2022-05-06,2022-05-06,,2026-07-29T17:11:23
11175373,2022-05-07,2022-05-11,,2026-07-29T17:11:23
11179679,2022-05-07,2025-05-26,,2026-07-29T17:11:24
11184512,2022-05-08,2022-05-09,,2026-07-29T17:11:24
11188294,2022-05-08,2022-07-19,,2026-07-29T17:11:24
11188972,2022-05-08,2022-05-08,,2026-07-29T17:11:24
11189441,2022-05-09,2022-08-01,,2026-07-29T17:11:25
11191839,2022-05-09,2024-08-19,,2026-07-29T17:11:25
11198693,2022-05-09,2026-08-21,,2026-08-23T06:04:01
11204521,2022-05-10,2026-01-07,,2026-07-29T17:11:26
11204764,2022-05-10,2022-07-08,,2026-07-29T17:11:26
11215420,2022-05-10,2023-05-08,,2026-07-29T17:11:26
11217866,2022-05-11,2022-05-27,,2026-07-29T17:11:26
11226309,2022-05-11,2026-08-21,,2026-08-23T04:20:47
11227013,2022-05-11,2023-08-14,,2026-07-29T17:11:27
11228086,2022-05-11,2026-07-08,,2026-07-29T17:11:27
11230345,2022-05-12,2022-07-17,,2026-07-29T17:11:27
11230516,2022-05-12,2023-08-10,,2026-07-29T17:11:28
11233058,2022-05-12,2022-06-08,,2026-07-29T17:11:28
11241405,2022-05-12,2023-07-17,,2026-07-29T17:11:29
11242902,2022-05-13,2022-05-17,,2026-07-29T17:11:29
11244730,2022-05-13,2022-06-07,,2026-07-29T17:11:29
11248757,2022-05-13,2022-12-06,,2026-07-29T17:11:29
11250141,2022-05-13,2022-05-15,,2026-07-29T17:11:30
11251863,2022-05-13,2022-05-14,,2026-07-29T17:11:32
11254867,2022-05-14,2022-05-14,,2026-07-29T17:11:30
11255970,2022-05-14,2022-09-24,,2026-07-29T17:11:32
11257989,2022-05-14,2023-02-21,,2026-07-29T17:11:32
11260788,2022-05-14,2023-05-09,,2026-07-29T17:11:34
11261016,2022-05-14,2026-05-23,,2026-07-29T17:11:34
11264033,2022-05-15,2023-06-21,,2026-07-29T17:11:34
11264678,2022-05-15,2023-01-25,,2026-07-29T17:11:34
11265512,2022-05-15,2024-02-20,,2026-07-29T17:11:34
11267303,2022-05-15,2024-08-22,,2026-07-29T17:11:35
11269270,2022-05-15,2022-09-09,,2026-07-29T17:11:35
11269458,2022-05-15,2023-04-14,,2026-07-29T17:11:36
11269920,2022-05-15,2022-07-13,,2026-07-29T17:11:36
11271114,2022-05-16,2022-08-14,,2026-07-29T17:11:36
11271138,2022-05-16,2023-01-24,,2026-07-29T17:11:37
11271624,2022-05-16,2022-11-15,,2026-07-29T17:11:37
11271776,2022-05-16,2024-09-23,,2026-07-29T17:11:37
11272437,2022-05-16,2024-02-17,,2026-07-29T17:11:37
11275931,2022-05-16,2023-03-16,,2026-07-29T17:11:38
11282110,2022-05-16,2022-08-09,,2026-07-29T17:11:38
11282387,2022-05-16,2023-10-05,,2026-07-29T17:11:39
11284644,2022-05-17,2023-01-13,,2026-07-29T17:11:39
11284701,2022-05-17,2022-08-19,,2026-07-29T17:11:40
11288757,2022-05-17,2022-11-11,,2026-07-29T17:11:40
11291376,2022-05-17,2025-01-24,,2026-07-29T17:11:40
11292287,2022-05-17,2026-07-14,,2026-07-29T17:11:41
11296891,2022-05-17,2023-10-24,,2026-07-29T17:11:41
11297557,2022-05-17,2022-07-05,,2026-07-29T17:11:41
11297803,2022-05-18,2024-05-31,,2026-07-29T17:11:42
11297954,2022-05-18,2022-06-17,,2026-07-29T17:11:42
11298563,2022-05-18,2022-05-19,,2026-07-29T17:11:42
11299112,2022-05-18,2022-06-04,,2026-07-29T17:11:43
11299206,2022-05-18,2026-08-13,,2026-08-15T04:21:02
11299391,2022-05-18,2025-10-14,,2026-07-29T17:11:43
11305926,2022-05-18,2024-10-01,,2026-07-29T17:11:43
11307124,2022-05-18,2022-07-07,,2026-07-29T17:11:44
11310737,2022-05-18,2025-07-14,,2026-07-29T17:11:44
11311671,2022-05-19,2023-05-22,,2026-07-29T17:11:44
11313111,2022-05-19,2023-10-31,,2026-07-29T17:11:44
11313785,2022-05-19,2022-05-26,,2026-07-29T17:11:45
11314184,2022-05-19,2026-08-12,,2026-08-14T04:12:02
11317681,2022-05-19,2022-05-19,,2026-07-29T17:11:45
11319717,2022-05-19,2022-06-22,,2026-07-29T17:11:47
11319850,2022-05-19,2022-05-27,,2026-07-29T17:11:47
11320593,2022-05-19,2022-05-27,,2026-07-29T17:11:48
11320869,2022-05-19,2022-09-01,,2026-07-29T17:11:47
11322173,2022-05-19,2026-08-22,,2026-08-24T04:12:59
11322231,2022-05-19,2023-12-08,,2026-07-29T17:11:48
11323185,2022-05-19,2022-08-24,,2026-07-29T17:11:48
11323417,2022-05-19,2022-11-09,,2026-07-29T17:11:49
11323852,2022-05-19,2022-07-10,,2026-07-29T17:11:48
11324067,2022-05-19,2022-07-01,,2026-07-29T17:11:48
11324248,2022-05-19,2022-08-20,,2026-07-29T17:11:49
11324266,2022-05-19,2022-05-30,,2026-07-29T17:12:13
11324280,2022-05-19,2026-07-23,,2026-07-29T17:12:13
11324320,2022-05-19,2024-02-06,,2026-07-29T17:12:13
11324423,2022-05-19,2022-06-23,,2026-07-29T17:12:13
11324545,2022-05-19,2025-11-21,,2026-07-29T17:12:13
11324815,2022-05-20,2022-12-12,,2026-07-29T17:12:14
11325407,2022-05-20,2024-11-29,,2026-07-29T17:12:14
11326133,2022-05-20,2026-08-17,,2026-08-18T04:12:28
11326779,2022-05-20,2022-06-20,,2026-07-29T17:12:14
11327170,2022-05-20,2022-05-20,,2026-07-29T17:12:15
11327712,2022-05-20,2025-11-19,,2026-07-31T21:59:26
11328127,2022-05-20,2024-11-05,,2026-07-29T17:12:15
11330833,2022-05-20,2024-05-07,,2026-07-29T17:12:16
11334170,2022-05-20,2023-03-21,,2026-07-29T17:12:16
11335578,2022-05-20,2023-06-14,,2026-07-29T17:12:16
11336652,2022-05-20,2024-06-05,,2026-07-29T17:12:16
11345274,2022-05-21,2022-06-08,,2026-07-29T17:12:17
11345711,2022-05-21,2024-10-30,,2026-07-29T17:12:17
11345731,2022-05-21,2023-02-26,,2026-07-29T17:12:17
11347303,2022-05-22,2025-06-13,,2026-07-29T17:12:17
11349803,2022-05-22,2022-08-16,,2026-07-29T17:12:17
11350123,2022-05-22,2023-05-10,,2026-07-29T17:12:21
11350847,2022-05-22,2024-08-20,,2026-07-29T17:12:21
11352346,2022-05-22,2023-01-26,,2026-07-29T17:12:22
11352831,2022-05-22,2022-07-10,,2026-07-29T17:12:22
11353377,2022-05-22,2022-07-01,,2026-07-29T17:12:23
11353642,2022-05-22,2022-07-19,,2026-07-29T17:12:22
11361656,2022-05-23,2022-11-09,,2026-07-29T17:12:23
11361735,2022-05-23,2022-06-20,,2026-07-29T17:12:23
11363245,2022-05-23,2022-05-23,,2026-07-29T17:12:23
11364953,2022-05-23,2024-12-11,,2026-07-29T17:12:25
11366270,2022-05-23,2026-07-30,,2026-07-31T06:05:21
11366533,2022-05-23,2024-02-25,,2026-07-29T17:12:26
11366876,2022-05-23,2024-02-16,,2026-07-29T17:12:26
11368720,2022-05-24,2026-08-10,,2026-08-11T07:11:53
11369054,2022-05-24,2025-10-27,,2026-07-29T17:12:26
11369192,2022-05-24,2022-05-24,,2026-07-29T17:12:26
11370681,2022-05-24,2024-01-19,,2026-07-29T17:12:26
11376294,2022-05-24,2022-08-10,,2026-07-29T17:12:26
11378984,2022-05-24,2026-02-27,,2026-07-29T17:12:26
11379448,2022-05-24,2026-07-07,,2026-07-29T17:12:26
11380211,2022-05-24,2023-12-29,,2026-07-29T17:12:26
11382116,2022-05-25,2023-05-05,,2026-07-29T17:12:26
11382647,2022-05-25,2026-07-16,,2026-07-29T17:12:26
11388514,2022-05-25,2023-05-19,,2026-07-29T17:12:27
11389212,2022-05-25,2022-08-01,,2026-07-29T17:12:27
11391863,2022-05-25,2022-08-10,,2026-07-29T17:12:27
11394479,2022-05-25,2022-05-25,,2026-07-29T17:12:27
11395562,2022-05-26,2023-02-05,,2026-07-29T17:12:27
11405515,2022-05-26,2022-05-26,,2026-07-29T17:12:28
11405646,2022-05-26,2022-08-20,,2026-07-29T17:12:28
11406096,2022-05-26,2022-05-26,,2026-07-29T17:12:28
11407053,2022-05-26,2025-12-01,,2026-07-29T17:12:29
11407526,2022-05-27,2026-08-02,,2026-08-03T04:11:09
11407573,2022-05-27,2022-07-20,,2026-07-29T17:12:29
11407583,2022-05-27,2024-06-21,,2026-07-29T17:12:29
11407594,2022-05-27,2022-11-20,,2026-07-29T17:12:29
11407628,2022-05-27,2024-05-06,,2026-07-29T17:12:29
11407699,2022-05-27,2026-02-13,,2026-07-29T17:12:30
11407911,2022-05-27,2022-09-16,,2026-07-29T17:12:30
11408271,2022-05-27,2022-10-05,,2026-07-29T17:12:30
11408593,2022-05-27,2022-06-10,,2026-07-29T17:12:30
11415416,2022-05-27,2022-07-19,,2026-07-29T17:12:30
11418598,2022-05-27,2024-05-15,,2026-07-29T17:12:30
11420181,2022-05-28,2025-10-15,,2026-07-29T17:12:31
11420191,2022-05-28,2024-07-02,,2026-07-29T17:12:31
11420318,2022-05-28,2022-06-24,,2026-07-29T17:12:31
11420395,2022-05-28,2023-04-03,,2026-07-29T17:12:32
11420504,2022-05-28,2025-10-03,,2026-07-29T17:12:32
11420869,2022-05-28,2022-09-13,,2026-07-29T17:12:32
11423663,2022-05-28,2022-07-08,,2026-07-29T17:12:32
11427345,2022-05-28,2025-06-24,,2026-07-29T17:12:32
11427587,2022-05-29,2025-12-14,,2026-07-29T17:12:33
11427721,2022-05-29,2023-08-19,,2026-07-29T17:12:33
11428282,2022-05-29,2024-05-26,,2026-07-29T17:12:33
11429091,2022-05-29,2022-06-10,,2026-07-29T17:12:33
11434406,2022-05-29,2023-02-20,,2026-07-29T17:12:33
11435012,2022-05-30,2026-02-21,,2026-07-29T17:12:34
11436955,2022-05-30,2022-06-18,,2026-07-29T17:12:34
11442180,2022-05-30,2024-06-04,,2026-07-29T17:12:34
11442535,2022-05-30,2022-09-07,,2026-07-29T17:12:34
11446463,2022-05-30,2025-01-02,,2026-07-29T17:12:34
11446786,2022-05-31,2022-05-31,,2026-07-29T17:12:34
11448326,2022-05-31,2022-05-31,,2026-07-29T17:12:35
11452797,2022-05-31,2024-03-13,,2026-07-29T17:12:35
11454474,2022-05-31,2022-05-31,,2026-07-29T17:12:35
11456109,2022-05-31,2022-07-20,,2026-07-29T17:12:35
11456856,2022-05-31,2022-06-02,,2026-07-29T17:12:35
11457045,2022-05-31,2022-11-19,,2026-07-29T17:12:35
11457482,2022-05-31,2022-07-20,,2026-07-29T17:12:36
11458568,2022-05-31,2022-08-08,,2026-07-29T17:12:36
11459744,2022-05-31,2022-08-24,,2026-07-29T17:12:36
11460361,2022-05-31,2023-04-07,,2026-07-29T17:12:36
11460523,2022-06-01,2022-08-25,,2026-07-29T17:12:36
11466545,2022-06-01,2022-07-02,,2026-07-29T17:12:36
11482546,2022-06-02,2023-09-04,,2026-07-29T17:12:37
11483196,2022-06-02,2023-09-27,,2026-07-29T17:12:37
11483699,2022-06-02,2023-03-05,,2026-07-29T17:12:37
11484754,2022-06-02,2022-06-22,,2026-07-29T17:13:17
11486566,2022-06-02,2026-08-25,,2026-08-25T00:02:05
11487105,2022-06-02,2026-08-22,,2026-08-24T04:13:01
11487403,2022-06-02,2023-05-31,,2026-07-29T17:13:17
11488525,2022-06-02,2025-04-22,,2026-07-29T17:13:17
11488762,2022-06-02,2024-05-16,,2026-07-29T17:13:17
11489085,2022-06-03,2023-07-04,,2026-07-29T17:13:17
11489821,2022-06-03,2022-08-07,,2026-07-29T17:13:18
11490008,2022-06-03,2023-08-26,,2026-07-29T17:13:20
11490203,2022-06-03,2026-08-24,,2026-08-24T23:25:26
11490933,2022-06-03,2022-08-06,,2026-07-29T17:13:21
11492343,2022-06-03,2023-05-03,,2026-07-29T17:13:21
11499120,2022-06-03,2026-08-22,,2026-08-24T04:11:45
11500264,2022-06-03,2022-06-22,,2026-07-29T17:13:21
11500615,2022-06-03,2023-12-12,,2026-07-29T17:13:21
11500825,2022-06-03,2024-08-25,,2026-07-29T17:13:22
11501568,2022-06-03,2022-06-24,,2026-07-29T17:13:22
11502038,2022-06-03,2022-06-16,,2026-07-29T17:13:22
11502314,2022-06-03,2024-06-06,,2026-07-29T17:13:22
11502968,2022-06-03,2026-04-05,,2026-07-29T17:13:22
11504214,2022-06-04,2022-06-04,,2026-07-29T17:13:22
11504348,2022-06-04,2026-08-15,,2026-08-17T04:11:19
11504440,2022-06-04,2022-06-29,,2026-07-29T17:13:23
11504688,2022-06-04,2022-06-04,,2026-07-29T17:13:23
11504794,2022-06-04,2023-11-25,,2026-07-29T17:13:23
11505841,2022-06-04,2023-04-09,,2026-07-29T17:13:24
11507521,2022-06-04,2022-09-16,,2026-07-29T17:13:24
11507675,2022-06-04,2022-06-29,,2026-07-29T17:13:24
11509195,2022-06-04,2022-06-04,,2026-07-29T17:13:26
11509258,2022-06-04,2022-07-15,,2026-07-29T17:13:24
11509335,2022-06-04,2022-08-30,,2026-07-29T17:13:26
11509564,2022-06-04,2026-02-18,,2026-07-29T17:13:26
11509630,2022-06-04,2022-10-28,,2026-07-29T17:13:25
11510343,2022-06-04,2023-06-04,,2026-07-29T17:13:25
11511518,2022-06-04,2022-06-24,,2026-07-29T17:13:25
11511904,2022-06-04,2022-06-25,,2026-07-29T17:13:25
11512096,2022-06-04,2023-06-06,,2026-07-29T17:13:26
11512807,2022-06-05,2022-10-13,,2026-07-29T17:13:25
11513175,2022-06-05,2024-12-28,,2026-07-29T17:13:26
11513180,2022-06-05,2023-02-27,,2026-07-29T17:13:26
11513353,2022-06-05,2022-06-08,,2026-07-29T17:13:26
11513398,2022-06-05,2025-04-12,,2026-07-29T17:13:26
11513498,2022-06-05,2026-08-19,,2026-08-21T04:04:40
11513523,2022-06-05,2024-08-22,,2026-07-29T17:13:27
11513557,2022-06-05,2024-02-17,,2026-07-29T17:13:27
11513571,2022-06-05,2022-09-13,,2026-07-29T17:13:27
11513695,2022-06-05,2022-06-05,,2026-07-29T17:13:27
11516435,2022-06-05,2022-11-20,,2026-07-29T17:13:28
11518359,2022-06-05,2022-06-28,,2026-07-29T17:13:29
11518392,2022-06-05,2025-05-27,,2026-07-29T17:13:30
11518698,2022-06-05,2023-10-03,,2026-08-16T10:03:31
11518842,2022-06-05,2022-11-22,,2026-07-29T17:13:30
11524149,2022-06-06,2023-05-03,,2026-07-29T17:13:30
11525353,2022-06-06,2023-01-23,,2026-07-29T17:13:31
11529029,2022-06-06,2022-06-25,,2026-07-29T17:13:30
11529162,2022-06-06,2026-02-23,,2026-07-29T17:13:30
11533631,2022-06-06,2026-06-19,,2026-07-29T17:13:31
11534160,2022-06-06,2023-08-24,,2026-07-29T17:13:31
11534202,2022-06-06,2026-06-01,,2026-07-29T17:13:31
11534819,2022-06-06,2022-12-07,,2026-07-29T17:13:31
11535004,2022-06-06,2022-07-08,,2026-07-29T17:13:31
11535302,2022-06-06,2025-03-27,,2026-07-29T17:13:31
11535609,2022-06-06,2022-08-24,,2026-07-29T17:13:31
11536244,2022-06-06,2023-03-08,,2026-07-29T17:13:32
11536687,2022-06-07,2023-03-25,,2026-07-29T17:13:32
11537536,2022-06-07,2022-11-02,,2026-07-29T17:13:32
11544073,2022-06-07,2022-06-20,,2026-07-29T17:13:32
11546035,2022-06-07,2023-09-09,,2026-07-29T17:13:32
11546309,2022-06-07,2025-10-11,,2026-07-29T17:13:32
11546346,2022-06-07,2026-05-24,,2026-07-29T17:13:32
11546938,2022-06-07,2022-07-16,,2026-07-29T17:13:33
11548153,2022-06-07,2024-12-30,,2026-07-29T17:13:33
11551057,2022-06-08,2022-07-25,,2026-07-29T17:13:33
11551125,2022-06-08,2024-02-19,,2026-07-29T17:13:34
11551139,2022-06-08,2022-06-08,,2026-07-29T17:13:34
11551182,2022-06-08,2023-08-28,,2026-07-29T17:13:34
11551209,2022-06-08,2026-07-28,,2026-07-30T04:06:30
11551299,2022-06-08,2022-07-15,,2026-07-29T17:13:35
11551304,2022-06-08,2022-06-08,,2026-07-29T17:13:34
11551424,2022-06-08,2022-08-01,,2026-07-29T17:13:34
11551494,2022-06-08,2022-09-17,,2026-07-29T17:13:35
11552541,2022-06-08,2023-01-27,,2026-07-29T17:13:35
11554451,2022-06-08,2026-08-25,,2026-08-25T05:34:13
11557600,2022-06-08,2023-05-12,,2026-07-29T17:13:35
11558801,2022-06-08,2022-06-08,,2026-07-29T17:13:35
11559192,2022-06-08,2023-05-30,,2026-07-29T17:13:35
11560041,2022-06-08,2024-08-19,,2026-07-29T17:13:36
11561787,2022-06-08,2022-12-07,,2026-07-29T17:13:36
11562122,2022-06-08,2026-08-12,,2026-08-14T04:20:16
11562930,2022-06-08,2022-06-11,,2026-07-29T17:13:36
11573360,2022-06-09,2023-01-18,,2026-07-29T17:13:36
11573980,2022-06-09,2022-06-17,,2026-07-29T17:13:37
11574949,2022-06-09,2023-05-02,,2026-07-29T17:13:37
11575994,2022-06-09,2022-11-15,,2026-07-29T17:13:37
11578461,2022-06-09,2024-08-28,,2026-07-29T17:13:38
11580036,2022-06-09,2022-09-17,,2026-07-29T17:13:38
11580132,2022-06-10,2023-12-03,,2026-07-29T17:13:38
11581411,2022-06-10,2022-11-22,,2026-07-29T17:13:38
11581976,2022-06-10,2023-05-27,,2026-07-29T17:13:38
11591572,2022-06-10,2023-01-09,,2026-07-29T17:13:38
11592432,2022-06-10,2024-03-29,,2026-07-29T17:13:38
11592588,2022-06-10,2023-09-24,,2026-07-29T17:13:38
11601699,2022-06-11,2023-12-01,,2026-07-29T17:13:39
11623672,2022-06-13,2022-06-30,,2026-07-29T17:13:39
11624052,2022-06-13,2025-03-14,,2026-07-29T17:13:51
11624064,2022-06-13,2022-06-13,,2026-07-29T17:13:51
11628115,2022-06-14,2025-06-13,,2026-07-29T17:13:51
11635494,2022-06-14,2026-04-28,,2026-07-29T17:13:51
11636095,2022-06-14,2026-06-26,,2026-07-29T17:13:51
11636380,2022-06-14,2023-12-26,,2026-07-29T17:13:51
11637636,2022-06-14,2026-06-23,,2026-07-29T17:13:52
11638452,2022-06-15,2025-06-26,,2026-07-29T17:13:52
11638739,2022-06-15,2023-11-13,,2026-07-29T17:13:52
11638860,2022-06-15,2022-07-25,,2026-07-29T17:13:52
11639062,2022-06-15,2023-01-26,,2026-07-29T17:13:52
11644166,2022-06-15,2026-07-14,,2026-07-29T17:13:52
11648022,2022-06-15,2025-09-22,,2026-07-29T17:13:52
11649127,2022-06-15,2022-12-03,,2026-07-29T17:13:52
11649230,2022-06-15,2023-04-03,,2026-07-29T17:13:52
11649425,2022-06-15,2026-03-21,,2026-07-29T17:13:53
11650048,2022-06-15,2023-09-07,,2026-07-29T17:13:53
11662813,2022-06-16,2022-11-17,,2026-07-29T17:13:53
11663351,2022-06-17,2026-07-09,,2026-07-29T17:13:53
11663586,2022-06-17,2025-09-23,,2026-07-29T17:13:53
11663669,2022-06-17,2023-05-15,,2026-07-29T17:13:54
11663923,2022-06-17,2025-09-01,,2026-07-29T17:13:54
11664093,2022-06-17,2025-01-26,,2026-07-29T17:13:54
11671075,2022-06-17,2026-05-16,,2026-07-29T17:13:54
11671849,2022-06-17,2025-04-07,,2026-07-29T17:13:54
11674474,2022-06-17,2023-03-01,,2026-07-29T17:13:54
11674557,2022-06-17,2024-03-13,,2026-07-29T17:13:55
11676194,2022-06-18,2022-11-09,,2026-07-29T17:13:55
11683901,2022-06-19,2024-07-23,,2026-07-29T17:13:55
11686118,2022-06-19,2022-08-03,,2026-07-29T17:13:56
11699749,2022-06-20,2023-04-02,,2026-07-29T17:13:55
11700898,2022-06-20,2026-07-01,,2026-07-29T17:13:56
11701583,2022-06-20,2022-06-20,,2026-07-29T17:13:56
11702195,2022-06-20,2022-06-24,,2026-07-29T17:13:56
11703830,2022-06-21,2026-08-24,,2026-08-24T15:06:34
11704257,2022-06-21,2022-07-08,,2026-07-29T17:13:56
11704408,2022-06-21,2022-07-09,,2026-07-29T17:13:57
11704555,2022-06-21,2025-03-10,,2026-07-29T17:13:57
11705392,2022-06-21,2022-11-29,,2026-08-10T10:02:02
11710318,2022-06-21,2023-12-17,,2026-07-29T17:13:58
11713061,2022-06-21,2023-06-07,,2026-07-29T17:13:57
11713895,2022-06-21,2022-09-17,,2026-07-29T17:13:57
11714111,2022-06-21,2022-11-14,,2026-07-29T17:13:57
11714255,2022-06-21,2022-07-12,,2026-07-29T17:13:57
11714286,2022-06-21,2022-11-01,,2026-07-29T17:13:57
11715443,2022-06-21,2023-08-28,,2026-07-29T17:13:58
11715986,2022-06-21,2023-04-10,,2026-07-29T17:13:58
11716170,2022-06-21,2022-06-22,,2026-07-29T17:13:58
11716336,2022-06-21,2022-09-21,,2026-07-29T17:13:58
11716438,2022-06-21,2025-04-09,,2026-07-29T17:13:58
11716439,2022-06-21,2024-04-26,,2026-07-29T17:13:58
11716454,2022-06-21,2022-08-18,,2026-07-29T17:13:59
11716494,2022-06-21,2022-08-30,,2026-07-29T17:13:59
11716905,2022-06-22,2025-12-03,,2026-07-29T17:13:59
11716934,2022-06-22,2022-07-15,,2026-07-29T17:13:59
11717113,2022-06-22,2022-07-04,,2026-07-29T17:13:59
11717178,2022-06-22,2025-08-25,,2026-07-29T17:13:59
11717291,2022-06-22,2026-05-26,,2026-07-29T17:13:59
11717430,2022-06-22,2022-12-02,,2026-07-29T17:13:59
11717517,2022-06-22,2022-06-22,,2026-07-29T17:13:59
11717632,2022-06-22,2022-09-15,,2026-07-29T17:14:00
11717775,2022-06-22,2022-09-29,,2026-07-29T17:14:00
11721650,2022-06-22,2022-11-02,,2026-07-29T17:14:00
11726882,2022-06-22,2023-05-13,,2026-07-29T17:14:00
11727116,2022-06-22,2023-05-28,,2026-07-29T17:14:00
11727726,2022-06-22,2024-06-04,,2026-07-29T17:14:00
11729554,2022-06-22,2022-10-12,,2026-07-29T17:14:00
11731522,2022-06-23,2022-10-04,,2026-07-29T17:14:00
11735153,2022-06-23,2026-08-15,,2026-08-17T07:05:37
11736833,2022-06-23,2022-12-17,,2026-07-29T17:14:01
11739882,2022-06-23,2026-06-12,,2026-07-29T17:14:03
11740911,2022-06-23,2024-09-18,,2026-07-29T17:14:01
11740933,2022-06-23,2022-07-17,,2026-07-29T17:14:01
11741140,2022-06-23,2022-06-23,,2026-07-29T17:14:02
11742553,2022-06-23,2025-03-23,,2026-07-29T17:14:02
11743581,2022-06-23,2025-06-02,,2026-07-29T17:14:02
11743894,2022-06-23,2025-11-12,,2026-07-29T17:14:05
11745316,2022-06-24,2022-09-05,,2026-07-29T17:14:05
11745380,2022-06-24,2022-09-24,,2026-07-29T17:14:03
11746310,2022-06-24,2026-08-04,,2026-08-05T04:23:58
11746446,2022-06-24,2022-06-24,,2026-07-29T17:14:03
11755669,2022-06-24,2022-06-25,,2026-07-29T17:14:03
11756389,2022-06-24,2023-06-20,,2026-07-29T17:14:05
11758022,2022-06-25,2025-01-23,,2026-07-29T17:14:05
11758182,2022-06-25,2023-07-14,,2026-07-29T17:14:04
11758770,2022-06-25,2022-07-23,,2026-07-29T17:14:04
11765740,2022-06-25,2022-09-20,,2026-07-29T17:14:04
11766453,2022-06-25,2023-05-15,,2026-07-29T17:14:04
11766600,2022-06-25,2022-06-25,,2026-07-29T17:14:04
11767223,2022-06-26,2022-06-27,,2026-07-29T17:14:04
11770962,2022-06-26,2024-06-18,,2026-07-29T17:14:05
11770992,2022-06-26,2022-07-17,,2026-07-29T17:14:05
11771386,2022-06-26,2022-08-19,,2026-07-29T17:14:06
11772482,2022-06-26,2022-10-27,,2026-07-29T17:14:06
11772571,2022-06-26,2025-01-09,,2026-07-29T17:14:05
11773092,2022-06-26,2024-07-22,,2026-07-29T17:14:06
11776162,2022-06-27,2022-06-27,,2026-07-29T17:14:06
11776212,2022-06-27,2022-08-19,,2026-07-29T17:14:06
11777616,2022-06-27,2025-01-19,,2026-07-29T17:14:07
11781651,2022-06-27,2023-06-29,,2026-07-29T17:14:09
11782017,2022-06-27,2022-11-02,,2026-07-29T17:14:10
11782129,2022-06-27,2022-11-06,,2026-07-29T17:14:07
11783957,2022-06-27,2022-06-27,,2026-07-29T17:14:10
11784435,2022-06-27,2026-08-25,,2026-08-25T01:44:10
11784666,2022-06-27,2022-07-25,,2026-07-29T17:14:08
11786726,2022-06-27,2026-06-12,,2026-07-29T17:14:08
11787094,2022-06-27,2026-08-25,,2026-08-25T04:20:56
11787325,2022-06-27,2023-04-30,,2026-07-29T17:14:08
11788320,2022-06-28,2022-06-28,,2026-07-29T17:14:09
11788746,2022-06-28,2023-08-20,,2026-07-29T17:14:09
11789091,2022-06-28,2025-05-26,,2026-07-29T17:14:09
11797314,2022-06-28,2022-06-29,,2026-07-29T17:14:09
11798561,2022-06-28,2024-01-25,,2026-07-29T17:14:09
11800613,2022-06-28,2023-01-10,,2026-07-29T17:14:10
11800932,2022-06-28,2023-11-07,,2026-07-29T17:14:10
11801033,2022-06-28,2022-07-12,,2026-07-29T17:14:10
11801056,2022-06-28,2025-05-28,,2026-07-29T17:14:10
11801069,2022-06-28,2026-08-12,,2026-08-14T07:16:40
11801094,2022-06-29,2022-09-23,,2026-07-29T17:14:12
11801224,2022-06-29,2023-12-19,,2026-07-29T17:14:15
11801471,2022-06-29,2022-07-12,,2026-07-29T17:14:15
11801563,2022-06-29,2026-05-06,,2026-07-29T17:14:15
11801597,2022-06-29,2022-07-24,,2026-07-29T17:14:15
11801669,2022-06-29,2022-10-27,,2026-07-29T17:14:15
11802425,2022-06-29,2026-02-03,,2026-07-29T17:14:16
11803245,2022-06-29,2024-03-21,,2026-07-29T17:14:16
11803524,2022-06-29,2026-08-19,,2026-08-21T04:20:17
11804129,2022-06-29,2024-11-20,,2026-07-29T17:14:16
11804149,2022-06-29,2022-06-29,,2026-07-29T17:14:16
11805650,2022-06-29,2022-12-20,,2026-07-29T17:14:16
11810114,2022-06-29,2022-08-28,,2026-07-29T17:14:17
11811914,2022-06-29,2022-07-08,,2026-07-29T17:14:17
11812891,2022-06-29,2022-08-03,,2026-07-29T17:14:17
11813614,2022-06-29,2024-07-13,,2026-07-29T17:14:18
11814091,2022-06-30,2022-08-23,,2026-07-29T17:14:17
11814189,2022-06-30,2022-07-07,,2026-07-29T17:14:18
11814340,2022-06-30,2024-05-05,,2026-07-29T17:14:18
11814475,2022-06-30,2022-12-09,,2026-07-29T17:14:18
11815766,2022-06-30,2022-08-21,,2026-07-29T17:14:18
11818321,2022-06-30,2023-08-12,,2026-07-29T17:14:18
11824152,2022-06-30,2022-07-10,,2026-07-29T17:14:18
11826721,2022-06-30,2023-02-24,,2026-07-29T17:14:19
11827300,2022-06-30,2026-07-21,,2026-07-29T17:14:20
11827710,2022-07-01,2022-07-29,,2026-07-29T17:14:19
11827986,2022-07-01,2025-07-08,,2026-07-29T17:14:21
11836859,2022-07-01,2026-06-10,,2026-07-29T17:14:20
11839345,2022-07-01,2022-08-05,,2026-07-29T17:14:21
11842334,2022-07-02,2023-06-23,,2026-07-29T17:14:21
11846726,2022-07-02,2022-07-17,,2026-07-29T17:14:21
11846761,2022-07-02,2022-07-29,,2026-07-29T17:14:21
11846953,2022-07-02,2022-11-01,,2026-07-29T17:14:21
11849007,2022-07-03,2026-07-16,,2026-07-29T17:14:21
11850217,2022-07-03,2022-07-03,,2026-07-29T17:14:25
11853976,2022-07-03,2022-07-03,,2026-07-29T17:14:22
11854777,2022-07-03,2023-04-02,,2026-07-29T17:14:22
11856070,2022-07-04,2022-07-06,,2026-07-29T17:14:22
11856255,2022-07-04,2024-06-15,,2026-07-29T17:14:22
11858550,2022-07-04,2025-02-10,,2026-07-29T17:14:23
11861701,2022-07-04,2024-02-01,,2026-07-29T17:14:23
11862791,2022-07-04,2023-05-22,,2026-07-29T17:14:23
11864501,2022-07-04,2022-10-28,,2026-07-29T17:14:23
11864552,2022-07-04,2022-07-04,,2026-07-29T17:14:24
11864606,2022-07-04,2024-04-01,,2026-07-29T17:14:24
11864626,2022-07-04,2026-08-13,,2026-08-15T04:21:33
11864915,2022-07-04,2022-09-19,,2026-07-29T17:14:24
11865916,2022-07-04,2022-08-03,,2026-07-29T17:14:24
11866921,2022-07-05,2024-08-30,,2026-07-29T17:14:24
11867054,2022-07-05,2023-12-14,,2026-07-29T17:14:25
11867768,2022-07-05,2025-04-08,,2026-07-29T17:14:25
11868228,2022-07-05,2023-12-23,,2026-07-29T17:14:25
11874401,2022-07-05,2024-03-09,,2026-07-29T17:14:25
11876050,2022-07-05,2023-02-24,,2026-07-29T17:14:26
11876095,2022-07-05,2025-10-02,,2026-07-29T17:14:26
11876768,2022-07-05,2022-09-02,,2026-07-29T17:14:26
11877116,2022-07-05,2022-08-09,,2026-07-29T17:14:26
11877444,2022-07-05,2022-12-24,,2026-07-29T17:14:26
11877534,2022-07-05,2022-08-14,,2026-07-29T17:14:27
11877892,2022-07-05,2022-07-05,,2026-07-29T17:14:26
11877946,2022-07-05,2022-11-01,,2026-07-29T17:14:27
11878171,2022-07-05,2024-04-17,,2026-07-29T17:14:27
11878256,2022-07-05,2022-09-05,,2026-07-29T17:14:27
11878538,2022-07-05,2022-09-28,,2026-07-29T17:14:28
11878834,2022-07-05,2022-12-23,,2026-07-29T17:14:28
11879470,2022-07-05,2022-07-18,,2026-07-29T17:14:27
11879506,2022-07-05,2023-11-22,,2026-07-29T17:14:28
11879680,2022-07-05,2023-02-28,,2026-07-29T17:14:28
11879818,2022-07-05,2022-12-01,,2026-07-29T17:14:28
11879845,2022-07-05,2023-06-27,,2026-07-29T17:14:28
11879862,2022-07-05,2026-04-30,,2026-07-29T17:14:28
11879997,2022-07-05,2022-12-05,,2026-07-29T17:14:29
11880137,2022-07-06,2022-10-16,,2026-07-29T17:14:29
11880166,2022-07-06,2023-09-15,,2026-07-29T17:14:29
11880246,2022-07-06,2022-07-06,,2026-07-29T17:14:29
11880280,2022-07-06,2023-04-14,,2026-07-29T17:14:30
11880324,2022-07-06,2022-12-10,,2026-07-29T17:14:30
11880509,2022-07-06,2024-01-15,,2026-07-29T17:14:30
11881715,2022-07-06,2022-07-20,,2026-07-29T17:14:30
11883021,2022-07-06,2022-08-10,,2026-07-29T17:14:30
11888233,2022-07-06,2022-10-28,,2026-07-29T17:14:30
11888518,2022-07-06,2023-03-09,,2026-07-29T17:14:30
11888618,2022-07-06,2022-07-06,,2026-08-06T09:41:18
11890836,2022-07-06,2023-12-20,,2026-07-29T17:14:31
11890952,2022-07-06,2022-07-19,,2026-07-29T17:14:31
11890992,2022-07-06,2024-05-13,,2026-07-29T17:15:00
11891358,2022-07-06,2026-07-30,,2026-07-31T04:26:13
11891801,2022-07-06,2023-04-19,,2026-07-29T17:15:00
11893449,2022-07-07,2022-08-27,,2026-07-29T17:15:00
11893517,2022-07-07,2022-07-12,,2026-07-29T17:15:01
11894629,2022-07-07,2026-08-13,,2026-08-15T05:06:12
11897637,2022-07-07,2022-11-19,,2026-07-29T17:15:01
11898321,2022-07-07,2022-07-24,,2026-07-29T17:15:01
11901577,2022-07-07,2022-09-16,,2026-07-29T17:15:02
11901787,2022-07-07,2022-07-07,,2026-07-29T17:15:01
11903412,2022-07-07,2023-08-02,,2026-07-29T17:15:02
11903570,2022-07-07,2024-08-05,,2026-07-29T17:15:02
11903600,2022-07-07,2023-04-07,,2026-07-29T17:15:02
11904253,2022-07-07,2024-10-22,,2026-07-29T17:15:02
11905058,2022-07-07,2023-03-22,,2026-07-29T17:15:02
11905414,2022-07-07,2022-07-30,,2026-07-29T17:15:06
11905662,2022-07-07,2022-07-17,,2026-07-29T17:15:05
11905788,2022-07-07,2022-10-28,,2026-07-29T17:15:06
11906060,2022-07-07,2023-10-24,,2026-07-29T17:15:03
11906127,2022-07-07,2026-08-10,,2026-08-12T07:09:11
11906198,2022-07-08,2022-11-08,,2026-07-29T17:15:05
11906556,2022-07-08,2023-03-14,,2026-07-29T17:15:05
11907263,2022-07-08,2023-05-14,,2026-07-29T17:15:06
11907508,2022-07-08,2022-07-14,,2026-07-29T17:15:06
11909771,2022-07-08,2022-07-08,,2026-07-29T17:15:08
11915685,2022-07-08,2022-07-08,,2026-07-29T17:15:06
11915789,2022-07-08,2022-07-11,,2026-07-29T17:15:06
11915914,2022-07-08,2022-07-08,,2026-07-29T17:15:07
11916259,2022-07-08,2024-05-05,,2026-07-29T17:15:08
11917189,2022-07-08,2022-12-09,,2026-07-29T17:15:10
11917617,2022-07-08,2022-08-09,,2026-07-29T17:15:10
11917742,2022-07-08,2022-08-03,,2026-07-29T17:15:11
11918042,2022-07-08,2023-02-09,,2026-07-29T17:15:11
11918471,2022-07-09,2022-12-22,,2026-07-29T17:15:12
11918680,2022-07-09,2023-12-19,,2026-07-29T17:15:12
11918994,2022-07-09,2026-08-19,,2026-08-21T04:19:05
11923629,2022-07-09,2024-09-20,,2026-07-29T17:15:13
11924293,2022-07-09,2023-04-08,,2026-07-29T17:15:13
11924725,2022-07-09,2022-07-10,,2026-07-29T17:15:13
11927394,2022-07-10,2022-08-19,,2026-07-29T17:15:13
11929511,2022-07-10,2025-09-16,,2026-07-29T17:15:14
11930059,2022-07-10,2023-03-25,,2026-07-29T17:15:14
11932534,2022-07-10,2022-08-27,,2026-07-29T17:15:14
11934544,2022-07-11,2022-08-28,,2026-07-29T17:15:14
11935330,2022-07-11,2023-04-28,,2026-07-29T17:15:15
11937609,2022-07-11,2022-11-18,,2026-07-29T17:15:15
11938622,2022-07-11,2026-06-02,,2026-07-29T17:15:15
11941887,2022-07-11,2022-09-09,,2026-07-29T17:15:16
11942360,2022-07-11,2023-07-19,,2026-07-29T17:15:16
11943182,2022-07-11,2022-11-08,,2026-07-29T17:15:16
11943326,2022-07-11,2022-11-22,,2026-07-29T17:15:16
11945787,2022-07-11,2022-10-25,,2026-07-29T17:15:16
11946962,2022-07-12,2023-04-13,,2026-07-29T17:15:16
11947027,2022-07-12,2022-12-30,,2026-07-29T17:15:16
11947686,2022-07-12,2023-03-06,,2026-07-29T17:15:16
11947882,2022-07-12,2024-05-11,,2026-07-29T17:15:16
11948038,2022-07-12,2022-07-12,,2026-07-29T17:15:16
11953231,2022-07-12,2026-08-24,,2026-08-25T05:01:22
11955135,2022-07-12,2022-07-25,,2026-07-29T17:15:17
11955405,2022-07-12,2023-06-06,,2026-07-29T17:15:17
11957911,2022-07-12,2025-04-21,,2026-07-29T17:15:17
11958601,2022-07-12,2022-07-18,,2026-07-29T17:15:17
11958710,2022-07-12,2023-07-24,,2026-07-29T17:15:17
11959188,2022-07-13,2022-08-11,,2026-07-29T17:15:17
11959210,2022-07-13,2022-07-16,,2026-07-29T17:15:17
11959302,2022-07-13,2024-05-23,,2026-07-29T17:15:18
11960053,2022-07-13,2024-02-07,,2026-07-29T17:15:18
11960643,2022-07-13,2026-03-03,,2026-07-29T17:15:18
11960857,2022-07-13,2022-11-05,,2026-07-29T17:15:18
11961492,2022-07-13,2022-10-13,,2026-07-29T17:15:18
11963063,2022-07-13,2022-08-11,,2026-07-29T17:15:18
11964157,2022-07-13,2022-08-17,,2026-07-29T17:15:19
11967512,2022-07-13,2023-02-22,,2026-07-29T17:15:19
11968514,2022-07-13,2024-04-09,,2026-07-29T17:15:20
11969231,2022-07-13,2022-07-13,,2026-07-29T17:15:19
11970077,2022-07-13,2024-04-20,,2026-07-29T17:15:20
11970273,2022-07-13,2022-11-08,,2026-07-29T17:15:20
11972117,2022-07-13,2022-08-23,,2026-07-29T17:15:20
11974475,2022-07-14,2022-07-25,,2026-07-29T17:15:20
11974873,2022-07-14,2023-01-04,,2026-07-29T17:15:21
11979535,2022-07-14,2022-07-14,,2026-07-29T17:15:21
11979804,2022-07-14,2022-07-21,,2026-07-29T17:15:21
11980944,2022-07-14,2022-07-14,,2026-07-29T17:15:22
11982186,2022-07-14,2023-01-01,,2026-07-29T17:15:22
11984509,2022-07-14,2025-01-03,,2026-07-29T17:15:22
11984606,2022-07-14,2022-07-14,,2026-07-29T17:15:22
11985008,2022-07-14,2022-11-08,,2026-07-29T17:15:22
11985308,2022-07-15,2022-07-27,,2026-07-29T17:15:22
11986039,2022-07-15,2022-09-30,,2026-07-29T17:15:22
11986734,2022-07-15,2024-09-14,,2026-07-29T17:15:23
11987194,2022-07-15,2023-10-06,,2026-07-29T17:15:24
11987363,2022-07-15,2025-07-29,,2026-07-29T17:15:23
11990872,2022-07-15,2026-08-19,,2026-08-21T04:05:10
11992672,2022-07-15,2024-05-27,,2026-07-29T17:15:24
11992902,2022-07-15,2024-07-09,,2026-07-29T17:15:24
11994232,2022-07-15,2023-08-12,,2026-07-29T17:15:24
11994463,2022-07-15,2022-07-23,,2026-07-29T17:15:24
11994767,2022-07-15,2026-06-17,,2026-07-29T17:15:24
11995389,2022-07-15,2023-08-14,,2026-07-29T17:15:24
11996379,2022-07-15,2022-07-19,,2026-07-29T17:15:58
11996492,2022-07-15,2022-10-03,,2026-07-29T17:15:58
11998638,2022-07-16,2026-07-22,,2026-07-29T17:15:58
12001597,2022-07-16,2022-11-29,,2026-07-29T17:15:58
12002030,2022-07-16,2023-05-25,,2026-07-29T17:15:58
12002746,2022-07-16,2023-01-27,,2026-07-29T17:15:58
12002927,2022-07-16,2022-07-28,,2026-07-29T17:15:58
12003362,2022-07-16,2022-07-16,,2026-07-29T17:15:58
12003465,2022-07-16,2025-02-17,,2026-07-29T17:15:58
12004042,2022-07-16,2022-11-21,,2026-07-29T17:15:58
12004098,2022-07-16,2023-01-01,,2026-07-29T17:15:58
12004735,2022-07-16,2022-07-22,,2026-07-29T17:15:58
12005192,2022-07-16,2022-07-17,,2026-07-29T17:15:58
12005270,2022-07-16,2026-06-04,,2026-07-29T17:15:58
12005522,2022-07-17,2022-07-25,,2026-07-29T17:15:58
12005535,2022-07-17,2022-10-14,,2026-07-29T17:15:58
12008652,2022-07-17,2022-07-29,,2026-07-29T17:15:58
12009040,2022-07-17,2022-07-24,,2026-07-29T17:15:58
12009093,2022-07-17,2023-01-24,,2026-07-29T17:15:58
12009279,2022-07-17,2022-09-15,,2026-07-29T17:15:58
12009317,2022-07-17,2023-01-26,,2026-07-29T17:15:58
12009926,2022-07-17,2022-08-17,,2026-07-29T17:15:58
12010234,2022-07-17,2022-10-11,,2026-07-29T17:15:58
12011066,2022-07-17,2022-07-17,,2026-07-29T17:15:58
12012217,2022-07-17,2022-07-18,,2026-07-29T17:15:58
12012431,2022-07-17,2023-11-04,,2026-07-29T17:15:58
12012770,2022-07-17,2025-10-17,,2026-07-29T17:15:58
12012816,2022-07-18,2022-07-18,,2026-07-29T17:15:58
12012832,2022-07-18,2023-08-17,,2026-07-29T17:16:03
12012839,2022-07-18,2023-07-31,,2026-07-29T17:16:03
12013083,2022-07-18,2022-08-01,,2026-07-29T17:16:03
12013415,2022-07-18,2022-08-25,,2026-07-29T17:16:03
12014107,2022-07-18,2023-05-06,,2026-07-29T17:16:03
12017199,2022-07-18,2022-09-21,,2026-07-29T17:16:03
12017479,2022-07-18,2023-08-14,,2026-07-29T17:16:03
12018156,2022-07-18,2023-08-12,,2026-07-29T17:16:03
12019439,2022-07-18,2022-07-19,,2026-07-29T17:16:03
12020999,2022-07-18,2023-07-14,,2026-07-29T17:16:03
12022580,2022-07-18,2022-07-27,,2026-07-29T17:16:03
12023292,2022-07-18,2022-07-18,,2026-07-29T17:16:03
12024098,2022-07-18,2022-07-26,,2026-07-29T17:16:03
12024176,2022-07-18,2022-12-14,,2026-07-29T17:16:03
12024628,2022-07-18,2022-12-16,,2026-07-29T17:16:03
12026233,2022-07-19,2022-08-17,,2026-07-29T17:16:03
12034775,2022-07-19,2022-10-22,,2026-07-29T17:16:03
12035890,2022-07-19,2026-08-12,,2026-08-13T05:13:49
12036594,2022-07-19,2022-10-12,,2026-07-29T17:16:03
12036791,2022-07-19,2023-05-04,,2026-07-29T17:16:03
12036918,2022-07-19,2022-10-10,,2026-07-29T17:16:03
12037056,2022-07-19,2022-08-06,,2026-07-29T17:16:09
12037181,2022-07-19,2022-07-19,,2026-07-29T17:16:09
12037832,2022-07-19,2022-12-18,,2026-07-29T17:16:09
12038325,2022-07-19,2022-08-16,,2026-07-29T17:16:09
12039543,2022-07-19,2023-05-24,,2026-07-29T17:16:09
12040086,2022-07-19,2026-05-03,,2026-07-29T17:16:09
12040305,2022-07-20,2023-03-22,,2026-07-29T17:16:09
12040416,2022-07-20,2022-08-02,,2026-07-29T17:16:09
12040453,2022-07-20,2023-03-08,,2026-07-29T17:16:09
12040811,2022-07-20,2022-08-05,,2026-07-29T17:16:09
12042140,2022-07-20,2026-08-23,,2026-08-25T05:05:32
12048123,2022-07-20,2023-05-20,,2026-07-29T17:16:09
12050899,2022-07-20,2025-11-15,,2026-07-29T17:16:09
12052126,2022-07-20,2023-05-05,,2026-07-29T17:16:09
12054417,2022-07-20,2022-08-11,,2026-07-29T17:16:09
12054746,2022-07-20,2022-07-21,,2026-07-29T17:16:09
12054912,2022-07-20,2025-05-20,,2026-07-29T17:16:09
12055588,2022-07-20,2023-01-13,,2026-07-29T17:16:09
12055948,2022-07-20,2022-09-12,,2026-07-29T17:16:09
12056078,2022-07-20,2022-12-02,,2026-07-29T17:16:09
12057033,2022-07-20,2022-10-12,,2026-07-29T17:16:09
12057844,2022-07-21,2026-03-20,,2026-08-10T10:02:03
12058352,2022-07-21,2022-07-25,,2026-07-29T17:16:09
12061661,2022-07-21,2023-01-24,,2026-07-29T17:16:09
12064287,2022-07-21,2024-09-26,,2026-07-29T17:16:09
12067552,2022-07-21,2022-12-29,,2026-07-29T17:16:09
12070637,2022-07-21,2022-08-16,,2026-07-29T17:16:09
12073721,2022-07-21,2023-07-21,,2026-07-29T17:16:09
12074310,2022-07-22,2026-07-23,,2026-07-29T17:16:09
12074320,2022-07-22,2024-01-22,,2026-07-29T17:16:09
12080721,2022-07-22,2022-09-07,,2026-07-29T17:16:09
12082098,2022-07-22,2023-06-19,,2026-07-29T17:16:09
12083145,2022-07-22,2024-06-13,,2026-07-29T17:16:09
12085137,2022-07-22,2023-01-27,,2026-07-29T17:16:09
12085347,2022-07-22,2022-08-22,,2026-07-29T17:16:09
12085770,2022-07-22,2024-10-06,,2026-07-29T17:16:10
12087311,2022-07-22,2022-12-27,,2026-07-29T17:16:15
12087798,2022-07-23,2024-11-23,,2026-07-29T17:16:15
12093406,2022-07-23,2022-07-27,,2026-07-29T17:16:15
12094096,2022-07-23,2022-07-23,,2026-07-29T17:16:15
12094465,2022-07-23,2022-09-23,,2026-07-29T17:16:15
12094911,2022-07-23,2022-09-22,,2026-07-29T17:16:15
12097175,2022-07-24,2022-07-24,,2026-07-29T17:16:15
12100061,2022-07-24,2024-10-15,,2026-07-29T17:16:15
12100207,2022-07-24,2022-07-30,,2026-07-29T17:16:15
12101800,2022-07-24,2024-02-15,,2026-07-29T17:16:15
12102081,2022-07-24,2022-09-18,,2026-07-29T17:16:15
12102238,2022-07-24,2022-09-12,,2026-07-29T17:16:15
12103382,2022-07-24,2024-01-24,,2026-07-29T17:16:15
12103668,2022-07-24,2025-11-18,,2026-07-29T17:16:15
12104170,2022-07-24,2023-10-19,,2026-07-29T17:16:15
12105390,2022-07-25,2022-12-08,,2026-07-29T17:16:15
12105785,2022-07-25,2022-07-29,,2026-07-29T17:16:15
12106515,2022-07-25,2023-02-14,,2026-07-29T17:16:15
12106844,2022-07-25,2022-07-25,,2026-07-29T17:16:15
12107427,2022-07-25,2022-07-26,,2026-07-29T17:16:15
12108108,2022-07-25,2025-01-15,,2026-07-29T17:16:15
12110628,2022-07-25,2023-01-17,,2026-07-29T17:16:15
12112356,2022-07-25,2022-10-04,,2026-07-29T17:16:15
12112817,2022-07-25,2022-07-25,,2026-07-29T17:16:15
12114107,2022-07-25,2023-05-31,,2026-07-29T17:16:15
12115602,2022-07-25,2022-08-09,,2026-07-29T17:16:15
12115970,2022-07-25,2022-11-12,,2026-07-29T17:16:15
12117366,2022-07-25,2022-11-04,,2026-07-29T17:16:15
12118072,2022-07-25,2023-04-19,,2026-07-29T17:16:15
12119928,2022-07-26,2022-11-03,,2026-07-29T17:16:15
12120356,2022-07-26,2022-09-06,,2026-07-29T17:16:18
12120726,2022-07-26,2023-01-07,,2026-07-29T17:16:18
12121213,2022-07-26,2024-06-05,,2026-07-29T17:16:18
12121737,2022-07-26,2025-01-11,,2026-07-29T17:16:18
12121879,2022-07-26,2022-12-10,,2026-07-29T17:16:18
12123855,2022-07-26,2022-12-12,,2026-07-29T17:16:18
12127092,2022-07-26,2024-06-04,,2026-07-29T17:16:18
12128634,2022-07-26,2022-11-04,,2026-07-29T17:16:18
12129263,2022-07-26,2023-03-23,,2026-07-29T17:16:18
12131916,2022-07-26,2023-06-30,,2026-07-29T17:16:18
12132043,2022-07-26,2022-09-30,,2026-07-29T17:16:18
12132165,2022-07-26,2023-07-11,,2026-07-29T17:16:18
12132518,2022-07-26,2022-07-26,,2026-07-29T17:16:18
12132879,2022-07-26,2022-08-19,,2026-07-29T17:16:18
12133116,2022-07-26,2022-10-02,,2026-07-29T17:16:18
12133553,2022-07-26,2026-02-12,,2026-07-29T17:16:18
12133893,2022-07-26,2022-07-29,,2026-07-29T17:16:18
12134288,2022-07-26,2026-03-23,,2026-07-29T17:16:18
12134319,2022-07-27,2022-08-28,,2026-07-29T17:16:20
12134809,2022-07-27,2023-11-14,,2026-07-29T17:16:20
12135573,2022-07-27,2026-08-20,,2026-08-22T04:20:40
12135909,2022-07-27,2022-12-23,,2026-07-29T17:16:20
12140880,2022-07-27,2022-10-25,,2026-07-29T17:16:20
12145081,2022-07-27,2023-11-16,,2026-07-29T17:16:20
12148287,2022-07-27,2022-07-31,,2026-07-29T17:16:20
12150493,2022-07-28,2022-07-31,,2026-07-29T17:16:20
12150907,2022-07-28,2026-06-04,,2026-07-29T17:16:20
12151516,2022-07-28,2025-10-30,,2026-08-10T10:02:50
12152344,2022-07-28,2023-06-19,,2026-07-29T17:16:20
12156043,2022-07-28,2023-09-27,,2026-07-29T17:16:21
12156940,2022-07-28,2022-08-19,,2026-07-29T17:16:21
12158290,2022-07-28,2023-03-13,,2026-07-29T17:16:21
12158693,2022-07-28,2023-09-17,,2026-07-29T17:16:21
12160052,2022-07-28,2023-03-11,,2026-07-29T17:16:21
12164873,2022-07-28,2022-12-21,,2026-07-29T17:16:21
12164953,2022-07-28,2022-07-28,,2026-07-29T17:16:21
12165016,2022-07-28,2022-07-28,,2026-07-29T17:16:22
12171457,2022-07-29,2022-07-29,,2026-07-29T17:16:22
12177114,2022-07-29,2022-08-15,,2026-07-29T17:16:22
12178136,2022-07-29,2023-02-26,,2026-07-29T17:16:23
12178390,2022-07-29,2023-10-04,,2026-07-29T17:16:24
12181598,2022-07-29,2022-09-14,,2026-07-29T17:16:22
12181851,2022-07-29,2023-04-22,,2026-07-29T17:16:23
12183610,2022-07-29,2023-02-08,,2026-07-29T17:16:24
12183889,2022-07-30,2023-05-06,,2026-07-29T17:16:23
12184459,2022-07-30,2023-12-26,,2026-07-29T17:16:23
12185082,2022-07-30,2022-08-07,,2026-07-29T17:16:24
12185219,2022-07-30,2025-09-25,,2026-07-29T17:16:23
12191277,2022-07-30,2022-08-24,,2026-07-29T17:16:24
12191542,2022-07-30,2022-09-11,,2026-07-29T17:16:24
12193128,2022-07-30,2022-08-15,,2026-07-29T17:16:24
12193585,2022-07-30,2022-10-15,,2026-07-29T17:16:24
12195083,2022-07-31,2022-08-02,,2026-07-29T17:16:25
12196172,2022-07-31,2023-02-10,,2026-07-29T17:16:24
12196390,2022-07-31,2022-11-21,,2026-07-29T17:16:25
12196946,2022-07-31,2022-07-31,,2026-07-29T17:16:25
12196984,2022-07-31,2026-06-16,,2026-07-29T17:16:26
12198117,2022-07-31,2026-08-23,,2026-08-23T21:53:34
12198338,2022-07-31,2023-07-23,,2026-07-29T17:16:26
12203816,2022-07-31,2025-05-20,,2026-07-29T17:16:26
12204639,2022-07-31,2025-03-14,,2026-07-29T17:16:27
12205629,2022-08-01,2023-01-01,,2026-07-29T17:16:27
12206247,2022-08-01,2025-04-12,,2026-07-29T17:16:27
12206568,2022-08-01,2022-08-31,,2026-07-29T17:16:27
12206796,2022-08-01,2022-09-20,,2026-07-29T17:16:28
12207224,2022-08-01,2023-08-13,,2026-07-29T17:16:28
12207483,2022-08-01,2023-02-19,,2026-07-29T17:16:28
12207484,2022-08-01,2026-05-13,,2026-07-29T17:16:28
12207820,2022-08-01,2023-02-26,,2026-07-29T17:16:28
12207834,2022-08-01,2022-12-10,,2026-07-29T17:16:29
12208737,2022-08-01,2026-02-22,,2026-07-29T17:16:28
12214288,2022-08-01,2023-03-01,,2026-07-29T17:16:28
12214617,2022-08-01,2022-09-07,,2026-07-29T17:16:29
12215633,2022-08-01,2023-06-29,,2026-07-29T17:16:29
12216584,2022-08-01,2026-03-24,,2026-07-29T17:16:29
12217762,2022-08-01,2022-12-17,,2026-07-29T17:16:30
12217849,2022-08-01,2023-02-08,,2026-07-29T17:16:29
12218124,2022-08-01,2022-08-30,,2026-07-29T17:16:30
12219340,2022-08-01,2024-02-20,,2026-07-29T17:16:30
12220868,2022-08-01,2023-05-21,,2026-07-29T17:16:30
12220892,2022-08-01,2022-12-29,,2026-07-29T17:16:31
12220993,2022-08-02,2023-01-08,,2026-07-29T17:16:30
12221699,2022-08-02,2026-02-28,,2026-07-29T17:17:07
12222049,2022-08-02,2022-10-04,,2026-07-29T17:17:09
12223666,2022-08-02,2022-08-03,,2026-07-29T17:17:10
12224565,2022-08-02,2023-08-02,,2026-07-29T17:17:10
12224615,2022-08-02,2022-11-23,,2026-07-29T17:17:11
12225236,2022-08-02,2022-12-15,,2026-07-29T17:17:10
12228888,2022-08-02,2022-09-28,,2026-07-29T17:17:12
12229394,2022-08-02,2022-08-02,,2026-07-29T17:17:11
12230641,2022-08-02,2022-08-02,,2026-07-29T17:17:12
12230813,2022-08-02,2026-06-05,,2026-07-29T17:17:12
12231259,2022-08-02,2026-01-14,,2026-07-29T17:17:13
12231325,2022-08-02,2023-01-22,,2026-07-29T17:17:13
12231402,2022-08-02,2022-08-11,,2026-07-29T17:17:13
12231755,2022-08-02,2025-11-06,,2026-07-29T17:17:14
12231901,2022-08-02,2022-09-18,,2026-07-29T17:17:14
12231961,2022-08-02,2023-01-07,,2026-07-29T17:17:14
12232385,2022-08-02,2023-02-10,,2026-07-29T17:17:15
12233208,2022-08-02,2026-06-14,,2026-07-29T17:17:19
12233678,2022-08-02,2026-02-03,,2026-07-29T17:17:16
12233734,2022-08-02,2023-03-31,,2026-07-29T17:17:16
12234598,2022-08-02,2024-10-20,,2026-07-29T17:17:17
12234917,2022-08-02,2025-03-11,,2026-07-29T17:17:17
12235576,2022-08-02,2022-11-15,,2026-07-29T17:17:20
12236713,2022-08-03,2023-12-08,,2026-07-29T17:17:17
12236937,2022-08-03,2023-05-05,,2026-07-29T17:17:18
12237218,2022-08-03,2022-08-03,,2026-07-29T17:17:19
12237549,2022-08-03,2022-08-17,,2026-07-29T17:17:20
12237777,2022-08-03,2022-08-05,,2026-07-29T17:17:20
12238172,2022-08-03,2022-08-03,,2026-07-29T17:17:21
12238335,2022-08-03,2023-02-18,,2026-07-29T17:17:22
12239085,2022-08-03,2022-08-17,,2026-07-29T17:17:22
12239119,2022-08-03,2022-11-01,,2026-07-29T17:17:22
12240546,2022-08-03,2022-08-07,,2026-07-29T17:17:23
12241364,2022-08-03,2024-08-20,,2026-07-29T17:17:23
12241601,2022-08-03,2023-03-03,,2026-07-29T17:17:23
12242643,2022-08-03,2022-08-22,,2026-07-29T17:17:24
12243227,2022-08-03,2023-01-21,,2026-07-29T17:17:24
12243388,2022-08-03,2024-02-26,,2026-07-29T17:17:25
12243779,2022-08-03,2023-01-12,,2026-07-29T17:17:26
12243926,2022-08-03,2026-08-13,,2026-08-15T05:06:09
12244067,2022-08-03,2022-08-08,,2026-07-29T17:18:01
12245684,2022-08-03,2023-03-15,,2026-07-29T17:18:01
12246380,2022-08-03,2022-08-22,,2026-07-29T17:18:03
12247008,2022-08-03,2026-01-29,,2026-07-29T17:18:02
12247123,2022-08-03,2022-08-09,,2026-07-29T17:18:03
12247232,2022-08-03,2023-10-11,,2026-07-29T17:18:03
12247412,2022-08-03,2026-08-17,,2026-08-19T04:20:20
12247725,2022-08-03,2024-11-14,,2026-07-29T17:18:03
12248123,2022-08-03,2022-08-03,,2026-07-29T17:18:04
12248393,2022-08-03,2024-12-02,,2026-07-31T14:35:05
12248635,2022-08-03,2022-08-03,,2026-07-29T17:18:04
12248642,2022-08-03,2023-08-16,,2026-07-29T17:18:05
12249100,2022-08-03,2022-10-15,,2026-07-29T17:18:04
12249357,2022-08-03,2023-08-05,,2026-07-29T17:18:05
12249420,2022-08-03,2022-09-06,,2026-07-29T17:18:05
12249592,2022-08-03,2023-01-14,,2026-07-29T17:18:06
12249793,2022-08-03,2022-11-09,,2026-07-29T17:18:06
12249895,2022-08-04,2026-06-16,,2026-07-29T17:18:07
12250565,2022-08-04,2024-11-18,,2026-07-29T17:18:08
12251673,2022-08-04,2022-11-22,,2026-07-29T17:18:07
12251911,2022-08-04,2023-01-07,,2026-07-29T17:18:07
12254850,2022-08-04,2022-10-08,,2026-07-29T17:18:07
12255179,2022-08-04,2023-01-03,,2026-07-29T17:18:09
12257336,2022-08-04,2022-08-08,,2026-07-29T17:18:09
12257396,2022-08-04,2023-09-20,,2026-07-29T17:18:10
12257630,2022-08-04,2022-09-19,,2026-07-29T17:18:10
12257704,2022-08-04,2025-04-10,,2026-07-29T17:18:11
12257768,2022-08-04,2023-10-03,,2026-07-29T17:18:11
12258273,2022-08-04,2023-03-08,,2026-07-29T17:18:11
12258494,2022-08-04,2023-05-12,,2026-07-29T17:18:11
12258955,2022-08-04,2022-08-06,,2026-07-29T17:18:11
12259262,2022-08-04,2022-08-12,,2026-07-29T17:18:12
12259718,2022-08-04,2022-08-23,,2026-07-29T17:18:11
12259904,2022-08-04,2022-09-02,,2026-07-29T17:18:12
12261081,2022-08-04,2022-12-04,,2026-07-29T17:18:12
12261107,2022-08-04,2022-09-06,,2026-07-29T17:18:12
12261161,2022-08-04,2024-11-02,,2026-07-29T17:18:12
12261188,2022-08-04,2022-10-31,,2026-07-29T17:18:13
12261707,2022-08-04,2023-01-26,,2026-07-29T17:18:13
12262016,2022-08-04,2023-08-16,,2026-07-29T17:18:13
12262076,2022-08-04,2026-06-23,,2026-07-29T17:18:13
12262093,2022-08-04,2022-11-28,,2026-07-29T17:18:13
12262382,2022-08-04,2023-09-07,,2026-07-29T17:18:14
12262426,2022-08-04,2023-12-19,,2026-07-29T17:18:14
12262883,2022-08-04,2022-08-30,,2026-07-29T17:18:14
12263193,2022-08-04,2022-08-10,,2026-07-29T17:18:14
12263354,2022-08-04,2023-06-22,,2026-07-29T17:18:14
12263827,2022-08-04,2023-01-19,,2026-07-29T17:18:17
12264033,2022-08-05,2024-10-31,,2026-07-29T17:18:15
12264121,2022-08-05,2024-04-26,,2026-07-29T17:18:19
12264188,2022-08-05,2023-12-31,,2026-07-29T17:18:15
12264259,2022-08-05,2026-05-05,,2026-07-29T17:18:15
12264289,2022-08-05,2022-10-09,,2026-07-29T17:18:16
12264306,2022-08-05,2022-08-24,,2026-07-29T17:18:16
12264657,2022-08-05,2023-01-03,,2026-07-29T17:18:16
12264913,2022-08-05,2026-08-25,,2026-08-25T01:03:12
12265226,2022-08-05,2022-08-06,,2026-07-29T17:18:19
12265429,2022-08-05,2024-01-10,,2026-07-29T17:18:16
12265494,2022-08-05,2022-09-05,,2026-07-29T17:18:17
12265561,2022-08-05,2023-03-21,,2026-07-29T17:18:19
12265589,2022-08-05,2022-12-01,,2026-07-29T17:18:20
12265668,2022-08-05,2025-04-09,,2026-07-29T17:18:20
12265696,2022-08-05,2024-04-09,,2026-07-29T17:18:18
12265834,2022-08-05,2026-01-08,,2026-07-29T17:18:20
12266308,2022-08-05,2023-12-21,,2026-07-29T17:18:20
12267010,2022-08-05,2022-09-03,,2026-07-29T17:18:23
12267375,2022-08-05,2024-10-28,,2026-07-29T17:18:20
12270826,2022-08-05,2023-05-06,,2026-07-29T17:18:20
12272892,2022-08-05,2023-02-05,,2026-07-29T17:18:24
12273830,2022-08-05,2022-08-05,,2026-07-29T17:18:22
12274038,2022-08-05,2022-08-23,,2026-07-29T17:18:22
12274377,2022-08-05,2022-10-19,,2026-07-29T17:18:22
12274530,2022-08-05,2022-08-16,,2026-07-29T17:18:22
12274796,2022-08-05,2025-08-29,,2026-07-29T17:18:22
12274877,2022-08-05,2024-01-14,,2026-07-29T17:18:23
12275446,2022-08-05,2022-12-30,,2026-07-29T17:18:23
12275555,2022-08-05,2026-08-24,,2026-08-24T17:31:12
12275712,2022-08-05,2023-01-03,,2026-07-29T17:18:25
12276318,2022-08-05,2023-03-25,,2026-07-29T17:18:26
12276324,2022-08-05,2022-08-05,,2026-07-29T17:18:26
12276379,2022-08-05,2024-05-16,,2026-07-29T17:18:25
12276386,2022-08-05,2022-09-04,,2026-07-29T17:18:26
12276815,2022-08-05,2023-08-02,,2026-07-29T17:18:26
12276817,2022-08-05,2026-06-21,,2026-07-29T17:18:26
12277538,2022-08-06,2026-05-05,,2026-07-29T17:18:29
12279110,2022-08-06,2022-08-06,,2026-07-29T17:18:28
12285437,2022-08-06,2022-08-11,,2026-07-29T17:18:27
12285537,2022-08-06,2024-03-03,,2026-07-29T17:18:29
12285893,2022-08-06,2022-12-28,,2026-07-29T17:18:27
12286571,2022-08-07,2026-08-22,,2026-08-23T04:23:29
12286649,2022-08-07,2024-05-18,,2026-07-29T17:18:28
12290488,2022-08-07,2023-07-26,,2026-07-29T17:18:28
12291259,2022-08-07,2022-09-08,,2026-07-29T17:18:29
12294057,2022-08-07,2026-02-23,,2026-07-29T17:18:29
12298259,2022-08-08,2022-09-03,,2026-07-29T17:18:29
12298916,2022-08-08,2023-01-27,,2026-07-29T17:18:30
12300571,2022-08-08,2026-08-12,,2026-08-14T04:23:41
12302139,2022-08-08,2022-09-11,,2026-07-29T17:18:30
12302181,2022-08-08,2022-09-18,,2026-07-29T17:18:30
12302710,2022-08-08,2023-05-09,,2026-07-29T17:18:30
12303767,2022-08-08,2023-06-15,,2026-07-29T17:18:30
12304591,2022-08-08,2023-02-04,,2026-07-29T17:18:32
12306635,2022-08-08,2022-08-10,,2026-07-29T17:18:32
12306766,2022-08-08,2023-09-12,,2026-07-29T17:18:32
12307136,2022-08-08,2022-11-28,,2026-07-29T17:18:32
12307256,2022-08-08,2024-07-21,,2026-07-29T17:18:33
12307964,2022-08-09,2026-08-15,,2026-08-17T05:07:07
12308107,2022-08-09,2022-11-08,,2026-07-29T17:18:33
12308634,2022-08-09,2024-05-08,,2026-07-29T17:18:33
12308878,2022-08-09,2023-04-13,,2026-07-29T17:18:33
12309416,2022-08-09,2023-08-26,,2026-07-29T17:18:34
12309972,2022-08-09,2023-01-18,,2026-07-29T17:18:34
12310769,2022-08-09,2023-03-14,,2026-07-29T17:18:34
12311164,2022-08-09,2022-11-12,,2026-07-29T17:18:35
12315427,2022-08-09,2023-06-08,,2026-07-29T17:18:35
12316063,2022-08-09,2022-08-09,,2026-07-29T17:18:35
12319311,2022-08-09,2022-09-22,,2026-07-29T17:18:35
12319593,2022-08-09,2023-08-08,,2026-07-29T17:18:35
12320131,2022-08-09,2022-12-28,,2026-07-29T17:18:36
12320629,2022-08-09,2022-08-13,,2026-07-29T17:18:36
12321168,2022-08-10,2023-10-13,,2026-07-29T17:18:36
12321813,2022-08-10,2022-11-08,,2026-07-29T17:18:37
12322152,2022-08-10,2023-05-19,,2026-07-29T17:18:37
12322773,2022-08-10,2023-10-11,,2026-07-29T17:18:37
12325375,2022-08-10,2023-01-09,,2026-07-29T17:18:37
12325413,2022-08-10,2023-01-10,,2026-07-29T17:18:38
12327255,2022-08-10,2026-08-04,,2026-08-06T04:11:03
12329670,2022-08-10,2022-08-27,,2026-07-29T17:18:39
12331713,2022-08-10,2026-08-24,,2026-08-24T17:03:49
12331778,2022-08-10,2023-02-24,,2026-07-29T17:18:39
12332081,2022-08-10,2024-09-05,,2026-07-29T17:18:40
12332703,2022-08-10,2022-10-11,,2026-07-29T17:18:40
12333514,2022-08-10,2025-03-07,,2026-07-29T17:18:40
12334066,2022-08-10,2023-02-13,,2026-07-29T17:18:40
12335066,2022-08-11,2022-08-11,,2026-07-29T17:18:40
12336023,2022-08-11,2022-08-20,,2026-07-29T17:18:41
12336237,2022-08-11,2024-12-18,,2026-07-29T17:18:41
12338637,2022-08-11,2023-07-09,,2026-07-29T17:18:42
12338852,2022-08-11,2023-03-14,,2026-07-29T17:18:43
12340865,2022-08-11,2022-12-17,,2026-07-29T17:18:43
12341157,2022-08-11,2022-08-19,,2026-07-29T17:18:43
12341273,2022-08-11,2022-09-27,,2026-07-29T17:18:43
12342466,2022-08-11,2022-09-14,,2026-07-29T17:18:44
12343588,2022-08-11,2022-10-03,,2026-07-29T17:18:44
12344355,2022-08-11,2022-12-06,,2026-07-29T17:18:44
12344412,2022-08-11,2022-10-16,,2026-07-29T17:18:44
12344446,2022-08-11,2022-12-07,,2026-07-29T17:18:45
12344626,2022-08-11,2023-06-28,,2026-07-29T17:18:45
12344938,2022-08-11,2023-02-10,,2026-07-29T17:18:45
12345135,2022-08-11,2025-03-18,,2026-07-29T17:18:45
12345455,2022-08-11,2022-08-11,,2026-07-29T17:18:46
12346496,2022-08-12,2023-01-10,,2026-07-29T17:18:46
12350689,2022-08-12,2022-08-22,,2026-07-29T17:18:46
12350693,2022-08-12,2025-03-11,,2026-07-29T17:18:46
12352391,2022-08-12,2022-08-12,,2026-07-29T17:18:47
12353745,2022-08-12,2022-08-12,,2026-07-29T17:18:47
12353779,2022-08-12,2022-09-27,,2026-07-29T17:18:47
12354602,2022-08-12,2022-09-21,,2026-07-29T17:18:47
12355528,2022-08-12,2022-08-24,,2026-07-29T17:18:47
12355579,2022-08-12,2023-02-15,,2026-07-29T17:18:48
12355891,2022-08-12,2026-03-11,,2026-07-29T17:18:48
12355998,2022-08-12,2026-08-24,,2026-08-25T04:05:05
12356465,2022-08-12,2022-08-12,,2026-07-29T17:18:48
12356550,2022-08-12,2023-10-22,,2026-07-29T17:18:49
12357403,2022-08-13,2022-08-31,,2026-07-29T17:18:49
12357683,2022-08-13,2022-09-12,,2026-07-29T17:18:49
12357839,2022-08-13,2022-09-10,,2026-07-29T17:18:50
12357911,2022-08-13,2022-08-13,,2026-07-29T17:18:50
12359570,2022-08-13,2023-07-11,,2026-07-29T17:18:50
12360015,2022-08-13,2022-12-13,,2026-07-29T17:18:50
12360548,2022-08-13,2022-11-09,,2026-07-29T17:18:50
12360669,2022-08-13,2022-09-24,,2026-07-29T17:18:51
12363484,2022-08-13,2023-03-07,,2026-07-29T17:18:51
12363489,2022-08-13,2023-03-25,,2026-07-29T17:18:51
12363518,2022-08-13,2022-08-14,,2026-07-29T17:18:51
12363737,2022-08-13,2026-08-07,,2026-08-09T04:12:09
12363910,2022-08-13,2023-05-12,,2026-07-29T17:18:52
12364039,2022-08-13,2025-03-15,,2026-07-29T17:18:53
12366165,2022-08-14,2022-08-14,,2026-07-29T17:18:53
12366517,2022-08-14,2024-05-05,,2026-07-29T17:18:53
12367498,2022-08-14,2025-10-04,,2026-07-29T17:18:53
12368516,2022-08-14,2022-09-29,,2026-07-29T17:18:53
12370363,2022-08-14,2023-01-14,,2026-07-29T17:18:54
12370415,2022-08-14,2022-09-09,,2026-07-29T17:18:54
12370946,2022-08-14,2023-02-20,,2026-07-29T17:18:54
12371706,2022-08-14,2023-02-03,,2026-07-29T17:18:55
12372270,2022-08-14,2022-11-05,,2026-07-29T17:18:54
12372337,2022-08-14,2022-10-28,,2026-07-29T17:18:55
12373375,2022-08-15,2026-02-13,,2026-07-29T17:18:55
12373704,2022-08-15,2023-03-13,,2026-07-29T17:18:59
12379265,2022-08-15,2022-08-23,,2026-07-29T17:18:55
12379297,2022-08-15,2024-07-19,,2026-07-29T17:18:59
12381963,2022-08-15,2022-08-15,,2026-07-29T17:18:59
12383284,2022-08-15,2023-03-10,,2026-07-29T17:18:56
12385326,2022-08-15,2023-02-21,,2026-07-29T17:18:56
12385916,2022-08-16,2023-07-04,,2026-07-29T17:18:56
12386479,2022-08-16,2022-10-05,,2026-07-29T17:18:56
12386532,2022-08-16,2026-08-16,,2026-08-18T07:06:19
12387096,2022-08-16,2022-08-29,,2026-07-29T17:18:57
12395769,2022-08-16,2022-11-02,,2026-07-29T17:18:57
12396369,2022-08-16,2023-09-27,,2026-07-29T17:18:58
12396828,2022-08-16,2022-09-14,,2026-07-29T17:19:30
12397002,2022-08-16,2023-03-19,,2026-07-29T17:19:31
12397057,2022-08-16,2025-08-30,,2026-07-29T17:19:31
12397086,2022-08-16,2022-08-16,,2026-07-29T17:19:32
12397222,2022-08-16,2023-03-28,,2026-07-29T17:19:32
12397805,2022-08-16,2026-08-14,,2026-08-16T04:25:08
12398094,2022-08-16,2025-06-12,,2026-07-29T17:19:34
12398106,2022-08-16,2026-03-31,,2026-07-29T17:19:34
12398609,2022-08-16,2023-05-18,,2026-07-29T17:19:34
12399541,2022-08-17,2025-09-26,,2026-07-29T17:19:35
12399886,2022-08-17,2026-08-19,,2026-08-21T04:19:28
12400259,2022-08-17,2023-04-11,,2026-07-29T17:19:35
12400354,2022-08-17,2022-11-02,,2026-07-29T17:19:35
12400816,2022-08-17,2023-12-04,,2026-07-29T17:19:36
12400860,2022-08-17,2022-08-17,,2026-07-29T17:19:36
12401471,2022-08-17,2023-03-24,,2026-07-29T17:19:36
12401706,2022-08-17,2025-07-19,,2026-07-29T17:19:36
12402154,2022-08-17,2022-08-18,,2026-07-29T17:19:36
12402406,2022-08-17,2023-01-15,,2026-07-29T17:19:36
12408980,2022-08-17,2025-12-28,,2026-07-29T17:19:36
12409495,2022-08-17,2026-07-22,,2026-07-29T17:19:37
12409610,2022-08-17,2023-08-19,,2026-07-29T17:19:37
12409697,2022-08-17,2024-06-25,,2026-07-29T17:19:37
12410150,2022-08-17,2023-05-26,,2026-07-29T17:19:37
12410488,2022-08-17,2025-04-26,,2026-07-29T17:19:37
12411841,2022-08-17,2026-08-17,,2026-08-19T05:07:50
12414032,2022-08-18,2026-03-31,,2026-07-29T17:19:37
12414076,2022-08-18,2022-08-31,,2026-07-29T17:19:38
12414495,2022-08-18,2026-02-13,,2026-07-29T17:19:39
12414895,2022-08-18,2022-09-13,,2026-07-29T17:19:38
12420387,2022-08-18,2023-08-18,,2026-07-29T17:19:38
12420905,2022-08-18,2022-09-03,,2026-07-29T17:19:38
12421776,2022-08-18,2026-08-10,,2026-08-12T04:12:09
12421992,2022-08-18,2022-08-22,,2026-07-29T17:19:39
12422318,2022-08-18,2023-03-04,,2026-07-29T17:19:39
12422964,2022-08-18,2023-12-26,,2026-07-29T17:19:39
12423489,2022-08-18,2022-10-04,,2026-07-29T17:19:39
12423618,2022-08-18,2022-08-18,,2026-07-29T17:19:39
12423882,2022-08-18,2022-08-26,,2026-07-29T17:19:40
12425205,2022-08-18,2022-09-01,,2026-07-29T17:19:40
12425306,2022-08-18,2022-08-23,,2026-07-29T17:19:40
12425484,2022-08-18,2023-03-13,,2026-07-29T17:19:40
12425611,2022-08-18,2022-08-18,,2026-07-29T17:19:40
12427142,2022-08-19,2025-07-30,,2026-07-29T17:19:41
12427744,2022-08-19,2022-10-27,,2026-07-29T17:19:41
12427952,2022-08-19,2026-08-19,,2026-08-21T04:10:59
12432032,2022-08-19,2026-06-10,,2026-07-29T17:19:41
12432129,2022-08-19,2022-10-24,,2026-07-29T17:19:41
12434565,2022-08-19,2024-06-19,,2026-07-29T17:19:41
12434890,2022-08-19,2022-09-25,,2026-07-29T17:19:41
12435993,2022-08-19,2026-02-01,,2026-08-16T10:03:31
12437998,2022-08-19,2022-10-17,,2026-07-29T17:19:42
12438929,2022-08-19,2022-11-02,,2026-07-29T17:19:42
12438952,2022-08-19,2026-08-24,,2026-08-25T05:07:11
12439792,2022-08-20,2024-11-02,,2026-07-29T17:19:42
12439953,2022-08-20,2023-05-08,,2026-07-29T17:19:42
12441570,2022-08-20,2022-12-15,,2026-07-29T17:19:43
12442513,2022-08-20,2026-08-14,,2026-08-16T07:15:45
12443876,2022-08-20,2022-10-13,,2026-07-29T17:19:43
12446287,2022-08-20,2023-07-07,,2026-07-29T17:19:43
12453288,2022-08-20,2024-04-01,,2026-07-29T17:19:43
12454474,2022-08-20,2024-09-08,,2026-07-29T17:19:43
12455555,2022-08-20,2022-10-26,,2026-07-29T17:19:44
12457830,2022-08-21,2025-11-28,,2026-07-29T17:19:44
12459591,2022-08-21,2023-04-02,,2026-07-29T17:19:44
12461186,2022-08-21,2022-08-21,,2026-07-29T17:19:44
12462969,2022-08-21,2023-12-13,,2026-07-29T17:19:44
12463911,2022-08-21,2025-10-28,,2026-07-29T17:19:44
12465817,2022-08-21,2022-09-19,,2026-07-29T17:19:44
12465924,2022-08-21,2026-02-05,,2026-07-29T17:19:45
12468938,2022-08-21,2022-10-11,,2026-07-29T17:19:45
12471018,2022-08-21,2024-08-24,,2026-07-29T17:19:45
12471075,2022-08-21,2022-10-12,,2026-07-29T17:19:45
12472423,2022-08-22,2024-08-16,,2026-07-29T17:19:45
12472888,2022-08-22,2022-08-22,,2026-07-29T17:19:45
12475269,2022-08-22,2023-11-27,,2026-07-29T17:19:46
12477590,2022-08-22,2023-02-03,,2026-07-29T17:19:46
12478190,2022-08-22,2022-09-07,,2026-07-29T17:19:46
12480826,2022-08-22,2023-01-03,,2026-07-29T17:19:46
12482019,2022-08-22,2023-01-29,,2026-07-29T17:19:46
12482907,2022-08-22,2026-07-08,,2026-07-29T17:19:46
12483278,2022-08-22,2023-12-06,,2026-07-29T17:19:47
12484622,2022-08-22,2025-11-29,,2026-07-29T17:19:47
12489602,2022-08-23,2022-11-01,,2026-07-29T17:19:47
12490706,2022-08-23,2022-12-03,,2026-07-29T17:19:47
12491423,2022-08-23,2025-06-19,,2026-07-29T17:19:47
12491477,2022-08-23,2022-10-05,,2026-07-29T17:19:47
12492930,2022-08-23,2024-01-20,,2026-07-29T17:19:48
12497556,2022-08-23,2026-08-18,,2026-08-20T04:05:22
12498213,2022-08-23,2022-08-23,,2026-07-29T17:19:48
12499380,2022-08-23,2022-08-30,,2026-07-29T17:19:48
12501951,2022-08-23,2025-03-20,,2026-07-29T17:19:48
12502208,2022-08-23,2022-08-26,,2026-07-29T17:19:49
12502866,2022-08-23,2026-05-18,,2026-07-29T17:19:49
12503143,2022-08-23,2022-08-23,,2026-07-29T17:19:49
12503443,2022-08-23,2023-01-31,,2026-07-29T17:19:49
12503614,2022-08-23,2023-12-30,,2026-07-29T17:19:50
12503840,2022-08-23,2026-02-15,,2026-07-29T17:20:25
12505536,2022-08-24,2024-08-20,,2026-07-29T17:20:25
12505690,2022-08-24,2023-10-23,,2026-07-29T17:20:25
12507003,2022-08-24,2022-09-08,,2026-07-29T17:20:25
12510241,2022-08-24,2022-09-19,,2026-07-29T17:20:26
12512941,2022-08-24,2023-01-05,,2026-07-29T17:20:26
12515131,2022-08-24,2024-10-04,,2026-07-29T17:20:26
12515330,2022-08-24,2023-12-26,,2026-07-29T17:20:26
12515531,2022-08-24,2023-01-05,,2026-07-29T17:20:26
12515985,2022-08-24,2022-09-28,,2026-07-29T17:20:27
12516790,2022-08-24,2022-11-07,,2026-07-29T17:20:27
12518381,2022-08-24,2022-10-17,,2026-07-29T17:20:27
12518407,2022-08-24,2025-03-19,,2026-07-29T17:20:27
12520767,2022-08-25,2023-09-03,,2026-07-29T17:20:27
12521263,2022-08-25,2023-12-26,,2026-07-29T17:20:27
12523211,2022-08-25,2024-01-29,,2026-07-29T17:20:28
12523611,2022-08-25,2026-08-24,,2026-08-24T23:21:52
12524900,2022-08-25,2026-06-03,,2026-07-29T17:20:28
12527714,2022-08-25,2022-08-29,,2026-07-29T17:20:28
12529037,2022-08-25,2024-01-24,,2026-07-29T17:20:28
12531243,2022-08-25,2025-04-21,,2026-07-29T17:20:29
12531372,2022-08-25,2023-10-10,,2026-07-29T17:20:29
12532522,2022-08-25,2022-09-20,,2026-07-29T17:20:29
12534422,2022-08-25,2023-09-15,,2026-07-29T17:20:29
12534930,2022-08-25,2023-10-30,,2026-07-29T17:20:30
12535032,2022-08-26,2022-09-02,,2026-07-29T17:20:30
12535111,2022-08-26,2023-05-02,,2026-07-29T17:20:30
12535174,2022-08-26,2026-04-03,,2026-07-29T17:20:31
12535298,2022-08-26,2024-10-13,,2026-07-29T17:20:31
12535310,2022-08-26,2023-02-28,,2026-07-29T17:20:31
12535726,2022-08-26,2024-05-30,,2026-07-29T17:20:31
12537964,2022-08-26,2022-09-10,,2026-07-29T17:20:32
12539978,2022-08-26,2023-05-15,,2026-07-29T17:20:32
12540168,2022-08-26,2022-09-06,,2026-07-29T17:20:32
12542306,2022-08-26,2022-11-12,,2026-07-29T17:20:32
12544409,2022-08-26,2022-09-20,,2026-07-29T17:20:32
12545138,2022-08-26,2022-09-14,,2026-07-29T17:20:32
12545326,2022-08-26,2022-10-05,,2026-07-29T17:20:33
12547190,2022-08-26,2023-10-29,,2026-07-29T17:20:34
12547303,2022-08-26,2022-12-22,,2026-07-29T17:20:34
12548859,2022-08-26,2022-09-16,,2026-07-29T17:20:34
12548964,2022-08-26,2023-06-30,,2026-07-29T17:20:33
12557014,2022-08-27,2023-02-02,,2026-07-29T17:20:33
12557787,2022-08-27,2023-05-03,,2026-07-29T17:20:34
12558078,2022-08-27,2022-09-06,,2026-07-29T17:20:34
12558098,2022-08-27,2025-01-02,,2026-07-29T17:20:34
12560056,2022-08-28,2022-11-01,,2026-07-29T17:20:34
12560855,2022-08-28,2022-10-17,,2026-07-29T17:20:34
12562436,2022-08-28,2022-09-18,,2026-07-29T17:20:35
12564331,2022-08-28,2023-09-13,,2026-07-29T17:20:35
12564982,2022-08-28,2023-09-06,,2026-07-29T17:20:35
12567247,2022-08-28,2023-02-14,,2026-07-29T17:20:35
12569048,2022-08-29,2022-09-02,,2026-07-29T17:20:35
12569293,2022-08-29,2023-01-08,,2026-07-29T17:20:35
12572483,2022-08-29,2022-09-10,,2026-07-29T17:20:35
12573134,2022-08-29,2022-10-11,,2026-07-29T17:20:36
12577683,2022-08-29,2023-09-08,,2026-07-29T17:20:36
12578734,2022-08-29,2022-08-29,,2026-07-29T17:20:36
12580102,2022-08-29,2022-10-28,,2026-07-29T17:20:36
12581304,2022-08-29,2022-09-08,,2026-07-29T17:20:36
12582122,2022-08-29,2022-10-29,,2026-07-29T17:20:37
12582172,2022-08-29,2023-02-28,,2026-07-29T17:20:37
12583063,2022-08-30,2026-08-24,,2026-08-24T11:14:40
12583473,2022-08-30,2024-04-03,,2026-07-29T17:20:38
12584055,2022-08-30,2025-12-01,,2026-07-29T17:20:39
12584294,2022-08-30,2023-03-09,,2026-07-29T17:20:39
12584548,2022-08-30,2025-03-28,,2026-07-29T17:20:39
12585718,2022-08-30,2026-07-19,,2026-07-29T17:20:39
12587303,2022-08-30,2022-09-20,,2026-07-29T17:20:40
12590755,2022-08-30,2022-09-21,,2026-07-29T17:20:40
12593137,2022-08-30,2022-09-12,,2026-07-29T17:20:40
12593216,2022-08-30,2022-08-31,,2026-07-29T17:20:40
12593391,2022-08-30,2023-01-18,,2026-07-29T17:20:40
12596986,2022-08-30,2022-08-30,,2026-07-29T17:20:40
12597094,2022-08-30,2024-04-23,,2026-07-29T17:20:40
12599035,2022-08-31,2022-09-21,,2026-07-29T17:20:40
12599472,2022-08-31,2026-07-16,,2026-07-29T17:20:41
12599922,2022-08-31,2023-07-21,,2026-07-29T17:20:41
12600959,2022-08-31,2024-02-01,,2026-07-29T17:20:42
12604514,2022-08-31,2026-08-07,,2026-08-09T04:20:38
12605367,2022-08-31,2022-09-02,,2026-08-10T10:02:03
12605388,2022-08-31,2022-08-31,,2026-07-29T17:20:42
12605538,2022-08-31,2023-03-01,,2026-07-29T17:20:42
12605582,2022-08-31,2024-02-23,,2026-07-29T17:20:42
12605840,2022-08-31,2026-07-17,,2026-07-29T17:20:43
12608042,2022-08-31,2022-09-14,,2026-07-29T17:20:42
12608090,2022-08-31,2022-10-05,,2026-07-29T17:20:42
12608630,2022-08-31,2023-06-27,,2026-07-29T17:20:43
12609209,2022-08-31,2022-08-31,,2026-07-29T17:20:43
12611617,2022-08-31,2023-01-14,,2026-07-29T17:20:43
12611739,2022-08-31,2023-08-07,,2026-07-29T17:20:43
12612094,2022-08-31,2024-06-21,,2026-07-29T17:20:43
12614312,2022-09-01,2025-06-30,,2026-07-29T17:20:43
12614952,2022-09-01,2023-04-01,,2026-07-29T17:20:44
12615126,2022-09-01,2022-09-02,,2026-07-29T17:20:44
12615528,2022-09-01,2023-05-23,,2026-07-29T17:20:44
12616534,2022-09-01,2024-08-31,,2026-07-29T17:20:44
12616825,2022-09-01,2025-04-09,,2026-07-29T17:20:44
12620173,2022-09-01,2023-03-07,,2026-07-29T17:20:44
12621321,2022-09-01,2022-09-01,,2026-07-29T17:20:45
12625317,2022-09-01,2022-09-14,,2026-07-29T17:20:45
12625801,2022-09-01,2024-10-01,,2026-07-29T17:20:45
12626865,2022-09-01,2023-03-12,,2026-07-29T17:21:08
12628214,2022-09-01,2023-08-02,,2026-07-29T17:21:08
12629091,2022-09-01,2023-03-08,,2026-07-29T17:21:08
12629864,2022-09-01,2024-04-19,,2026-07-29T17:21:09
12629961,2022-09-01,2023-02-05,,2026-07-29T17:21:09
12630815,2022-09-01,2023-02-19,,2026-07-29T17:21:09
12631636,2022-09-01,2022-09-12,,2026-07-29T17:21:09
12631821,2022-09-01,2022-10-22,,2026-07-29T17:21:09
12632808,2022-09-01,2023-03-03,,2026-07-29T17:21:09
12633932,2022-09-02,2023-01-26,,2026-07-29T17:21:10
12634439,2022-09-02,2022-11-14,,2026-07-29T17:21:10
12634860,2022-09-02,2026-08-18,,2026-08-20T07:12:54
12635223,2022-09-02,2023-11-21,,2026-07-29T17:21:11
12642068,2022-09-02,2022-11-30,,2026-07-29T17:21:11
12642083,2022-09-02,2022-10-26,,2026-07-29T17:21:11
12643263,2022-09-02,2025-10-30,,2026-07-29T17:21:11
12644107,2022-09-02,2023-02-24,,2026-07-29T17:21:11
12644490,2022-09-02,2022-11-23,,2026-07-29T17:21:11
12644771,2022-09-02,2026-01-29,,2026-07-29T17:21:12
12644987,2022-09-02,2022-09-08,,2026-07-29T17:21:12
12646401,2022-09-02,2023-01-05,,2026-07-29T17:21:12
12647289,2022-09-02,2023-07-09,,2026-07-29T17:21:13
12647643,2022-09-02,2022-09-05,,2026-07-29T17:21:13
12647689,2022-09-02,2025-08-05,,2026-07-29T17:21:13
12648148,2022-09-02,2022-11-18,,2026-07-29T17:21:13
12648703,2022-09-03,2022-09-06,,2026-07-29T17:21:13
12648879,2022-09-03,2026-08-12,,2026-08-14T05:09:44
12648911,2022-09-03,2022-09-29,,2026-07-29T17:21:14
12649093,2022-09-03,2023-08-24,,2026-07-29T17:21:14
12649200,2022-09-03,2022-11-18,,2026-07-29T17:21:14
12649314,2022-09-03,2025-03-17,,2026-07-29T17:21:14
12651233,2022-09-03,2023-07-05,,2026-07-29T17:21:14
12652607,2022-09-03,2022-10-17,,2026-07-29T17:21:14
12652734,2022-09-03,2023-11-26,,2026-07-29T17:21:15
12654938,2022-09-03,2025-10-16,,2026-07-29T17:21:15
12655390,2022-09-03,2025-03-10,,2026-07-29T17:21:15
12655631,2022-09-03,2022-09-03,,2026-07-29T17:21:15
12655994,2022-09-03,2023-10-03,,2026-07-29T17:21:15
12656377,2022-09-03,2023-05-15,,2026-07-29T17:21:16
12657687,2022-09-03,2023-05-05,,2026-07-29T17:21:17
12657892,2022-09-03,2024-06-23,,2026-07-29T17:21:17
12658139,2022-09-03,2022-11-09,,2026-07-29T17:21:17
12658947,2022-09-03,2023-02-19,,2026-07-29T17:21:17
12659013,2022-09-03,2023-09-15,,2026-07-29T17:21:17
12659279,2022-09-04,2023-09-20,,2026-07-29T17:21:18
12659450,2022-09-04,2023-02-05,,2026-07-29T17:21:19
12659458,2022-09-04,2023-01-19,,2026-07-29T17:21:19
12659581,2022-09-04,2025-01-21,,2026-07-29T17:21:18
12659620,2022-09-04,2025-02-25,,2026-07-29T17:21:19
12659758,2022-09-04,2022-10-11,,2026-07-29T17:21:19
12659861,2022-09-04,2022-10-12,,2026-07-29T17:21:19
12660231,2022-09-04,2022-09-19,,2026-07-29T17:21:19
12660277,2022-09-04,2024-11-25,,2026-07-29T17:21:20
12660535,2022-09-04,2022-09-08,,2026-07-29T17:21:20
12660667,2022-09-04,2023-02-09,,2026-07-29T17:21:20
12661058,2022-09-04,2026-05-04,,2026-07-29T17:21:20
12661127,2022-09-04,2022-09-18,,2026-07-29T17:21:20
12661394,2022-09-04,2022-09-21,,2026-07-29T17:21:21
12661773,2022-09-04,2026-08-12,,2026-08-14T07:13:32
12664011,2022-09-04,2023-07-11,,2026-07-29T17:21:21
12664552,2022-09-04,2024-06-12,,2026-07-29T17:21:21
12664678,2022-09-04,2022-11-01,,2026-07-29T17:21:21
12664905,2022-09-04,2022-09-06,,2026-07-29T17:21:21
12665255,2022-09-04,2022-09-05,,2026-07-29T17:21:22
12665568,2022-09-04,2023-09-29,,2026-07-29T17:21:22
12665775,2022-09-04,2024-08-31,,2026-07-29T17:21:22
12665789,2022-09-04,2024-04-06,,2026-07-29T17:21:22
12666646,2022-09-04,2022-10-04,,2026-07-29T17:21:22
12666882,2022-09-04,2024-05-16,,2026-08-16T10:18:46
12667935,2022-09-04,2025-01-18,,2026-07-29T17:21:23
12668087,2022-09-04,2022-12-17,,2026-07-29T17:21:23
12668122,2022-09-04,2023-01-18,,2026-07-29T17:21:23
12668279,2022-09-04,2022-09-05,,2026-07-29T17:21:23
12668300,2022-09-04,2026-02-25,,2026-07-29T17:21:23
12668581,2022-09-04,2023-05-16,,2026-07-29T17:21:24
12669153,2022-09-05,2022-12-21,,2026-07-29T17:21:24
12669480,2022-09-05,2026-08-12,,2026-08-14T05:08:35
12669486,2022-09-05,2026-08-18,,2026-08-19T04:23:22
12669535,2022-09-05,2024-02-24,,2026-07-29T17:21:25
12669557,2022-09-05,2023-11-16,,2026-07-29T17:21:25
12669587,2022-09-05,2022-10-26,,2026-07-29T17:21:26
12669956,2022-09-05,2022-09-25,,2026-07-29T17:21:26
12669997,2022-09-05,2022-10-05,,2026-07-29T17:21:26
12670090,2022-09-05,2023-07-26,,2026-07-29T17:21:26
12670094,2022-09-05,2022-10-15,,2026-07-29T17:21:27
12670336,2022-09-05,2022-12-25,,2026-07-29T17:21:26
12677371,2022-09-05,2022-09-05,,2026-07-29T17:21:27
12677690,2022-09-05,2024-02-16,,2026-07-29T17:21:27
12678216,2022-09-05,2022-12-19,,2026-07-29T17:21:27
12678687,2022-09-05,2023-08-26,,2026-07-29T17:21:27
12678757,2022-09-05,2022-09-27,,2026-07-29T17:21:28
12679199,2022-09-05,2026-01-02,,2026-07-29T17:21:28
12679229,2022-09-05,2024-03-23,,2026-07-29T17:21:28
12679397,2022-09-05,2022-12-06,,2026-07-29T17:21:29
12680215,2022-09-05,2024-01-01,,2026-07-29T17:21:29
12680759,2022-09-05,2022-09-07,,2026-07-29T17:21:29
12681097,2022-09-05,2024-03-20,,2026-07-29T17:21:29
12681247,2022-09-05,2022-09-25,,2026-07-29T17:21:29
12682001,2022-09-05,2022-09-06,,2026-07-29T17:21:30
12682818,2022-09-06,2023-02-14,,2026-07-29T17:21:38
12683080,2022-09-06,2024-04-20,,2026-07-29T17:21:38
12685451,2022-09-06,2022-09-23,,2026-07-29T17:21:39
12689001,2022-09-06,2023-03-02,,2026-07-29T17:21:39
12692405,2022-09-06,2022-10-20,,2026-07-29T17:21:39
12692783,2022-09-06,2022-10-17,,2026-07-29T17:21:39
12693994,2022-09-06,2022-12-31,,2026-07-29T17:21:39
12695212,2022-09-06,2024-09-20,,2026-07-29T17:21:40
12695409,2022-09-06,2026-08-24,,2026-08-24T14:54:33
12697709,2022-09-06,2025-10-11,,2026-07-29T17:21:41
12697919,2022-09-06,2022-09-28,,2026-07-29T17:21:40
12698182,2022-09-06,2023-09-07,,2026-07-29T17:21:41
12699035,2022-09-07,2022-09-21,,2026-07-29T17:21:41
12699684,2022-09-07,2022-09-21,,2026-07-29T17:21:41
12699871,2022-09-07,2025-07-30,,2026-07-29T17:21:41
12700339,2022-09-07,2022-12-04,,2026-07-29T17:21:41
12700345,2022-09-07,2023-11-28,,2026-07-29T17:21:41
12705226,2022-09-07,2023-01-20,,2026-08-16T10:04:21
12705348,2022-09-07,2022-10-16,,2026-07-29T17:21:41
12706511,2022-09-07,2026-08-04,,2026-08-06T04:09:29
12708919,2022-09-07,2023-09-16,,2026-07-29T17:21:42
12712043,2022-09-07,2022-10-05,,2026-07-29T17:21:42
12712993,2022-09-07,2022-10-22,,2026-07-29T17:21:42
12713387,2022-09-07,2022-10-04,,2026-07-29T17:21:43
12714256,2022-09-08,2022-09-11,,2026-07-29T17:21:43
12715358,2022-09-08,2023-06-08,,2026-07-29T17:21:43
12716466,2022-09-08,2023-01-30,,2026-07-29T17:21:43
12723602,2022-09-08,2023-04-22,,2026-07-29T17:21:43
12726916,2022-09-08,2023-02-09,,2026-07-29T17:21:43
12727065,2022-09-08,2022-09-08,,2026-07-29T17:21:43
12727430,2022-09-08,2023-01-03,,2026-07-29T17:21:43
12727766,2022-09-08,2024-11-28,,2026-07-29T17:21:43
12728001,2022-09-08,2023-02-09,,2026-07-29T17:21:44
12728156,2022-09-08,2022-09-08,,2026-07-29T17:21:44
12728384,2022-09-08,2023-01-07,,2026-07-29T17:21:44
12729344,2022-09-08,2022-12-12,,2026-07-29T17:21:44
12730132,2022-09-09,2022-10-05,,2026-07-29T17:21:45
12733555,2022-09-09,2022-09-19,,2026-07-29T17:21:45
12733759,2022-09-09,2022-09-12,,2026-07-29T17:21:45
12736356,2022-09-09,2022-11-10,,2026-07-29T17:21:45
12738708,2022-09-09,2022-09-09,,2026-07-29T17:21:45
12738807,2022-09-09,2023-10-25,,2026-08-16T10:04:21
12739495,2022-09-09,2023-01-15,,2026-07-29T17:21:45
12740044,2022-09-09,2023-04-09,,2026-07-29T17:21:46
12740064,2022-09-09,2022-09-09,,2026-07-29T17:21:46
12740990,2022-09-09,2025-02-22,,2026-07-29T17:21:46
12741140,2022-09-09,2026-08-06,,2026-08-08T04:09:27
12741367,2022-09-09,2022-09-16,,2026-07-29T17:21:47
12742440,2022-09-09,2024-03-21,,2026-07-29T17:21:46
12743296,2022-09-09,2022-10-18,,2026-07-29T17:21:47
12743828,2022-09-10,2022-11-24,,2026-07-29T17:21:48
12750417,2022-09-10,2022-09-24,,2026-07-29T17:21:47
12752890,2022-09-10,2022-10-09,,2026-07-29T17:21:47
12752896,2022-09-10,2023-01-29,,2026-07-29T17:21:47
12753104,2022-09-10,2023-06-11,,2026-07-29T17:21:47
12753253,2022-09-10,2022-10-10,,2026-07-29T17:21:47
12753468,2022-09-10,2022-09-14,,2026-07-29T17:21:48
12753878,2022-09-10,2026-01-31,,2026-07-29T17:21:48
12754239,2022-09-11,2023-01-11,,2026-07-29T17:21:48
12754579,2022-09-11,2026-04-29,,2026-07-29T17:21:49
12755226,2022-09-11,2022-10-13,,2026-07-29T17:21:48
12756250,2022-09-11,2022-10-10,,2026-07-29T17:21:49
12758170,2022-09-11,2022-11-02,,2026-07-29T17:21:48
12758927,2022-09-11,2023-05-18,,2026-07-29T17:21:49
12759076,2022-09-11,2026-07-04,,2026-07-29T17:21:49
12759267,2022-09-11,2026-08-18,,2026-08-20T23:02:38
12760375,2022-09-11,2025-10-23,,2026-07-29T17:21:50
12761259,2022-09-11,2022-12-27,,2026-07-29T17:21:50
12762120,2022-09-11,2022-09-11,,2026-07-29T17:21:50
12763664,2022-09-12,2022-09-15,,2026-07-29T17:21:50
12764191,2022-09-12,2022-12-09,,2026-07-29T17:21:51
12772777,2022-09-12,2022-10-28,,2026-07-29T17:21:51
12773928,2022-09-12,2023-02-26,,2026-07-29T17:21:51
12774287,2022-09-12,2026-07-28,,2026-07-30T04:07:16
12774395,2022-09-12,2025-07-23,,2026-07-29T17:21:54
12775009,2022-09-12,2023-01-10,,2026-07-29T17:21:53
12775084,2022-09-12,2025-08-12,,2026-07-29T17:21:51
12775159,2022-09-12,2023-10-20,,2026-07-29T17:21:52
12777574,2022-09-12,2025-07-27,,2026-07-29T17:21:52
12781912,2022-09-13,2025-12-10,,2026-07-29T17:21:54
12786305,2022-09-13,2022-10-04,,2026-07-29T17:21:52
12786999,2022-09-13,2023-03-15,,2026-07-29T17:21:52
12787833,2022-09-13,2022-10-05,,2026-08-10T10:02:50
12788373,2022-09-13,2026-08-21,,2026-08-22T07:15:24
12789543,2022-09-13,2024-06-03,,2026-07-29T17:21:53
12790510,2022-09-13,2022-12-29,,2026-07-29T17:21:55
12791956,2022-09-13,2022-12-20,,2026-07-29T17:21:53
12792841,2022-09-13,2023-10-19,,2026-07-29T17:21:53
12792991,2022-09-13,2022-11-12,,2026-07-29T17:21:55
12793118,2022-09-13,2023-10-18,,2026-07-29T17:21:54
12793411,2022-09-13,2022-10-31,,2026-07-29T17:21:55
12793591,2022-09-13,2022-11-09,,2026-07-29T17:21:54
12794954,2022-09-14,2023-07-16,,2026-07-29T17:21:54
12794978,2022-09-14,2026-08-21,,2026-08-23T04:18:24
12794996,2022-09-14,2023-12-20,,2026-07-29T17:21:54
12796205,2022-09-14,2026-07-04,,2026-07-29T17:21:55
12796826,2022-09-14,2024-02-21,,2026-07-29T17:21:55
12798771,2022-09-14,2023-09-12,,2026-07-29T17:21:55
12804135,2022-09-14,2026-08-17,,2026-08-18T06:00:45
12805508,2022-09-14,2023-12-01,,2026-07-29T17:21:56
12805852,2022-09-14,2022-10-06,,2026-07-29T17:22:12
12806690,2022-09-14,2023-09-24,,2026-07-29T17:22:14
12806715,2022-09-14,2026-04-21,,2026-07-29T17:22:15
12808662,2022-09-14,2023-01-12,,2026-07-29T17:22:13
12809714,2022-09-15,2022-10-15,,2026-07-29T17:22:15
12810168,2022-09-15,2024-05-13,,2026-07-29T17:22:13
12810352,2022-09-15,2023-01-29,,2026-07-29T17:22:13
12811360,2022-09-15,2024-06-11,,2026-07-29T17:22:15
12811376,2022-09-15,2023-04-18,,2026-07-29T17:22:15
12816521,2022-09-15,2022-09-15,,2026-07-29T17:22:14
12818740,2022-09-15,2022-12-27,,2026-07-29T17:22:15
12818916,2022-09-15,2022-10-28,,2026-07-29T17:22:15
12819249,2022-09-15,2022-11-04,,2026-07-29T17:22:15
12819485,2022-09-15,2022-09-15,,2026-07-29T17:22:15
12819613,2022-09-15,2022-12-14,,2026-07-29T17:22:15
12820901,2022-09-15,2026-02-21,,2026-07-29T17:22:15
12822172,2022-09-15,2023-08-21,,2026-07-29T17:22:15
12822297,2022-09-15,2023-08-05,,2026-07-29T17:22:16
12822771,2022-09-15,2022-12-02,,2026-08-21T08:01:06
12823336,2022-09-15,2022-10-14,,2026-07-29T17:22:16
12824932,2022-09-15,2025-07-31,,2026-07-29T17:22:16
12825342,2022-09-15,2022-09-17,,2026-07-29T17:22:16
12825554,2022-09-15,2026-02-13,,2026-07-29T17:22:16
12826096,2022-09-15,2022-09-15,,2026-07-29T17:22:16
12826310,2022-09-15,2023-04-24,,2026-07-29T17:22:16
12826656,2022-09-15,2024-05-20,,2026-07-29T17:22:17
12826722,2022-09-15,2022-09-16,,2026-07-29T17:22:16
12826835,2022-09-15,2022-09-15,,2026-07-29T17:22:17
12827002,2022-09-16,2026-01-28,,2026-07-29T17:22:17
12828370,2022-09-16,2023-12-25,,2026-07-29T17:22:19
12833434,2022-09-16,2022-10-14,,2026-07-29T17:22:18
12833962,2022-09-16,2022-11-18,,2026-07-29T17:22:19
12834417,2022-09-16,2023-01-30,,2026-07-29T17:22:19
12837929,2022-09-16,2023-01-31,,2026-07-29T17:22:18
12838755,2022-09-16,2022-09-21,,2026-07-29T17:22:18
12838880,2022-09-16,2022-10-20,,2026-07-29T17:22:18
12840015,2022-09-16,2023-02-01,,2026-07-29T17:22:19
12840184,2022-09-16,2023-07-07,,2026-07-29T17:22:19
12840824,2022-09-16,2023-02-14,,2026-07-29T17:22:19
12841087,2022-09-16,2024-12-13,,2026-07-29T17:22:19
12841164,2022-09-16,2023-03-23,,2026-07-29T17:22:20
12841465,2022-09-16,2022-10-07,,2026-07-29T17:22:21
12842579,2022-09-17,2022-09-17,,2026-07-29T17:22:20
12842742,2022-09-17,2024-06-04,,2026-07-29T17:22:20
12843061,2022-09-17,2023-03-22,,2026-07-29T17:22:21
12843255,2022-09-17,2023-10-29,,2026-07-29T17:22:21
12845938,2022-09-17,2022-10-24,,2026-07-29T17:22:21
12848042,2022-09-17,2022-10-18,,2026-07-29T17:22:21
12849153,2022-09-17,2022-11-19,,2026-07-29T17:22:21
12850269,2022-09-17,2022-11-30,,2026-07-29T17:22:21
12850776,2022-09-17,2024-03-25,,2026-07-29T17:22:21
12850843,2022-09-17,2023-03-05,,2026-07-29T17:22:21
12851348,2022-09-17,2026-08-22,,2026-08-24T04:13:25
12852644,2022-09-17,2023-10-01,,2026-07-29T17:22:22
12852676,2022-09-17,2025-03-20,,2026-07-29T17:22:22
12853024,2022-09-18,2023-05-24,,2026-07-29T17:22:22
12853056,2022-09-18,2022-09-18,,2026-07-29T17:22:24
12855896,2022-09-18,2022-11-18,,2026-07-29T17:22:27
12856480,2022-09-18,2023-07-11,,2026-07-29T17:22:29
12860859,2022-09-18,2022-11-14,,2026-07-29T17:22:30
12861738,2022-09-18,2026-08-22,,2026-08-23T05:12:54
12862954,2022-09-19,2022-10-04,,2026-07-29T17:22:30
12864343,2022-09-19,2022-12-18,,2026-07-29T17:22:30
12864725,2022-09-19,2022-09-19,,2026-07-29T17:22:30
12869128,2022-09-19,2024-08-04,,2026-07-29T17:22:31
12871269,2022-09-19,2022-10-24,,2026-07-29T17:22:31
12871630,2022-09-19,2023-06-19,,2026-07-29T17:22:31
12871682,2022-09-19,2023-04-04,,2026-07-29T17:22:32
12872429,2022-09-19,2025-03-10,,2026-07-29T17:22:32
12873106,2022-09-19,2025-10-04,,2026-07-29T17:22:32
12873534,2022-09-19,2022-09-19,,2026-07-29T17:22:32
12875116,2022-09-19,2022-10-18,,2026-07-29T17:22:32
12876566,2022-09-19,2023-05-19,,2026-08-20T10:02:18
12876695,2022-09-19,2022-09-20,,2026-07-29T17:22:33
12876961,2022-09-19,2023-07-08,,2026-08-21T08:02:03
12877341,2022-09-19,2026-07-22,,2026-07-29T17:22:33
12877680,2022-09-20,2022-09-26,,2026-07-29T17:22:33
12878434,2022-09-20,2023-01-11,,2026-07-29T17:22:33
12878441,2022-09-20,2023-08-23,,2026-07-29T17:22:34
12879095,2022-09-20,2022-10-04,,2026-07-29T17:22:34
12880730,2022-09-20,2022-11-24,,2026-07-29T17:22:34
12881451,2022-09-20,2022-09-30,,2026-07-29T17:22:34
12882789,2022-09-20,2024-07-22,,2026-07-29T17:22:34
12883661,2022-09-20,2023-04-26,,2026-07-29T17:22:34
12886728,2022-09-20,2023-09-21,,2026-07-29T17:22:34
12886866,2022-09-20,2026-08-24,,2026-08-24T03:14:01
12888510,2022-09-20,2024-09-04,,2026-08-16T10:04:21
12889133,2022-09-20,2022-09-23,,2026-07-29T17:22:35
12890018,2022-09-20,2025-10-25,,2026-07-29T17:22:35
12890400,2022-09-20,2022-10-21,,2026-07-29T17:22:35
12891775,2022-09-20,2024-03-25,,2026-07-29T17:22:35
12892178,2022-09-20,2023-04-25,,2026-07-29T17:22:35
12892486,2022-09-20,2022-10-07,,2026-07-29T17:22:35
12893092,2022-09-20,2023-05-06,,2026-07-29T17:22:36
12893648,2022-09-20,2022-10-09,,2026-07-29T17:22:36
12893769,2022-09-21,2022-11-04,,2026-07-29T17:22:36
12893833,2022-09-21,2023-01-27,,2026-07-29T17:22:36
12894218,2022-09-21,2023-06-28,,2026-07-29T17:22:37
12895677,2022-09-21,2023-05-28,,2026-07-29T17:22:37
12895684,2022-09-21,2025-01-14,,2026-07-29T17:22:37
12897020,2022-09-21,2022-09-21,,2026-07-29T17:22:37
12902218,2022-09-21,2023-10-04,,2026-07-29T17:22:37
12904235,2022-09-21,2026-04-13,,2026-07-29T17:22:37
12904602,2022-09-21,2022-09-25,,2026-07-29T17:22:37
12905432,2022-09-21,2022-09-30,,2026-07-29T17:22:37
12905995,2022-09-21,2022-11-30,,2026-07-29T17:22:38
12906199,2022-09-21,2022-11-24,,2026-07-29T17:22:38
12907353,2022-09-21,2022-10-12,,2026-07-29T17:22:38
12908359,2022-09-21,2023-01-21,,2026-07-29T17:22:38
12909395,2022-09-21,2023-10-17,,2026-07-29T17:22:38
12911008,2022-09-22,2022-10-17,,2026-07-29T17:22:38
12912188,2022-09-22,2022-10-02,,2026-07-29T17:22:39
12913694,2022-09-22,2022-09-28,,2026-07-29T17:22:39
12922699,2022-09-22,2023-01-27,,2026-07-29T17:22:39
12924465,2022-09-22,2022-11-10,,2026-07-29T17:22:39
12924951,2022-09-22,2026-04-03,,2026-07-29T17:22:39
12924954,2022-09-22,2022-09-23,,2026-07-29T17:22:39
12928395,2022-09-23,2022-12-29,,2026-07-29T17:22:40
12928796,2022-09-23,2022-12-05,,2026-07-29T17:22:39
12930407,2022-09-23,2023-01-05,,2026-07-29T17:22:40
12934664,2022-09-23,2022-10-11,,2026-07-29T17:22:40
12936947,2022-09-23,2022-10-04,,2026-07-29T17:22:40
12937258,2022-09-23,2022-11-12,,2026-07-29T17:22:41
12938353,2022-09-23,2022-12-21,,2026-07-29T17:22:41
12939112,2022-09-23,2023-03-24,,2026-07-29T17:22:41
12942187,2022-09-24,2023-05-21,,2026-07-29T17:22:41
12944170,2022-09-24,2023-05-12,,2026-07-29T17:22:41
12944568,2022-09-24,2023-01-20,,2026-07-29T17:22:42
12944681,2022-09-24,2024-09-11,,2026-07-29T17:22:42
12948115,2022-09-24,2023-01-25,,2026-07-29T17:22:42
12948360,2022-09-24,2023-03-28,,2026-07-29T17:22:42
12949620,2022-09-24,2025-07-22,,2026-07-29T17:22:42
12949672,2022-09-24,2023-12-31,,2026-07-29T17:22:42
12950069,2022-09-25,2022-12-24,,2026-07-29T17:22:42
12950292,2022-09-25,2023-08-15,,2026-07-29T17:22:42
12950447,2022-09-25,2023-04-17,,2026-07-29T17:22:42
12951285,2022-09-25,2024-09-03,,2026-07-29T17:22:42
12952905,2022-09-25,2022-12-19,,2026-07-29T17:22:43
12954212,2022-09-25,2023-03-22,,2026-07-29T17:22:42
12956155,2022-09-25,2024-04-24,,2026-07-29T17:22:43
12958070,2022-09-25,2023-09-04,,2026-07-29T17:22:43
12959423,2022-09-26,2026-07-20,,2026-07-29T17:22:43
12963194,2022-09-26,2022-10-04,,2026-07-29T17:22:44
12969610,2022-09-26,2026-07-06,,2026-07-29T17:22:44
12970591,2022-09-26,2025-09-07,,2026-07-29T17:22:44
12973152,2022-09-26,2022-10-26,,2026-07-29T17:22:44
12976601,2022-09-27,2023-04-17,,2026-07-29T17:22:44
12977145,2022-09-27,2024-04-09,,2026-07-29T17:22:45
12977869,2022-09-27,2026-08-24,,2026-08-24T22:54:26
12977931,2022-09-27,2022-11-24,,2026-07-29T17:22:45
12978458,2022-09-27,2025-10-31,,2026-07-29T17:22:45
12980117,2022-09-27,2022-10-01,,2026-07-29T17:22:45
12981221,2022-09-27,2022-09-27,,2026-07-29T17:22:46
12983321,2022-09-27,2025-11-18,,2026-07-29T17:22:46
12986922,2022-09-27,2023-01-13,,2026-07-29T17:22:46
12987013,2022-09-27,2023-04-03,,2026-07-29T17:22:46
12987741,2022-09-27,2023-09-16,,2026-07-29T17:22:46
12988591,2022-09-27,2023-05-26,,2026-08-16T10:03:34
12988680,2022-09-27,2022-11-22,,2026-07-29T17:23:22
12988949,2022-09-27,2025-05-01,,2026-07-29T17:23:22
12989115,2022-09-27,2023-04-01,,2026-07-29T17:23:22
12989604,2022-09-27,2026-08-24,,2026-08-25T05:06:26
12989923,2022-09-27,2023-08-10,,2026-07-29T17:23:23
12990058,2022-09-27,2024-05-24,,2026-07-29T17:23:23
12990412,2022-09-27,2026-06-24,,2026-07-29T17:23:23
12992287,2022-09-28,2022-09-28,,2026-07-29T17:23:23
12993132,2022-09-28,2022-09-28,,2026-07-29T17:23:23
12993931,2022-09-28,2026-07-21,,2026-07-29T17:23:24
12998864,2022-09-28,2026-08-10,,2026-08-11T04:10:39
12999359,2022-09-28,2022-10-18,,2026-07-29T17:23:24
13000198,2022-09-28,2022-11-01,,2026-07-29T17:23:24
13000263,2022-09-28,2025-06-09,,2026-07-29T17:23:24
13001932,2022-09-28,2022-10-12,,2026-07-29T17:23:24
13004229,2022-09-28,2023-09-01,,2026-07-29T17:23:25
13006396,2022-09-28,2025-10-27,,2026-07-29T17:23:25
13008707,2022-09-29,2022-10-13,,2026-07-29T17:23:25
13009734,2022-09-29,2022-11-02,,2026-07-29T17:23:26
13009804,2022-09-29,2023-11-09,,2026-07-29T17:23:26
13010106,2022-09-29,2023-05-01,,2026-07-29T17:23:27
13010653,2022-09-29,2024-01-13,,2026-07-29T17:23:27
13010837,2022-09-29,2022-10-12,,2026-07-29T17:23:27
13017049,2022-09-29,2022-09-30,,2026-07-29T17:23:27
13017887,2022-09-29,2023-03-01,,2026-07-29T17:23:27
13019085,2022-09-29,2022-10-06,,2026-07-29T17:23:27
13020558,2022-09-29,2022-12-12,,2026-07-29T17:23:27
13020955,2022-09-29,2023-01-02,,2026-07-29T17:23:27
13021415,2022-09-29,2023-03-03,,2026-07-29T17:23:27
13022949,2022-09-29,2023-05-11,,2026-07-29T17:23:27
13023281,2022-09-29,2023-01-19,,2026-07-29T17:23:27
13027078,2022-09-30,2026-03-06,,2026-07-29T17:23:27
13029776,2022-09-30,2022-10-20,,2026-07-29T17:23:27
13032088,2022-09-30,2024-01-01,,2026-07-29T17:23:27
13034466,2022-09-30,2026-08-24,,2026-08-24T19:28:29
13040595,2022-09-30,2024-04-12,,2026-07-29T17:23:28
13040735,2022-09-30,2026-07-02,,2026-07-29T17:23:28
13041048,2022-09-30,2022-09-30,,2026-07-29T17:23:28
13041846,2022-09-30,2023-01-31,,2026-07-29T17:23:28
13042173,2022-10-01,2023-08-15,,2026-07-29T17:23:28
13042361,2022-10-01,2022-12-16,,2026-07-29T17:23:28
13042494,2022-10-01,2024-06-12,,2026-07-29T17:23:29
13043061,2022-10-01,2023-08-08,,2026-08-10T10:02:57
13044122,2022-10-01,2023-09-28,,2026-07-29T17:23:29
13044560,2022-10-01,2023-08-16,,2026-07-29T17:23:29
13045943,2022-10-01,2024-02-04,,2026-07-29T17:23:29
13048313,2022-10-01,2022-10-01,,2026-07-29T17:23:29
13049378,2022-10-01,2023-11-05,,2026-07-29T17:23:29
13051887,2022-10-01,2022-10-01,,2026-07-29T17:23:30
13052071,2022-10-01,2023-07-10,,2026-07-29T17:23:30
13052369,2022-10-01,2023-09-16,,2026-07-29T17:23:30
13053636,2022-10-01,2023-12-19,,2026-07-29T17:23:30
13054876,2022-10-02,2023-08-17,,2026-07-29T17:23:30
13055811,2022-10-02,2022-12-02,,2026-07-29T17:23:30
13056602,2022-10-02,2023-08-26,,2026-07-29T17:23:31
13057025,2022-10-02,2023-05-20,,2026-07-29T17:23:31
13061067,2022-10-02,2023-05-03,,2026-07-29T17:23:31
13061780,2022-10-02,2023-04-13,,2026-07-29T17:23:31
13061993,2022-10-02,2022-10-31,,2026-07-29T17:23:31
13062403,2022-10-02,2022-10-02,,2026-07-29T17:23:32
13063210,2022-10-02,2022-12-02,,2026-07-29T17:23:32
13064480,2022-10-02,2026-08-10,,2026-08-12T05:10:00
13064944,2022-10-02,2022-12-29,,2026-07-29T17:23:32
13064955,2022-10-02,2022-12-04,,2026-07-29T17:23:32
13064981,2022-10-02,2026-08-19,,2026-08-21T07:13:35
13065452,2022-10-03,2022-11-06,,2026-07-29T17:23:32
13066315,2022-10-03,2023-03-03,,2026-07-29T17:23:33
13067473,2022-10-03,2022-10-06,,2026-07-29T17:23:33
13067761,2022-10-03,2022-12-02,,2026-07-29T17:23:33
13073243,2022-10-03,2023-01-24,,2026-07-29T17:23:33
13074607,2022-10-03,2025-03-05,,2026-07-29T17:23:33
13074862,2022-10-03,2023-09-29,,2026-07-29T17:23:33
13075554,2022-10-03,2023-08-14,,2026-07-29T17:23:34
13075891,2022-10-03,2022-10-11,,2026-07-29T17:23:34
13075984,2022-10-03,2025-08-05,,2026-07-29T17:23:34
13076304,2022-10-03,2023-01-04,,2026-07-29T17:23:35
13077257,2022-10-03,2023-08-07,,2026-07-29T17:23:35
13080259,2022-10-03,2022-10-04,,2026-07-29T17:23:35
13080287,2022-10-03,2022-10-03,,2026-07-29T17:23:35
13080536,2022-10-03,2022-10-17,,2026-07-29T17:23:35
13082014,2022-10-03,2022-10-30,,2026-07-29T17:23:35
13082128,2022-10-04,2022-10-05,,2026-07-29T17:23:35
13082948,2022-10-04,2022-10-18,,2026-07-29T17:23:36
13083265,2022-10-04,2026-04-16,,2026-07-29T17:23:36
13083654,2022-10-04,2024-03-21,,2026-07-29T17:23:36
13083676,2022-10-04,2022-11-03,,2026-07-29T17:23:36
13083692,2022-10-04,2023-07-10,,2026-07-29T17:23:36
13083884,2022-10-04,2024-04-15,,2026-07-29T17:23:37
13084187,2022-10-04,2022-12-08,,2026-07-29T17:23:37
13085191,2022-10-04,2023-08-30,,2026-07-30T16:23:21
13086938,2022-10-04,2025-04-07,,2026-07-29T17:23:37
13087441,2022-10-04,2026-01-22,,2026-07-29T17:23:37
13088251,2022-10-04,2022-10-15,,2026-07-29T17:23:37
13089145,2022-10-04,2023-05-27,,2026-07-29T17:23:38
13089180,2022-10-04,2024-04-04,,2026-07-29T17:23:38
13091259,2022-10-04,2023-08-19,,2026-07-29T17:23:38
13091280,2022-10-04,2024-11-01,,2026-07-29T17:23:38
13091299,2022-10-04,2022-11-16,,2026-07-29T17:23:55
13091348,2022-10-04,2023-03-17,,2026-07-29T17:23:55
13091519,2022-10-04,2022-12-16,,2026-07-29T17:23:56
13092052,2022-10-04,2023-02-21,,2026-07-29T17:23:56
13092746,2022-10-04,2025-06-23,,2026-07-29T17:23:56
13092771,2022-10-04,2022-12-21,,2026-07-29T17:23:56
13093242,2022-10-04,2022-10-06,,2026-07-29T17:23:56
13093261,2022-10-04,2022-10-04,,2026-07-29T17:23:57
13093463,2022-10-04,2025-01-26,,2026-07-29T17:23:57
13093826,2022-10-04,2022-10-18,,2026-07-29T17:23:57
13093882,2022-10-04,2022-10-13,,2026-07-29T17:23:57
13094619,2022-10-04,2022-10-28,,2026-07-29T17:23:57
13094973,2022-10-04,2024-10-26,,2026-07-29T17:23:58
13095892,2022-10-04,2022-10-30,,2026-07-29T17:23:58
13096517,2022-10-04,2026-08-21,,2026-08-23T04:20:08
13096873,2022-10-04,2023-06-19,,2026-07-29T17:23:58
13097051,2022-10-04,2023-05-07,,2026-07-29T17:23:58
13097966,2022-10-04,2022-11-21,,2026-07-29T17:23:59
13098163,2022-10-04,2022-10-04,,2026-07-29T17:23:59
13098239,2022-10-04,2026-01-13,,2026-07-29T17:23:59
13098751,2022-10-04,2023-01-04,,2026-07-29T17:23:59
13098887,2022-10-04,2026-08-25,,2026-08-25T03:09:54
13099026,2022-10-04,2022-11-01,,2026-07-29T17:24:00
13099248,2022-10-05,2023-08-17,,2026-08-16T10:04:21
13099431,2022-10-05,2022-12-05,,2026-07-29T17:24:00
13099690,2022-10-05,2022-11-19,,2026-07-29T17:24:00
13100046,2022-10-05,2026-08-02,,2026-08-04T07:03:59
13100199,2022-10-05,2022-10-05,,2026-07-29T17:24:01
13100278,2022-10-05,2024-04-27,,2026-07-29T17:24:01
13100309,2022-10-05,2022-11-05,,2026-07-29T17:24:02
13100354,2022-10-05,2022-10-06,,2026-07-29T17:24:02
13100812,2022-10-05,2022-11-21,,2026-07-29T17:24:02
13100818,2022-10-05,2023-08-07,,2026-07-29T17:24:02
13101128,2022-10-05,2025-06-29,,2026-07-29T17:24:02
13101147,2022-10-05,2022-11-26,,2026-07-29T17:24:02
13101160,2022-10-05,2024-08-15,,2026-07-29T17:24:02
13101322,2022-10-05,2026-04-05,,2026-07-29T17:24:02
13101374,2022-10-05,2022-10-05,,2026-07-29T17:24:03
13101385,2022-10-05,2022-12-30,,2026-07-29T17:24:03
13101466,2022-10-05,2023-03-04,,2026-07-29T17:24:03
13101657,2022-10-05,2026-08-23,,2026-08-25T04:12:11
13101733,2022-10-05,2022-10-24,,2026-07-29T17:24:03
13102873,2022-10-05,2022-10-05,,2026-07-29T17:24:03
13103194,2022-10-05,2025-11-16,,2026-07-29T17:24:04
13106868,2022-10-05,2022-11-18,,2026-07-29T17:24:04
13108487,2022-10-05,2023-05-10,,2026-07-29T17:24:04
13109893,2022-10-05,2022-10-21,,2026-07-29T17:24:04
13111007,2022-10-05,2024-08-28,,2026-07-29T17:24:04
13111318,2022-10-05,2022-10-06,,2026-07-29T17:24:04
13111351,2022-10-05,2022-12-31,,2026-07-29T17:24:05
13111600,2022-10-05,2022-10-15,,2026-07-29T17:24:05
13111866,2022-10-05,2024-11-19,,2026-07-29T17:24:05
13114492,2022-10-05,2022-10-19,,2026-07-29T17:24:05
13114887,2022-10-06,2022-11-19,,2026-07-29T17:24:06
13115123,2022-10-06,2023-06-15,,2026-07-29T17:24:06
13116146,2022-10-06,2023-10-20,,2026-07-29T17:24:06
13118071,2022-10-06,2023-01-27,,2026-07-29T17:24:06
13123934,2022-10-06,2026-06-17,,2026-07-29T17:24:06
13124019,2022-10-06,2023-03-13,,2026-07-29T17:24:07
13127756,2022-10-06,2025-04-12,,2026-07-29T17:24:08
13128556,2022-10-06,2023-11-01,,2026-07-29T17:24:07
13128959,2022-10-06,2022-10-25,,2026-07-29T17:24:07
13129172,2022-10-06,2022-10-06,,2026-07-29T17:24:08
13130114,2022-10-06,2022-10-11,,2026-07-29T17:24:08
13130205,2022-10-06,2022-12-22,,2026-07-29T17:24:08
13130321,2022-10-06,2023-02-01,,2026-07-29T17:24:08
13131141,2022-10-06,2022-12-10,,2026-07-29T17:24:08
13131249,2022-10-07,2024-02-15,,2026-07-29T17:24:08
13132063,2022-10-07,2024-01-08,,2026-07-29T17:24:09
13132589,2022-10-07,2022-10-08,,2026-07-29T17:24:09
13133622,2022-10-07,2023-10-10,,2026-07-29T17:24:09
13134278,2022-10-07,2023-11-06,,2026-07-29T17:24:09
13136683,2022-10-07,2026-08-04,,2026-08-06T04:04:56
13138742,2022-10-07,2023-01-09,,2026-07-29T17:24:09
13139717,2022-10-07,2023-08-14,,2026-07-29T17:24:10
13140435,2022-10-07,2023-03-07,,2026-07-29T17:24:10
13140500,2022-10-07,2023-02-15,,2026-07-29T17:24:10
13140597,2022-10-07,2024-05-25,,2026-07-29T17:24:10
13140952,2022-10-07,2023-03-31,,2026-07-29T17:24:10
13142545,2022-10-07,2022-10-07,,2026-07-29T17:24:10
13142947,2022-10-07,2024-06-07,,2026-07-29T17:24:10
13143119,2022-10-07,2024-08-13,,2026-07-29T17:24:11
13143537,2022-10-07,2023-08-03,,2026-07-29T17:24:11
13143849,2022-10-07,2022-10-07,,2026-07-29T17:24:11
13144552,2022-10-07,2023-11-05,,2026-07-29T17:24:11
13144670,2022-10-07,2026-04-29,,2026-07-29T17:24:11
13145469,2022-10-07,2024-01-22,,2026-07-29T17:24:11
13145993,2022-10-08,2022-10-25,,2026-07-29T17:24:12
13146451,2022-10-08,2023-01-04,,2026-07-29T17:24:12
13146868,2022-10-08,2022-12-20,,2026-07-29T17:24:12
13147715,2022-10-08,2024-03-07,,2026-07-29T17:24:12
13152001,2022-10-08,2024-05-31,,2026-07-29T17:24:12
13152616,2022-10-08,2026-07-26,,2026-07-29T17:24:12
13153803,2022-10-08,2026-03-26,,2026-07-29T17:24:13
13156373,2022-10-09,2022-12-05,,2026-07-29T17:24:13
13156555,2022-10-09,2022-12-14,,2026-07-29T17:24:13
13156949,2022-10-09,2026-01-18,,2026-07-29T17:24:13
13157205,2022-10-09,2023-01-17,,2026-07-29T17:24:13
13157302,2022-10-09,2025-07-28,,2026-07-29T17:24:13
13158491,2022-10-09,2023-01-17,,2026-07-29T17:24:13
13160983,2022-10-09,2022-11-20,,2026-07-29T17:24:15
13161492,2022-10-09,2022-11-27,,2026-07-29T17:24:15
13162264,2022-10-09,2026-08-18,,2026-08-19T05:03:09
13162586,2022-10-09,2022-10-28,,2026-07-29T17:24:15
13163269,2022-10-09,2023-01-15,,2026-07-29T17:24:15
13163708,2022-10-09,2024-10-07,,2026-07-29T17:24:19
13164432,2022-10-09,2022-11-05,,2026-07-29T17:24:19
13165120,2022-10-09,2024-03-21,,2026-07-29T17:24:19
13165567,2022-10-10,2022-10-30,,2026-07-29T17:24:19
13166749,2022-10-10,2022-11-21,,2026-07-29T17:24:19
13166838,2022-10-10,2025-11-01,,2026-07-29T17:24:19
13170230,2022-10-10,2023-01-05,,2026-07-29T17:24:21
13174600,2022-10-10,2024-07-03,,2026-07-29T17:24:21
13175235,2022-10-10,2022-10-10,,2026-07-29T17:24:21
13175920,2022-10-10,2023-11-02,,2026-07-29T17:24:21
13177603,2022-10-10,2023-04-24,,2026-07-30T16:23:59
13177933,2022-10-10,2023-03-31,,2026-07-29T17:24:21
13179813,2022-10-10,2024-09-18,,2026-07-29T17:24:21
13180617,2022-10-11,2023-01-08,,2026-07-29T17:24:21
13181163,2022-10-11,2022-10-11,,2026-07-29T17:24:21
13182355,2022-10-11,2022-12-06,,2026-07-29T17:24:22
13186568,2022-10-11,2022-11-28,,2026-07-29T17:24:22
13188090,2022-10-11,2022-10-19,,2026-07-29T17:24:22
13188366,2022-10-11,2024-03-26,,2026-07-29T17:24:22
13190516,2022-10-11,2023-08-16,,2026-07-29T17:24:22
13190749,2022-10-11,2022-12-24,,2026-07-29T17:24:22
13191063,2022-10-11,2026-08-21,,2026-08-23T04:22:02
13191651,2022-10-11,2023-06-29,,2026-07-29T17:24:24
13193662,2022-10-11,2026-08-24,,2026-08-24T23:19:05
13194630,2022-10-11,2023-04-12,,2026-07-29T17:24:24
13194760,2022-10-11,2022-11-30,,2026-07-29T17:24:25
13197221,2022-10-12,2025-11-25,,2026-07-29T17:24:25
13197255,2022-10-12,2022-12-01,,2026-07-29T17:24:26
13197322,2022-10-12,2024-08-31,,2026-07-29T17:24:26
13197667,2022-10-12,2023-01-23,,2026-07-29T17:24:26
13198374,2022-10-12,2025-09-02,,2026-07-29T17:24:28
13198417,2022-10-12,2022-10-12,,2026-07-29T17:24:29
13199394,2022-10-12,2022-11-07,,2026-07-29T17:24:29
13202724,2022-10-12,2025-03-28,,2026-07-29T17:24:29
13204870,2022-10-12,2024-02-19,,2026-07-29T17:24:31
13210613,2022-10-12,2026-06-03,,2026-07-29T17:24:31
13211238,2022-10-12,2025-04-16,,2026-07-29T17:24:31
13211414,2022-10-12,2022-12-29,,2026-07-29T17:24:32
13213299,2022-10-13,2026-06-03,,2026-07-29T17:24:32
13213500,2022-10-13,2024-03-03,,2026-07-29T17:24:33
13216997,2022-10-13,2023-07-02,,2026-07-29T17:24:34
13219670,2022-10-13,2022-10-13,,2026-07-29T17:24:33
13220059,2022-10-13,2022-12-20,,2026-07-29T17:24:33
13221904,2022-10-13,2023-02-19,,2026-07-29T17:24:33
13224047,2022-10-13,2022-10-25,,2026-07-29T17:24:34
13224115,2022-10-13,2023-08-10,,2026-07-29T17:24:34
13224574,2022-10-13,2022-10-17,,2026-07-29T17:24:35
13224737,2022-10-13,2022-10-13,,2026-07-29T17:24:35
13225533,2022-10-13,2022-10-19,,2026-07-29T17:24:35
13226573,2022-10-13,2023-02-19,,2026-07-29T17:24:35
13227487,2022-10-14,2023-05-17,,2026-07-29T17:24:36
13227870,2022-10-14,2023-02-26,,2026-07-29T17:24:36
13228002,2022-10-14,2024-08-14,,2026-07-29T17:24:36
13228047,2022-10-14,2023-10-06,,2026-07-29T17:24:36
13228624,2022-10-14,2023-10-21,,2026-07-29T17:24:37
13234615,2022-10-14,2022-11-05,,2026-07-29T17:24:37
13235696,2022-10-14,2024-11-07,,2026-07-29T17:24:37
13242115,2022-10-15,2024-09-07,,2026-07-29T17:24:38
13247240,2022-10-15,2022-12-20,,2026-07-29T17:24:38
13247469,2022-10-15,2026-08-11,,2026-08-13T04:23:59
13247484,2022-10-15,2022-10-15,,2026-07-29T17:24:38
13247622,2022-10-15,2022-12-07,,2026-07-29T17:24:39
13249126,2022-10-15,2024-01-10,,2026-07-29T17:24:39
13249913,2022-10-15,2023-02-14,,2026-07-29T17:24:39
13253699,2022-10-16,2022-10-16,,2026-07-29T17:24:39
13254027,2022-10-16,2024-03-03,,2026-07-29T17:24:40
13255574,2022-10-16,2022-10-18,,2026-07-29T17:24:40
13257431,2022-10-16,2023-02-03,,2026-07-29T17:24:40
13258271,2022-10-16,2025-06-09,,2026-07-29T17:24:41
13258587,2022-10-16,2023-12-24,,2026-07-29T17:24:41
13259348,2022-10-16,2022-11-02,,2026-07-29T17:24:41
13259946,2022-10-16,2026-06-21,,2026-07-29T17:24:43
13261399,2022-10-16,2022-10-16,,2026-07-29T17:24:43
13261488,2022-10-16,2023-06-19,,2026-07-29T17:24:41
13262524,2022-10-17,2023-02-04,,2026-07-29T17:24:42
13264889,2022-10-17,2022-10-17,,2026-07-29T17:24:42
13265445,2022-10-17,2025-10-22,,2026-07-29T17:24:42
13268279,2022-10-17,2023-02-16,,2026-07-29T17:24:42
13270757,2022-10-17,2023-02-19,,2026-07-29T17:24:43
13271608,2022-10-17,2022-10-17,,2026-07-29T17:24:43
13273194,2022-10-17,2025-02-19,,2026-07-29T17:24:43
13275365,2022-10-17,2022-10-18,,2026-07-29T17:24:43
13275525,2022-10-17,2024-03-30,,2026-07-29T17:24:43
13276402,2022-10-17,2022-10-17,,2026-07-29T17:24:43
13276795,2022-10-17,2023-01-31,,2026-07-29T17:24:43
13278108,2022-10-18,2023-05-08,,2026-07-29T17:24:44
13278844,2022-10-18,2023-01-10,,2026-07-29T17:24:44
13279560,2022-10-18,2023-08-04,,2026-07-29T17:24:44
13279825,2022-10-18,2023-09-11,,2026-07-29T17:24:44
13281211,2022-10-18,2022-10-24,,2026-07-29T17:24:44
13284004,2022-10-18,2024-06-17,,2026-07-29T17:24:45
13285831,2022-10-18,2026-05-15,,2026-07-29T17:24:45
13285858,2022-10-18,2025-09-23,,2026-07-29T17:24:46
13288773,2022-10-18,2022-10-18,,2026-07-29T17:24:46
13291090,2022-10-18,2026-04-03,,2026-07-29T17:24:46
13291250,2022-10-18,2022-11-04,,2026-07-29T17:24:46
13291652,2022-10-18,2026-08-24,,2026-08-24T17:31:48
13292120,2022-10-18,2023-06-30,,2026-07-29T17:24:47
13292559,2022-10-18,2022-10-18,,2026-07-29T17:24:47
13294749,2022-10-19,2024-04-03,,2026-07-29T17:24:47
13296584,2022-10-19,2025-11-17,,2026-07-29T17:24:47
13303359,2022-10-19,2026-07-01,,2026-07-29T17:24:47
13303543,2022-10-19,2024-03-15,,2026-07-29T17:24:48
13305478,2022-10-19,2023-10-20,,2026-07-29T17:24:48
13307140,2022-10-19,2022-12-09,,2026-07-29T17:24:48
13310074,2022-10-19,2022-10-29,,2026-07-29T17:24:48
13310435,2022-10-19,2023-05-22,,2026-07-29T17:24:48
13310469,2022-10-19,2022-10-19,,2026-07-29T17:24:48
13310834,2022-10-19,2023-11-29,,2026-07-29T17:24:49
13311004,2022-10-19,2022-10-21,,2026-07-29T17:24:49
13311013,2022-10-19,2022-11-26,,2026-07-29T17:24:49
13311839,2022-10-20,2023-01-31,,2026-07-29T17:24:49
13312144,2022-10-20,2022-11-28,,2026-07-29T17:24:49
13312166,2022-10-20,2023-03-20,,2026-07-29T17:24:50
13312676,2022-10-20,2022-12-19,,2026-07-29T17:24:50
13321648,2022-10-20,2025-01-31,,2026-08-16T10:04:20
13321921,2022-10-20,2023-01-04,,2026-07-29T17:24:50
13323024,2022-10-20,2022-12-27,,2026-07-29T17:24:51
13325006,2022-10-20,2023-05-03,,2026-07-29T17:24:51
13325409,2022-10-20,2022-12-03,,2026-07-29T17:24:51
13325449,2022-10-20,2023-03-14,,2026-07-29T17:24:51
13328412,2022-10-21,2025-10-09,,2026-07-29T17:24:52
13328528,2022-10-21,2022-10-25,,2026-07-29T17:25:16
13328948,2022-10-21,2022-10-21,,2026-07-29T17:25:17
13337213,2022-10-21,2023-02-01,,2026-07-29T17:25:17
13338640,2022-10-21,2023-04-17,,2026-07-29T17:25:19
13339372,2022-10-21,2023-01-06,,2026-07-29T17:25:19
13340486,2022-10-21,2024-08-12,,2026-07-29T17:25:20
13343565,2022-10-22,2026-03-28,,2026-07-29T17:25:20
13343621,2022-10-22,2026-07-21,,2026-07-29T17:25:21
13344253,2022-10-22,2022-11-01,,2026-07-29T17:25:21
13346618,2022-10-22,2024-02-14,,2026-07-29T17:25:22
13348233,2022-10-22,2022-11-08,,2026-07-29T17:25:22
13348823,2022-10-22,2022-11-20,,2026-07-29T17:25:22
13349321,2022-10-22,2025-11-12,,2026-07-29T17:25:23
13349805,2022-10-22,2022-12-06,,2026-07-29T17:25:24
13350047,2022-10-22,2023-02-23,,2026-07-29T17:25:24
13350521,2022-10-22,2025-08-16,,2026-07-29T17:25:24
13351420,2022-10-22,2023-10-19,,2026-07-29T17:25:24
13352254,2022-10-23,2026-06-30,,2026-07-29T17:25:24
13352496,2022-10-23,2025-08-30,,2026-07-29T17:25:24
13353506,2022-10-23,2022-10-23,,2026-07-29T17:25:24
13355187,2022-10-23,2022-10-23,,2026-07-29T17:25:25
13355383,2022-10-23,2022-10-23,,2026-07-29T17:25:25
13356896,2022-10-23,2022-11-28,,2026-07-29T17:25:26
13359696,2022-10-23,2025-07-07,,2026-07-29T17:25:26
13360392,2022-10-24,2023-01-18,,2026-07-29T17:25:27
13360395,2022-10-24,2022-11-15,,2026-07-29T17:25:28
13361370,2022-10-24,2023-06-03,,2026-08-10T10:02:03
13361985,2022-10-24,2022-10-24,,2026-07-29T17:25:29
13362248,2022-10-24,2024-11-21,,2026-07-29T17:25:30
13365151,2022-10-24,2025-12-16,,2026-07-29T17:25:31
13369337,2022-10-24,2022-11-03,,2026-07-29T17:25:31
13369812,2022-10-24,2022-12-20,,2026-07-29T17:25:31
13369952,2022-10-24,2023-12-06,,2026-07-29T17:25:31
13370381,2022-10-24,2023-03-26,,2026-07-29T17:25:31
13370536,2022-10-24,2022-10-24,,2026-07-29T17:25:31
13370857,2022-10-24,2023-03-20,,2026-07-29T17:25:32
13371803,2022-10-24,2023-07-12,,2026-07-29T17:25:32
13372268,2022-10-24,2025-03-10,,2026-07-29T17:25:32
13374918,2022-10-25,2023-05-05,,2026-07-29T17:25:33
13375560,2022-10-25,2024-03-16,,2026-07-29T17:25:33
13376936,2022-10-25,2022-10-25,,2026-07-29T17:25:33
13381929,2022-10-25,2022-10-26,,2026-07-29T17:25:33
13382256,2022-10-25,2023-11-04,,2026-07-29T17:25:34
13382727,2022-10-25,2024-04-22,,2026-07-29T17:25:34
13383222,2022-10-25,2022-10-25,,2026-07-29T17:25:34
13383323,2022-10-25,2023-09-06,,2026-07-29T17:25:35
13385918,2022-10-25,2023-10-25,,2026-07-29T17:25:36
13386425,2022-10-25,2022-11-14,,2026-07-29T17:25:36
13386505,2022-10-25,2023-03-08,,2026-07-29T17:25:36
13388049,2022-10-26,2022-12-21,,2026-07-29T17:25:37
13388344,2022-10-26,2022-11-03,,2026-07-29T17:25:37
13393518,2022-10-26,2022-11-02,,2026-07-29T17:25:37
13394222,2022-10-26,2024-10-04,,2026-07-29T17:25:37
13395241,2022-10-26,2023-06-02,,2026-07-29T17:25:37
13395266,2022-10-26,2023-08-23,,2026-07-29T17:25:37
13395970,2022-10-26,2024-01-04,,2026-07-29T17:25:38
13396367,2022-10-26,2022-10-26,,2026-07-29T17:25:38
13397707,2022-10-26,2023-05-26,,2026-07-29T17:25:39
13399244,2022-10-26,2023-03-24,,2026-07-29T17:25:39
13399370,2022-10-26,2025-06-18,,2026-07-29T17:25:41
13402281,2022-10-27,2026-08-19,,2026-08-20T04:16:06
13402481,2022-10-27,2025-10-07,,2026-07-29T17:25:40
13404774,2022-10-27,2023-11-06,,2026-07-29T17:25:40
13405614,2022-10-27,2025-03-04,,2026-07-29T17:25:40
13407651,2022-10-27,2024-01-28,,2026-07-29T17:25:41
13409713,2022-10-27,2022-11-10,,2026-07-29T17:25:41
13410692,2022-10-27,2024-05-15,,2026-07-29T17:25:41
13411540,2022-10-27,2022-11-09,,2026-07-29T17:25:41
13411695,2022-10-27,2024-08-23,,2026-07-29T17:25:41
13411733,2022-10-27,2023-02-24,,2026-07-29T17:25:41
13411765,2022-10-27,2023-02-21,,2026-07-29T17:25:42
13411899,2022-10-27,2025-10-04,,2026-07-29T17:25:42
13414972,2022-10-27,2025-05-30,,2026-07-29T17:25:42
13415777,2022-10-27,2022-11-16,,2026-07-29T17:25:42
13415897,2022-10-27,2023-05-04,,2026-07-29T17:25:43
13416914,2022-10-28,2022-12-05,,2026-07-29T17:25:44
13416949,2022-10-28,2022-11-06,,2026-07-29T17:25:45
13417113,2022-10-28,2025-10-29,,2026-07-29T17:25:45
13419841,2022-10-28,2025-09-29,,2026-07-29T17:25:45
13421514,2022-10-28,2022-11-16,,2026-07-29T17:25:45
13423818,2022-10-28,2023-03-18,,2026-07-29T17:25:47
13426258,2022-10-28,2023-08-23,,2026-07-29T17:25:47
13426999,2022-10-28,2023-01-29,,2026-07-29T17:25:47
13428614,2022-10-28,2023-05-22,,2026-07-29T17:25:48
13428636,2022-10-28,2024-02-13,,2026-07-29T17:25:48
13428844,2022-10-28,2022-11-03,,2026-07-29T17:25:48
13428856,2022-10-28,2023-02-09,,2026-07-29T17:25:48
13429460,2022-10-28,2023-08-02,,2026-07-29T17:25:48
13430202,2022-10-28,2023-07-14,,2026-07-29T17:25:49
13431290,2022-10-29,2024-02-25,,2026-07-29T17:25:50
13431455,2022-10-29,2022-11-21,,2026-07-29T17:25:51
13435370,2022-10-29,2022-11-24,,2026-07-29T17:25:51
13436126,2022-10-29,2025-03-20,,2026-07-29T17:25:52
13438320,2022-10-29,2023-05-05,,2026-07-29T17:25:52
13438397,2022-10-29,2025-07-23,,2026-07-29T17:25:53
13441893,2022-10-30,2022-11-15,,2026-07-29T17:25:52
13442006,2022-10-30,2023-01-16,,2026-07-29T17:25:53
13443262,2022-10-30,2023-01-26,,2026-07-29T17:25:54
13447140,2022-10-30,2022-11-17,,2026-07-29T17:25:54
13448155,2022-10-30,2022-11-17,,2026-07-29T17:25:54
13448509,2022-10-30,2023-01-21,,2026-07-29T17:25:54
13448993,2022-10-30,2026-06-16,,2026-07-29T17:25:54
13449412,2022-10-30,2026-08-11,,2026-08-13T05:11:00
13450239,2022-10-30,2023-11-15,,2026-07-29T17:25:55
13450472,2022-10-31,2022-11-02,,2026-07-29T17:25:55
13450568,2022-10-31,2022-11-20,,2026-07-29T17:25:55
13451156,2022-10-31,2026-08-08,,2026-08-10T04:04:12
13451465,2022-10-31,2023-02-28,,2026-07-29T17:25:55
13451995,2022-10-31,2026-03-17,,2026-07-29T17:25:56
13452115,2022-10-31,2026-04-27,,2026-07-29T17:25:56
13459341,2022-10-31,2023-08-05,,2026-07-29T17:25:56
13459492,2022-10-31,2024-01-11,,2026-07-29T17:25:56
13459513,2022-10-31,2022-10-31,,2026-07-29T17:25:56
13459992,2022-10-31,2025-03-17,,2026-07-29T17:25:57
13460867,2022-10-31,2022-12-22,,2026-07-29T17:25:57
13463381,2022-10-31,2024-04-25,,2026-07-29T17:25:57
13463549,2022-10-31,2026-08-23,,2026-08-25T04:02:33
13465010,2022-10-31,2025-02-14,,2026-07-29T17:25:57
13465233,2022-10-31,2023-09-02,,2026-07-29T17:25:58
13465561,2022-10-31,2024-07-23,,2026-07-29T17:25:58
13466541,2022-11-01,2022-12-15,,2026-07-29T17:25:58
13473757,2022-11-01,2026-08-09,,2026-08-11T05:07:24
13480366,2022-11-01,2022-12-14,,2026-07-29T17:25:58
13480776,2022-11-01,2025-10-02,,2026-07-29T17:26:00
13481230,2022-11-01,2024-02-20,,2026-07-29T17:26:00
13481244,2022-11-01,2022-11-02,,2026-07-29T17:26:00
13482433,2022-11-01,2022-11-02,,2026-07-29T17:25:59
13482926,2022-11-02,2022-11-02,,2026-07-29T17:26:00
13483502,2022-11-02,2023-04-12,,2026-07-29T17:26:00
13483551,2022-11-02,2024-05-30,,2026-07-29T17:26:00
13483671,2022-11-02,2026-08-17,,2026-08-19T04:08:59
13483974,2022-11-02,2023-10-16,,2026-07-29T17:26:01
13484165,2022-11-02,2023-03-05,,2026-07-29T17:26:01
13493279,2022-11-02,2025-09-19,,2026-07-29T17:26:01
13493403,2022-11-02,2023-02-09,,2026-07-29T17:26:03
13493523,2022-11-02,2022-11-11,,2026-07-29T17:26:03
13493705,2022-11-02,2022-11-02,,2026-07-29T17:26:04
13494415,2022-11-02,2023-07-03,,2026-07-29T17:26:04
13494860,2022-11-02,2024-07-19,,2026-07-29T17:26:05
13495426,2022-11-02,2024-05-04,,2026-07-29T17:26:06
13495747,2022-11-02,2022-11-02,,2026-07-29T17:26:07
13495790,2022-11-02,2025-04-21,,2026-07-29T17:26:08
13497531,2022-11-02,2023-04-01,,2026-07-29T17:26:09
13497984,2022-11-02,2023-02-28,,2026-07-29T17:26:09
13498429,2022-11-02,2023-06-06,,2026-07-29T17:26:11
13501653,2022-11-03,2025-02-25,,2026-07-29T17:26:10
13507915,2022-11-03,2022-11-13,,2026-07-29T17:26:11
13507944,2022-11-03,2023-01-21,,2026-07-29T17:26:11
13509871,2022-11-03,2023-06-27,,2026-07-29T17:26:11
13510187,2022-11-03,2022-12-20,,2026-07-29T17:26:11
13510692,2022-11-03,2023-04-20,,2026-07-29T17:26:11
13511276,2022-11-03,2026-08-24,,2026-08-24T23:50:28
13511376,2022-11-03,2022-11-06,,2026-07-29T17:26:12
13511496,2022-11-03,2023-01-22,,2026-08-10T10:02:03
13511831,2022-11-03,2023-01-27,,2026-07-29T17:26:13
13512119,2022-11-03,2023-01-26,,2026-07-29T17:26:13
13513666,2022-11-03,2024-03-16,,2026-07-29T17:26:13
13513826,2022-11-03,2023-02-25,,2026-07-29T17:26:13
13513871,2022-11-03,2025-12-19,,2026-07-29T17:26:13
13513947,2022-11-03,2023-01-29,,2026-07-29T17:26:13
13514700,2022-11-03,2023-04-26,,2026-07-29T17:26:14
13514714,2022-11-03,2026-05-26,,2026-07-29T17:26:14
13514803,2022-11-03,2026-06-01,,2026-07-29T17:26:14
13515038,2022-11-03,2022-12-18,,2026-07-29T17:26:15
13515244,2022-11-03,2022-11-11,,2026-07-29T17:26:15
13515291,2022-11-03,2026-08-05,,2026-08-07T05:08:49
13515395,2022-11-03,2022-12-02,,2026-07-29T17:26:15
13515604,2022-11-03,2026-06-13,,2026-07-29T17:26:16
13515987,2022-11-03,2026-07-08,,2026-07-29T17:26:16
13516354,2022-11-04,2026-07-21,,2026-07-29T17:26:16
13516382,2022-11-04,2026-03-31,,2026-07-29T17:26:17
13516456,2022-11-04,2024-09-06,,2026-07-29T17:26:17
13516878,2022-11-04,2022-11-08,,2026-07-29T17:26:17
13517480,2022-11-04,2022-11-22,,2026-07-29T17:26:17
13517648,2022-11-04,2026-08-06,,2026-08-08T05:03:30
13518043,2022-11-04,2026-05-19,,2026-07-29T17:26:18
13518189,2022-11-04,2022-11-04,,2026-07-29T17:26:18
13518322,2022-11-04,2023-08-14,,2026-07-29T17:26:18
13518558,2022-11-04,2023-06-18,,2026-07-29T17:26:19
13518888,2022-11-04,2022-11-23,,2026-07-29T17:26:19
13519070,2022-11-04,2023-01-01,,2026-07-29T17:26:19
13525157,2022-11-04,2022-11-04,,2026-07-29T17:26:19
13525302,2022-11-04,2023-01-21,,2026-07-29T17:26:19
13525680,2022-11-04,2025-02-01,,2026-07-29T17:26:20
13526013,2022-11-04,2023-04-20,,2026-07-29T17:26:20
13526060,2022-11-04,2023-12-25,,2026-07-29T17:26:20
13526892,2022-11-04,2023-01-01,,2026-07-29T17:26:20
13527495,2022-11-04,2024-03-06,,2026-07-29T17:26:21
13527650,2022-11-04,2022-12-17,,2026-07-29T17:26:21
13527757,2022-11-04,2023-01-13,,2026-07-29T17:26:21
13527840,2022-11-04,2026-07-22,,2026-07-29T17:26:22
13527936,2022-11-04,2022-11-04,,2026-07-29T17:26:22
13528263,2022-11-04,2026-03-16,,2026-07-29T17:26:22
13528676,2022-11-04,2023-02-09,,2026-07-29T17:26:22
13528712,2022-11-04,2023-06-04,,2026-07-29T17:26:24
13528726,2022-11-04,2026-08-19,,2026-08-21T05:10:37
13529225,2022-11-04,2023-04-09,,2026-07-29T17:26:27
13529569,2022-11-04,2023-06-13,,2026-07-29T17:26:27
13529853,2022-11-05,2023-09-11,,2026-07-29T17:26:28
13530166,2022-11-05,2026-03-16,,2026-07-29T17:26:28
13530192,2022-11-05,2022-11-20,,2026-07-29T17:26:28
13530224,2022-11-05,2025-09-29,,2026-07-29T17:26:29
13530900,2022-11-05,2023-01-10,,2026-07-29T17:26:28
13530978,2022-11-05,2023-12-09,,2026-07-29T17:26:29
13531051,2022-11-05,2022-11-05,,2026-07-29T17:26:29
13531900,2022-11-05,2024-06-08,,2026-07-29T17:26:29
13533599,2022-11-05,2022-11-10,,2026-07-29T17:26:29
13534462,2022-11-05,2023-11-22,,2026-07-29T17:26:30
13535698,2022-11-05,2023-05-11,,2026-07-29T17:26:30
13536108,2022-11-05,2026-08-12,,2026-08-14T04:18:30
13536932,2022-11-05,2022-11-09,,2026-07-29T17:26:30
13537299,2022-11-05,2024-05-30,,2026-07-29T17:26:31
13539724,2022-11-06,2023-04-14,,2026-07-29T17:26:31
13540212,2022-11-06,2022-12-27,,2026-07-29T17:26:31
13540281,2022-11-06,2022-11-06,,2026-07-29T17:26:31
13540336,2022-11-06,2026-08-23,,2026-08-25T04:03:24
13540602,2022-11-06,2023-02-21,,2026-07-29T17:26:32
13540959,2022-11-06,2024-05-02,,2026-07-29T17:26:32
13544657,2022-11-06,2026-04-01,,2026-07-29T17:26:33
13544851,2022-11-06,2023-06-06,,2026-07-29T17:26:32
13545810,2022-11-06,2023-09-10,,2026-07-29T17:26:32
13545887,2022-11-06,2022-11-18,,2026-07-29T17:26:33
13546272,2022-11-06,2022-12-12,,2026-07-29T17:26:33
13546325,2022-11-06,2022-11-06,,2026-07-29T17:26:33
13547145,2022-11-06,2023-09-13,,2026-07-29T17:26:33
13547313,2022-11-06,2022-11-16,,2026-07-29T17:26:34
13547643,2022-11-06,2025-10-23,,2026-07-29T17:26:34
13548485,2022-11-06,2022-12-02,,2026-07-29T17:26:34
13548547,2022-11-06,2022-11-29,,2026-07-29T17:26:34
13548599,2022-11-06,2023-10-21,,2026-07-29T17:26:35
13548801,2022-11-06,2024-12-04,,2026-07-29T17:26:35
13549132,2022-11-07,2023-08-24,,2026-07-29T17:26:35
13549387,2022-11-07,2025-11-06,,2026-07-29T17:26:35
13549726,2022-11-07,2024-12-03,,2026-07-29T17:26:35
13549754,2022-11-07,2023-03-04,,2026-07-29T17:26:36
13553871,2022-11-07,2022-11-28,,2026-07-29T17:26:36
13555769,2022-11-07,2022-11-07,,2026-07-29T17:26:36
13556709,2022-11-07,2022-11-21,,2026-07-29T17:26:36
13559633,2022-11-07,2026-08-07,,2026-08-08T04:17:32
13560029,2022-11-07,2026-06-02,,2026-07-29T17:26:37
13563817,2022-11-07,2022-12-04,,2026-07-29T17:26:37
13565335,2022-11-08,2022-12-13,,2026-07-29T17:26:38
13567934,2022-11-08,2022-11-17,,2026-07-29T17:26:37
13569542,2022-11-08,2024-01-19,,2026-07-29T17:26:38
13570910,2022-11-08,2024-10-15,,2026-07-29T17:26:38
13571425,2022-11-08,2023-08-16,,2026-07-29T17:26:38
13572876,2022-11-08,2022-11-10,,2026-07-29T17:26:38
13573241,2022-11-08,2022-12-14,,2026-07-29T17:26:38
13573532,2022-11-08,2024-07-09,,2026-07-29T17:26:39
13573680,2022-11-08,2022-11-22,,2026-07-29T17:26:39
13573765,2022-11-08,2024-06-03,,2026-07-29T17:26:39
13575234,2022-11-08,2023-04-14,,2026-07-29T17:26:39
13575758,2022-11-08,2022-11-09,,2026-07-29T17:26:39
13577163,2022-11-08,2023-11-29,,2026-07-29T17:26:40
13577498,2022-11-08,2023-01-09,,2026-07-29T17:26:40
13577885,2022-11-08,2023-09-05,,2026-07-29T17:26:40
13578004,2022-11-08,2022-11-19,,2026-07-29T17:26:40
13578233,2022-11-08,2024-07-03,,2026-07-29T17:26:40
13580069,2022-11-09,2022-11-09,,2026-07-29T17:26:40
13580248,2022-11-09,2025-10-25,,2026-07-29T17:26:41
13580336,2022-11-09,2023-03-29,,2026-07-29T17:26:41
13580644,2022-11-09,2023-04-13,,2026-07-29T17:26:41
13580728,2022-11-09,2023-02-01,,2026-07-29T17:26:41
13587968,2022-11-09,2023-09-11,,2026-07-29T17:26:41
13591015,2022-11-09,2024-08-27,,2026-07-29T17:26:42
13593087,2022-11-09,2023-03-06,,2026-07-29T17:26:42
13593666,2022-11-09,2022-12-03,,2026-07-29T17:26:42
13594671,2022-11-09,2023-05-23,,2026-07-29T17:26:42
13594862,2022-11-09,2025-08-17,,2026-07-29T17:26:43
13595563,2022-11-10,2026-08-24,,2026-08-24T20:33:04
13596705,2022-11-10,2024-03-17,,2026-07-29T17:26:43
13598557,2022-11-10,2023-01-03,,2026-07-29T17:26:43
13598756,2022-11-10,2024-02-12,,2026-07-29T17:26:44
13599545,2022-11-10,2023-02-04,,2026-07-29T17:26:45
13599590,2022-11-10,2022-12-13,,2026-07-29T17:26:45
13605753,2022-11-10,2023-10-15,,2026-07-29T17:26:47
13606551,2022-11-10,2022-12-01,,2026-07-29T17:26:48
13606631,2022-11-10,2023-11-30,,2026-07-29T17:26:49
13606910,2022-11-10,2026-01-31,,2026-08-23T08:00:56
13607208,2022-11-10,2023-04-22,,2026-07-29T17:26:49
13607758,2022-11-10,2026-08-24,,2026-08-24T20:49:46
13608179,2022-11-10,2023-06-10,,2026-07-29T17:26:50
13611116,2022-11-11,2022-11-12,,2026-07-29T17:26:50
13612206,2022-11-11,2023-11-30,,2026-07-29T17:26:50
13612708,2022-11-11,2023-01-31,,2026-07-29T17:26:51
13620440,2022-11-11,2022-11-12,,2026-07-29T17:26:52
13620906,2022-11-11,2022-11-11,,2026-07-29T17:26:52
13622763,2022-11-11,2026-08-22,,2026-08-24T07:02:17
13622913,2022-11-11,2023-03-12,,2026-07-29T17:26:53
13623030,2022-11-11,2023-08-19,,2026-07-29T17:26:53
13623539,2022-11-11,2023-01-20,,2026-07-29T17:26:53
13623952,2022-11-12,2023-11-15,,2026-07-29T17:26:53
13624393,2022-11-12,2022-12-17,,2026-07-29T17:26:53
13625768,2022-11-12,2025-01-06,,2026-07-29T17:26:53
13627879,2022-11-12,2025-07-16,,2026-07-29T17:26:54
13628900,2022-11-12,2022-11-12,,2026-07-29T17:26:54
13629528,2022-11-12,2022-11-12,,2026-07-29T17:26:54
13629960,2022-11-12,2026-08-24,,2026-08-24T17:18:18
13631195,2022-11-12,2023-12-07,,2026-07-29T17:26:54
13633765,2022-11-12,2022-12-06,,2026-07-29T17:26:55
13634958,2022-11-13,2025-09-08,,2026-07-29T17:26:55
13635446,2022-11-13,2025-05-03,,2026-07-29T17:26:55
13635794,2022-11-13,2022-11-13,,2026-07-29T17:26:56
13636602,2022-11-13,2023-05-12,,2026-07-29T17:26:57
13637303,2022-11-13,2026-05-15,,2026-07-29T17:26:57
13638690,2022-11-13,2024-06-14,,2026-07-29T17:26:57
13639095,2022-11-13,2024-05-30,,2026-07-29T17:26:58
13639145,2022-11-13,2023-10-09,,2026-07-29T17:26:58
13639213,2022-11-13,2025-12-15,,2026-07-29T17:26:59
13641949,2022-11-13,2024-06-14,,2026-07-29T17:26:58
13642418,2022-11-14,2022-11-14,,2026-07-29T17:26:58
13643283,2022-11-14,2024-06-13,,2026-07-29T17:26:59
13643689,2022-11-14,2026-08-23,,2026-08-23T17:40:35
13643837,2022-11-14,2023-05-08,,2026-07-29T17:26:59
13644017,2022-11-14,2023-01-03,,2026-07-29T17:27:00
13644382,2022-11-14,2023-01-03,,2026-07-29T17:27:00
13653038,2022-11-14,2022-12-15,,2026-07-29T17:27:00
13653140,2022-11-14,2026-07-31,,2026-08-01T04:25:42
13654380,2022-11-14,2022-12-02,,2026-07-29T17:27:00
13655203,2022-11-14,2022-12-02,,2026-07-29T17:27:01
13655391,2022-11-14,2023-05-31,,2026-07-29T17:27:01
13656603,2022-11-14,2022-11-17,,2026-07-29T17:27:01
13656908,2022-11-14,2025-08-12,,2026-07-29T17:27:01
13657509,2022-11-15,2022-12-28,,2026-07-29T17:27:01
13657982,2022-11-15,2023-08-03,,2026-07-29T17:27:01
13664343,2022-11-15,2023-03-01,,2026-07-29T17:27:02
13668755,2022-11-15,2022-12-06,,2026-07-29T17:27:02
13669458,2022-11-15,2023-03-20,,2026-07-29T17:27:03
13670647,2022-11-15,2023-01-11,,2026-07-29T17:27:03
13672415,2022-11-15,2022-11-23,,2026-07-29T17:27:03
13672893,2022-11-16,2026-02-26,,2026-07-29T17:27:04
13673498,2022-11-16,2022-12-03,,2026-07-29T17:27:04
13673780,2022-11-16,2022-11-16,,2026-07-29T17:27:05
13674379,2022-11-16,2023-09-28,,2026-07-29T17:27:06
13674404,2022-11-16,2023-09-23,,2026-07-29T17:27:07
13676194,2022-11-16,2022-11-16,,2026-07-29T17:27:08
13677684,2022-11-16,2024-05-23,,2026-07-29T17:27:09
13679615,2022-11-16,2023-01-11,,2026-07-29T17:27:09
13680925,2022-11-16,2022-11-25,,2026-07-29T17:27:10
13683167,2022-11-16,2026-08-24,,2026-08-24T19:24:51
13683683,2022-11-16,2023-05-16,,2026-07-29T17:27:11
13683707,2022-11-16,2022-12-22,,2026-07-29T17:27:11
13684030,2022-11-16,2023-06-02,,2026-07-29T17:27:11
13685988,2022-11-16,2026-08-07,,2026-08-09T06:03:33
13686154,2022-11-16,2023-01-19,,2026-07-29T17:27:12
13686438,2022-11-16,2023-02-10,,2026-07-30T16:23:21
13688809,2022-11-17,2026-02-25,,2026-07-29T17:27:16
13689290,2022-11-17,2022-11-21,,2026-07-29T17:27:17
13689409,2022-11-17,2026-07-11,,2026-07-29T17:27:18
13691753,2022-11-17,2026-08-23,,2026-08-25T05:05:33
13691939,2022-11-17,2022-11-29,,2026-07-29T17:27:19
13692678,2022-11-17,2023-04-14,,2026-07-29T17:27:19
13693118,2022-11-17,2023-02-20,,2026-07-29T17:27:20
13698529,2022-11-17,2022-12-09,,2026-07-29T17:27:20
13700037,2022-11-17,2022-12-06,,2026-07-29T17:27:21
13700955,2022-11-17,2023-12-25,,2026-07-29T17:27:23
13701512,2022-11-17,2022-12-20,,2026-07-29T17:27:23
13701937,2022-11-17,2023-06-30,,2026-07-29T17:27:25
13702452,2022-11-17,2023-09-04,,2026-07-29T17:27:27
13702933,2022-11-17,2026-04-28,,2026-07-29T17:27:28
13703255,2022-11-17,2025-06-06,,2026-07-29T17:27:29
13705031,2022-11-17,2024-04-23,,2026-07-29T17:27:30
13705116,2022-11-18,2023-04-29,,2026-07-29T17:27:30
13705187,2022-11-18,2023-09-22,,2026-07-29T17:27:30
13705492,2022-11-18,2022-11-18,,2026-07-29T17:27:32
13705546,2022-11-18,2023-07-25,,2026-07-29T17:27:32
13705874,2022-11-18,2022-12-07,,2026-07-29T17:27:33
13707124,2022-11-18,2024-08-20,,2026-07-29T17:27:35
13708244,2022-11-18,2025-11-17,,2026-07-29T17:27:37
13714738,2022-11-18,2023-01-06,,2026-07-29T17:27:37
13715716,2022-11-18,2024-06-05,,2026-08-10T10:02:03
13716029,2022-11-18,2023-09-18,,2026-07-29T17:27:38
13717463,2022-11-18,2023-01-06,,2026-07-29T17:27:39
13717921,2022-11-18,2022-11-22,,2026-07-29T17:27:41
13719683,2022-11-18,2023-06-01,,2026-07-29T17:27:43
13719691,2022-11-18,2022-11-19,,2026-07-29T17:27:44
13719746,2022-11-18,2023-02-02,,2026-07-29T17:27:44
13720261,2022-11-19,2023-01-18,,2026-07-29T17:27:45
13720970,2022-11-19,2023-06-30,,2026-07-29T17:27:45
13726294,2022-11-19,2022-11-24,,2026-07-29T17:27:46
13728331,2022-11-19,2022-11-23,,2026-07-29T17:27:46
13728579,2022-11-19,2026-08-17,,2026-08-19T06:03:26
13728925,2022-11-19,2024-01-06,,2026-07-29T17:27:47
13729314,2022-11-19,2023-12-11,,2026-07-29T17:27:48
13730170,2022-11-19,2023-11-15,,2026-07-29T17:27:48
13732091,2022-11-20,2023-07-03,,2026-07-29T17:27:49
13734552,2022-11-20,2025-02-07,,2026-07-29T17:27:49
13735497,2022-11-20,2023-07-08,,2026-07-29T17:27:51
13735781,2022-11-20,2026-08-23,,2026-08-25T05:02:46
13736302,2022-11-20,2024-02-22,,2026-07-29T17:27:52
13736380,2022-11-20,2023-01-18,,2026-07-29T17:27:53
13737944,2022-11-20,2025-10-22,,2026-07-29T17:27:54
13738133,2022-11-20,2024-12-11,,2026-07-29T17:27:55
13738303,2022-11-20,2025-05-19,,2026-07-29T17:27:57
13738324,2022-11-20,2022-11-20,,2026-07-29T17:27:57
13738657,2022-11-21,2023-04-25,,2026-07-29T17:27:57
13738895,2022-11-21,2022-11-30,,2026-07-29T17:27:57
13738922,2022-11-21,2026-07-06,,2026-07-29T17:27:58
13739289,2022-11-21,2023-01-13,,2026-07-29T17:27:59
13740041,2022-11-21,2025-12-28,,2026-07-29T17:28:12
13740044,2022-11-21,2025-07-29,,2026-07-29T17:28:15
13741401,2022-11-21,2026-04-17,,2026-07-29T17:28:17
13742551,2022-11-21,2023-06-14,,2026-07-29T17:28:18
13743881,2022-11-21,2023-04-09,,2026-07-29T17:28:19
13744564,2022-11-21,2022-11-22,,2026-07-29T17:28:20
13746658,2022-11-21,2022-11-21,,2026-07-29T17:28:20
13747142,2022-11-21,2023-01-22,,2026-07-30T16:23:21
13747381,2022-11-21,2022-12-06,,2026-07-29T17:28:22
13748778,2022-11-21,2022-11-29,,2026-07-29T17:28:23
13749567,2022-11-21,2023-08-24,,2026-07-29T17:28:23
13749956,2022-11-21,2023-05-04,,2026-07-29T17:28:24
13752465,2022-11-21,2026-04-14,,2026-07-29T17:28:25
13753451,2022-11-21,2025-10-17,,2026-07-29T17:28:27
13754132,2022-11-22,2022-12-13,,2026-07-29T17:28:29
13754154,2022-11-22,2023-03-06,,2026-07-29T17:28:31
13754325,2022-11-22,2022-12-03,,2026-07-29T17:28:32
13754365,2022-11-22,2024-09-23,,2026-07-29T17:28:33
13755762,2022-11-22,2023-04-09,,2026-07-29T17:28:34
13756048,2022-11-22,2025-04-03,,2026-07-29T17:28:35
13756244,2022-11-22,2023-11-03,,2026-07-29T17:28:35
13758528,2022-11-22,2026-06-02,,2026-07-29T17:28:36
13762460,2022-11-22,2023-09-09,,2026-07-29T17:28:36
13764477,2022-11-22,2022-12-06,,2026-07-29T17:28:37
13764721,2022-11-22,2023-07-14,,2026-07-29T17:28:37
13764938,2022-11-22,2023-02-24,,2026-07-29T17:28:38
13765116,2022-11-22,2022-12-21,,2026-07-29T17:28:38
13766026,2022-11-22,2023-01-21,,2026-07-29T17:28:39
13767491,2022-11-22,2026-05-13,,2026-07-29T17:28:39
13767782,2022-11-22,2022-12-06,,2026-07-29T17:28:40
13768214,2022-11-22,2023-06-16,,2026-07-29T17:28:42
13768286,2022-11-22,2022-12-22,,2026-07-29T17:28:44
13770500,2022-11-23,2022-11-23,,2026-07-29T17:28:46
13771214,2022-11-23,2023-01-25,,2026-07-29T17:28:46
13771625,2022-11-23,2022-11-23,,2026-07-29T17:28:50
13771653,2022-11-23,2023-05-23,,2026-07-29T17:28:54
13771746,2022-11-23,2023-09-01,,2026-07-29T17:28:55
13772348,2022-11-23,2022-11-23,,2026-07-29T17:28:54
13776196,2022-11-23,2023-04-24,,2026-07-29T17:28:55
13779707,2022-11-23,2026-08-17,,2026-08-19T07:13:52
13781274,2022-11-23,2026-02-26,,2026-07-29T17:28:56
13784884,2022-11-23,2022-11-29,,2026-07-29T17:28:58
13787978,2022-11-24,2023-03-03,,2026-07-29T17:28:58
13796804,2022-11-24,2023-06-15,,2026-07-29T17:28:59
13798274,2022-11-24,2023-12-24,,2026-07-29T17:29:00
13799517,2022-11-24,2023-01-05,,2026-07-29T17:29:00
13799664,2022-11-24,2024-05-30,,2026-07-29T17:29:01
13799750,2022-11-24,2022-11-28,,2026-07-29T17:29:02
13799843,2022-11-24,2023-06-19,,2026-07-29T17:29:03
13799921,2022-11-25,2024-12-23,,2026-07-29T17:29:03
13807049,2022-11-25,2022-11-25,,2026-07-29T17:29:03
13809392,2022-11-25,2023-05-31,,2026-07-29T17:29:04
13812529,2022-11-25,2023-12-08,,2026-07-29T17:29:04
13814257,2022-11-25,2023-12-01,,2026-07-29T17:29:05
13815171,2022-11-25,2026-08-24,,2026-08-24T13:14:52
13815251,2022-11-25,2025-01-11,,2026-08-11T14:56:21
13815474,2022-11-25,2023-12-23,,2026-07-29T17:29:06
13817177,2022-11-26,2026-07-02,,2026-07-29T17:29:07
13817297,2022-11-26,2023-04-26,,2026-07-29T17:29:08
13817342,2022-11-26,2023-03-12,,2026-07-29T17:29:08
13819438,2022-11-26,2023-12-26,,2026-07-29T17:29:09
13826169,2022-11-26,2022-12-27,,2026-07-29T17:29:10
13827310,2022-11-26,2023-02-24,,2026-07-29T17:29:12
13829040,2022-11-26,2024-03-28,,2026-07-29T17:29:13
13832998,2022-11-27,2023-11-18,,2026-07-29T17:29:14
13834270,2022-11-27,2023-03-11,,2026-07-29T17:29:15
13835520,2022-11-27,2026-02-06,,2026-07-29T17:29:15
13841842,2022-11-28,2025-11-18,,2026-07-29T17:29:19
13841913,2022-11-28,2023-05-19,,2026-07-29T17:29:19
13841966,2022-11-28,2026-08-11,,2026-08-13T04:22:15
13845906,2022-11-28,2022-11-28,,2026-07-29T17:29:20
13849123,2022-11-28,2023-11-11,,2026-07-29T17:29:20
13850154,2022-11-28,2024-08-26,,2026-07-29T17:29:21
13853115,2022-11-28,2026-02-02,,2026-07-29T17:29:22
13856678,2022-11-28,2023-01-08,,2026-07-29T17:29:22
13856703,2022-11-28,2023-12-04,,2026-07-29T17:29:53
13858429,2022-11-28,2022-12-28,,2026-07-29T17:29:54
13860255,2022-11-28,2023-03-26,,2026-07-29T17:29:54
13861695,2022-11-29,2023-05-02,,2026-07-29T17:29:55
13862502,2022-11-29,2023-07-21,,2026-07-29T17:29:55
13863357,2022-11-29,2022-12-30,,2026-07-29T17:29:56
13863502,2022-11-29,2023-02-01,,2026-07-29T17:29:56
13864090,2022-11-29,2025-02-26,,2026-07-29T17:29:56
13864445,2022-11-29,2023-05-25,,2026-07-29T17:29:57
13864504,2022-11-29,2022-11-29,,2026-07-29T17:29:56
13868042,2022-11-29,2023-02-11,,2026-07-29T17:29:57
13872183,2022-11-29,2022-12-13,,2026-07-29T17:29:57
13872796,2022-11-29,2023-03-27,,2026-07-29T17:29:57
13873194,2022-11-29,2023-03-15,,2026-07-29T17:29:58
13873499,2022-11-29,2023-09-09,,2026-07-29T17:29:58
13875034,2022-11-29,2026-03-17,,2026-07-29T17:29:59
13875448,2022-11-29,2023-06-12,,2026-07-29T17:29:59
13879484,2022-11-29,2023-09-02,,2026-07-29T17:30:00
13879570,2022-11-29,2023-03-22,,2026-07-29T17:30:00
13880080,2022-11-29,2025-05-13,,2026-07-29T17:30:00
13880259,2022-11-29,2022-11-29,,2026-07-29T17:30:00
13881118,2022-11-30,2023-04-04,,2026-07-29T17:30:01
13881467,2022-11-30,2023-01-05,,2026-07-29T17:30:01
13882382,2022-11-30,2023-07-25,,2026-07-29T17:30:01
13884347,2022-11-30,2023-08-09,,2026-07-29T17:30:02
13890549,2022-11-30,2024-11-15,,2026-07-29T17:30:02
13891077,2022-11-30,2023-02-24,,2026-07-29T17:30:02
13891363,2022-11-30,2023-03-24,,2026-07-29T17:30:02
13891547,2022-11-30,2024-02-29,,2026-07-29T17:30:02
13892265,2022-11-30,2023-03-08,,2026-07-29T17:30:03
13893326,2022-11-30,2023-04-22,,2026-07-29T17:30:03
13894086,2022-11-30,2022-12-14,,2026-07-29T17:30:04
13895010,2022-11-30,2025-08-05,,2026-07-29T17:30:05
13896244,2022-11-30,2023-01-20,,2026-07-29T17:30:05
13896351,2022-11-30,2023-09-27,,2026-07-29T17:30:05
13896653,2022-11-30,2022-12-22,,2026-07-29T17:30:06
13896712,2022-11-30,2023-05-29,,2026-07-29T17:30:06
13897724,2022-11-30,2026-06-01,,2026-07-29T17:30:07
13898935,2022-12-01,2025-02-20,,2026-07-29T17:30:07
13899247,2022-12-01,2023-06-29,,2026-07-29T17:30:07
13899697,2022-12-01,2024-03-30,,2026-07-29T17:30:08
13899837,2022-12-01,2022-12-22,,2026-07-29T17:30:07
13900123,2022-12-01,2026-08-15,,2026-08-17T04:12:42
13900458,2022-12-01,2022-12-28,,2026-07-29T17:30:09
13901346,2022-12-01,2023-03-14,,2026-07-29T17:30:08
13901943,2022-12-01,2023-11-05,,2026-07-29T17:30:08
13905043,2022-12-01,2022-12-27,,2026-07-29T17:30:08
13908494,2022-12-01,2022-12-07,,2026-07-29T17:30:09
13908848,2022-12-01,2023-10-22,,2026-07-29T17:30:09
13909938,2022-12-01,2024-07-14,,2026-07-29T17:30:09
13911099,2022-12-01,2022-12-26,,2026-07-29T17:30:10
13911746,2022-12-01,2023-09-28,,2026-07-29T17:30:10
13911870,2022-12-01,2023-12-20,,2026-07-29T17:30:10
13912052,2022-12-01,2026-05-20,,2026-07-29T17:30:10
13912601,2022-12-01,2023-07-05,,2026-07-29T17:30:14
13913792,2022-12-01,2026-06-20,,2026-07-29T17:30:15
13914804,2022-12-01,2023-01-01,,2026-07-29T17:30:15
13915798,2022-12-01,2025-10-31,,2026-07-29T17:30:15
13916076,2022-12-01,2023-08-23,,2026-07-29T17:30:16
13916149,2022-12-01,2025-05-02,,2026-07-29T17:30:16
13916225,2022-12-02,2026-08-13,,2026-08-15T04:15:18
13916580,2022-12-02,2023-06-03,,2026-07-29T17:30:17
13916955,2022-12-02,2023-01-20,,2026-07-29T17:30:19
13918596,2022-12-02,2023-08-30,,2026-07-29T17:30:19
13919252,2022-12-02,2024-04-30,,2026-07-29T17:30:18
13919538,2022-12-02,2023-01-01,,2026-07-29T17:30:19
13920267,2022-12-02,2022-12-19,,2026-07-29T17:30:19
13920808,2022-12-02,2026-06-30,,2026-07-29T17:30:20
13923722,2022-12-02,2023-05-02,,2026-07-29T17:30:19
13925194,2022-12-02,2022-12-02,,2026-07-29T17:30:20
13925834,2022-12-02,2025-07-18,,2026-07-29T17:30:20
13927196,2022-12-02,2023-05-22,,2026-07-29T17:30:20
13927685,2022-12-02,2026-03-07,,2026-07-29T17:30:21
13928688,2022-12-02,2022-12-16,,2026-07-29T17:30:21
13928728,2022-12-02,2023-07-12,,2026-07-29T17:30:22
13930065,2022-12-02,2023-09-04,,2026-07-29T17:30:22
13930292,2022-12-02,2023-01-02,,2026-07-29T17:30:23
13930394,2022-12-02,2022-12-12,,2026-07-29T17:30:23
13930862,2022-12-02,2023-06-04,,2026-07-29T17:30:23
13930881,2022-12-02,2022-12-02,,2026-07-29T17:30:24
13930954,2022-12-02,2022-12-24,,2026-07-29T17:30:24
13931016,2022-12-02,2023-01-17,,2026-07-29T17:30:24
13931039,2022-12-02,2025-11-03,,2026-07-29T17:30:25
13931290,2022-12-02,2022-12-07,,2026-07-29T17:30:25
13931350,2022-12-02,2025-02-14,,2026-07-29T17:30:26
13931549,2022-12-02,2026-02-21,,2026-07-29T17:30:27
13931997,2022-12-03,2023-05-10,,2026-07-29T17:30:30
13932068,2022-12-03,2022-12-03,,2026-07-29T17:30:30
13932508,2022-12-03,2024-02-17,,2026-07-29T17:30:31
13932519,2022-12-03,2023-03-15,,2026-07-29T17:30:31
13933433,2022-12-03,2025-03-01,,2026-07-29T17:30:32
13938828,2022-12-03,2025-08-18,,2026-07-29T17:30:31
13940480,2022-12-03,2023-09-29,,2026-07-29T17:30:33
13940487,2022-12-03,2026-07-30,,2026-08-01T07:17:05
13940782,2022-12-03,2026-08-24,,2026-08-24T14:04:23
13940953,2022-12-03,2023-07-31,,2026-07-29T17:30:34
13941228,2022-12-03,2023-09-24,,2026-07-29T17:30:34
13941935,2022-12-03,2025-01-08,,2026-07-29T17:30:35
13942074,2022-12-03,2023-05-14,,2026-07-29T17:31:05
13942092,2022-12-03,2024-02-03,,2026-07-29T17:31:05
13942145,2022-12-03,2022-12-07,,2026-07-29T17:31:05
13942226,2022-12-03,2023-01-20,,2026-07-29T17:31:05
13942419,2022-12-04,2023-07-08,,2026-07-29T17:31:06
13942831,2022-12-04,2023-02-01,,2026-07-29T17:31:06
13943151,2022-12-04,2023-05-29,,2026-07-29T17:31:06
13943440,2022-12-04,2026-08-02,,2026-08-03T04:09:14
13943442,2022-12-04,2026-01-20,,2026-07-29T17:31:07
13943645,2022-12-04,2023-04-06,,2026-07-29T17:31:08
13944335,2022-12-04,2022-12-07,,2026-07-29T17:31:08
13944644,2022-12-04,2023-01-25,,2026-07-29T17:31:08
13945239,2022-12-04,2023-03-02,,2026-07-29T17:31:08
13945490,2022-12-04,2024-02-11,,2026-07-29T17:31:09
13945746,2022-12-04,2023-11-24,,2026-07-29T17:31:09
13947938,2022-12-04,2023-01-04,,2026-07-29T17:31:09
13948000,2022-12-04,2023-03-02,,2026-07-29T17:31:10
13948159,2022-12-04,2026-08-17,,2026-08-19T04:08:18
13948348,2022-12-04,2026-08-18,,2026-08-20T07:10:11
13948447,2022-12-04,2022-12-06,,2026-07-29T17:31:11
13948456,2022-12-04,2022-12-21,,2026-07-29T17:31:12
13948510,2022-12-04,2024-01-08,,2026-07-29T17:31:12
13948968,2022-12-04,2023-12-12,,2026-07-29T17:31:13
13949190,2022-12-04,2022-12-04,,2026-07-29T17:31:12
13949305,2022-12-04,2024-02-08,,2026-07-29T17:31:12
13949352,2022-12-04,2023-03-27,,2026-07-29T17:31:14
13949369,2022-12-04,2025-04-02,,2026-07-29T17:31:14
13949941,2022-12-04,2022-12-04,,2026-07-29T17:31:13
13950267,2022-12-04,2025-04-22,,2026-07-29T17:31:13
13950388,2022-12-04,2023-03-14,,2026-07-29T17:31:14
13950412,2022-12-04,2023-07-01,,2026-07-29T17:31:14
13950420,2022-12-04,2026-04-30,,2026-07-29T17:31:15
13950438,2022-12-05,2023-03-30,,2026-07-29T17:31:17
13950483,2022-12-05,2022-12-05,,2026-07-29T17:31:17
13950546,2022-12-05,2023-08-10,,2026-07-29T17:31:16
13950606,2022-12-05,2023-11-14,,2026-07-29T17:31:16
13950644,2022-12-05,2024-06-11,,2026-07-29T17:31:16
13950701,2022-12-05,2024-11-16,,2026-07-29T17:31:16
13950942,2022-12-05,2022-12-28,,2026-07-29T17:31:17
13951038,2022-12-05,2024-06-28,,2026-07-29T17:31:17
13951263,2022-12-05,2022-12-20,,2026-07-29T17:31:18
13951297,2022-12-05,2022-12-05,,2026-07-29T17:31:18
13951517,2022-12-05,2023-01-14,,2026-07-29T17:31:18
13951553,2022-12-05,2022-12-20,,2026-07-29T17:31:18
13951844,2022-12-05,2023-12-30,,2026-07-29T17:31:18
13951951,2022-12-05,2025-04-23,,2026-07-29T17:31:19
13951967,2022-12-05,2022-12-05,,2026-07-29T17:31:20
13952117,2022-12-05,2023-05-26,,2026-07-29T17:31:20
13952228,2022-12-05,2026-08-20,,2026-08-21T05:13:00
13952289,2022-12-05,2024-05-12,,2026-07-29T17:31:20
13952347,2022-12-05,2026-03-16,,2026-07-29T17:31:21
13952388,2022-12-05,2022-12-05,,2026-07-29T17:31:21
13952392,2022-12-05,2023-05-04,,2026-07-29T17:31:22
13952570,2022-12-05,2023-01-03,,2026-07-29T17:31:21
13952738,2022-12-05,2022-12-05,,2026-07-29T17:31:22
13952835,2022-12-05,2023-05-05,,2026-07-29T17:31:22
13952864,2022-12-05,2023-09-23,,2026-07-29T17:31:22
13953009,2022-12-05,2023-01-04,,2026-07-29T17:31:23
13953010,2022-12-05,2023-10-17,,2026-07-29T17:31:24
13960670,2022-12-05,2024-03-26,,2026-07-29T17:31:24
13962643,2022-12-05,2024-12-01,,2026-07-29T17:31:25
13963977,2022-12-05,2023-11-13,,2026-07-29T17:31:25
13964046,2022-12-05,2026-02-24,,2026-07-29T17:31:27
13965285,2022-12-05,2023-04-25,,2026-07-29T17:31:28
13967719,2022-12-06,2023-05-04,,2026-07-29T17:31:26
13968166,2022-12-06,2023-01-26,,2026-07-29T17:31:26
13968470,2022-12-06,2023-05-19,,2026-07-29T17:31:27
13968552,2022-12-06,2026-01-23,,2026-07-29T17:31:34
13969375,2022-12-06,2023-06-10,,2026-07-29T17:31:27
13971689,2022-12-06,2023-06-04,,2026-07-29T17:31:27
13978042,2022-12-06,2024-05-23,,2026-08-16T10:04:21
13979376,2022-12-06,2024-09-16,,2026-07-29T17:31:28
13979547,2022-12-06,2023-01-16,,2026-07-29T17:31:28
13981967,2022-12-06,2023-02-03,,2026-07-29T17:31:29
13982010,2022-12-06,2023-06-21,,2026-07-29T17:31:29
13982218,2022-12-06,2026-08-21,,2026-08-23T04:21:08
13982466,2022-12-06,2024-06-27,,2026-07-29T17:31:29
13982586,2022-12-06,2026-08-24,,2026-08-24T21:40:27
13982695,2022-12-06,2024-12-04,,2026-07-29T17:31:30
13983079,2022-12-07,2022-12-29,,2026-07-29T17:31:30
13983796,2022-12-07,2023-11-06,,2026-07-29T17:31:31
13984480,2022-12-07,2023-01-25,,2026-07-29T17:31:31
13989582,2022-12-07,2023-06-27,,2026-07-29T17:31:37
13992265,2022-12-07,2023-02-13,,2026-07-29T17:31:32
13993840,2022-12-07,2023-02-16,,2026-07-29T17:31:33
13993858,2022-12-07,2022-12-30,,2026-07-29T17:31:34
13994554,2022-12-07,2022-12-21,,2026-07-29T17:31:34
13995475,2022-12-07,2022-12-21,,2026-07-29T17:31:34
13995894,2022-12-07,2023-01-24,,2026-07-29T17:31:35
13996163,2022-12-07,2022-12-07,,2026-07-29T17:31:35
13996895,2022-12-07,2024-01-29,,2026-07-29T17:31:35
13997467,2022-12-07,2026-08-06,,2026-08-08T06:02:28
13998930,2022-12-08,2025-05-06,,2026-07-29T17:31:41
14002608,2022-12-08,2022-12-08,,2026-07-29T17:31:36
14005910,2022-12-08,2026-05-28,,2026-07-29T17:31:41
14006909,2022-12-08,2022-12-16,,2026-07-29T17:31:41
14008203,2022-12-08,2022-12-08,,2026-07-29T17:31:37
14010320,2022-12-08,2023-04-17,,2026-07-29T17:31:37
14010714,2022-12-08,2023-10-08,,2026-07-29T17:31:38
14011497,2022-12-08,2023-05-07,,2026-07-29T17:31:38
14012579,2022-12-08,2026-04-01,,2026-07-29T17:31:39
14012812,2022-12-08,2023-08-28,,2026-07-29T17:31:39
14013528,2022-12-08,2025-04-13,,2026-07-29T17:31:39
14015159,2022-12-09,2023-12-30,,2026-07-29T17:31:40
14015343,2022-12-09,2022-12-19,,2026-07-29T17:31:40
14018831,2022-12-09,2025-05-01,,2026-08-20T10:02:18
14023840,2022-12-09,2023-12-21,,2026-07-29T17:31:41
14025439,2022-12-09,2023-05-22,,2026-07-29T17:31:41
14025758,2022-12-09,2023-01-24,,2026-07-29T17:31:41
14026052,2022-12-09,2022-12-10,,2026-07-29T17:31:42
14026087,2022-12-09,2023-08-07,,2026-07-29T17:31:42
14029611,2022-12-10,2025-12-24,,2026-07-29T17:31:46
14031395,2022-12-10,2022-12-29,,2026-07-29T17:31:45
14031916,2022-12-10,2026-08-09,,2026-08-12T23:23:29
14032138,2022-12-10,2023-03-17,,2026-07-29T17:31:46
14033119,2022-12-10,2026-07-17,,2026-07-29T17:31:43
14033191,2022-12-10,2022-12-17,,2026-07-29T17:31:43
14037471,2022-12-10,2023-05-25,,2026-07-29T17:31:44
14039683,2022-12-11,2023-10-12,,2026-07-29T17:31:46
14039985,2022-12-11,2026-08-18,,2026-08-19T04:24:38
14040331,2022-12-11,2023-04-16,,2026-07-29T17:31:44
14041364,2022-12-11,2022-12-18,,2026-07-29T17:31:44
14044101,2022-12-11,2026-08-01,,2026-08-03T04:13:39
14044298,2022-12-11,2024-10-19,,2026-07-29T17:31:45
14044309,2022-12-11,2023-05-19,,2026-07-29T17:31:45
14044423,2022-12-11,2025-12-25,,2026-07-29T17:31:45
14045983,2022-12-11,2022-12-21,,2026-07-29T17:31:46
14058599,2022-12-12,2022-12-16,,2026-07-29T17:31:46
14058813,2022-12-12,2023-12-20,,2026-07-29T17:31:46
14058953,2022-12-12,2023-09-22,,2026-07-29T17:31:47
14059829,2022-12-12,2022-12-25,,2026-07-29T17:31:47
14063181,2022-12-13,2022-12-14,,2026-07-29T17:31:47
14069366,2022-12-13,2023-06-18,,2026-07-29T17:31:47
14074346,2022-12-13,2023-06-05,,2026-07-29T17:31:47
14074924,2022-12-13,2022-12-26,,2026-07-29T17:31:48
14075050,2022-12-13,2023-01-06,,2026-07-29T17:31:48
14075072,2022-12-13,2023-11-22,,2026-07-29T17:31:48
14075735,2022-12-13,2023-02-20,,2026-07-29T17:31:48
14077543,2022-12-13,2023-02-03,,2026-07-29T17:31:48
14077594,2022-12-13,2023-03-13,,2026-07-29T17:31:49
14078279,2022-12-14,2025-12-08,,2026-07-29T17:31:49
14079451,2022-12-14,2026-08-24,,2026-08-24T17:31:30
14079559,2022-12-14,2023-05-17,,2026-07-29T17:31:49
14087409,2022-12-14,2023-05-18,,2026-07-29T17:31:49
14090724,2022-12-14,2023-06-14,,2026-07-29T17:31:50
14092593,2022-12-14,2023-05-16,,2026-07-29T17:31:51
14092958,2022-12-14,2023-01-20,,2026-07-29T17:31:50
14093162,2022-12-14,2022-12-20,,2026-07-29T17:31:50
14093425,2022-12-14,2023-01-10,,2026-07-29T17:31:51
14094599,2022-12-15,2024-08-01,,2026-07-29T17:31:51
14095376,2022-12-15,2023-04-24,,2026-07-29T17:31:51
14095378,2022-12-15,2023-11-09,,2026-07-29T17:31:52
14100159,2022-12-15,2024-03-30,,2026-07-29T17:31:52
14105002,2022-12-15,2023-09-11,,2026-08-20T08:00:32
14105797,2022-12-15,2023-01-07,,2026-07-29T17:31:52
14106184,2022-12-15,2024-12-05,,2026-07-29T17:31:52
14109020,2022-12-15,2023-01-05,,2026-07-29T17:31:56
14113516,2022-12-16,2024-06-01,,2026-07-29T17:31:57
14122549,2022-12-16,2022-12-17,,2026-07-29T17:31:57
14123058,2022-12-16,2026-07-03,,2026-07-29T17:31:58
14123148,2022-12-16,2023-04-15,,2026-07-29T17:31:58
14123800,2022-12-16,2026-02-22,,2026-07-29T17:32:00
14124345,2022-12-16,2026-08-11,,2026-08-13T04:22:59
14124373,2022-12-16,2023-11-30,,2026-07-29T17:31:59
14124957,2022-12-17,2023-01-03,,2026-07-29T17:32:01
14126045,2022-12-17,2024-05-13,,2026-07-29T17:32:01
14127103,2022-12-17,2022-12-17,,2026-07-29T17:32:00
14131258,2022-12-17,2026-01-06,,2026-07-29T17:32:01
14134644,2022-12-17,2023-01-27,,2026-07-29T17:32:01
14135137,2022-12-18,2022-12-21,,2026-07-29T17:32:01
14136976,2022-12-18,2026-06-13,,2026-07-29T17:32:02
14137925,2022-12-18,2024-07-26,,2026-07-29T17:32:02
14138464,2022-12-18,2022-12-18,,2026-07-29T17:32:02
14140295,2022-12-18,2026-03-09,,2026-07-29T17:32:02
14140670,2022-12-18,2023-04-08,,2026-07-29T17:32:03
14142341,2022-12-18,2023-01-22,,2026-07-29T17:32:03
14143504,2022-12-19,2025-02-21,,2026-07-29T17:32:03
14149229,2022-12-19,2023-08-18,,2026-07-29T17:32:03
14153408,2022-12-19,2023-03-03,,2026-08-20T10:02:18
14153994,2022-12-19,2023-09-02,,2026-07-29T17:32:04
14154290,2022-12-19,2022-12-26,,2026-07-29T17:32:04
14155768,2022-12-19,2022-12-28,,2026-07-29T17:32:04
14157207,2022-12-19,2023-03-06,,2026-07-29T17:32:04
14158999,2022-12-19,2024-03-01,,2026-07-29T17:32:05
14159920,2022-12-20,2023-12-21,,2026-07-29T17:32:05
14160147,2022-12-20,2024-08-29,,2026-07-29T17:32:05
14160331,2022-12-20,2026-04-08,,2026-07-29T17:32:05
14161921,2022-12-20,2025-01-25,,2026-07-29T17:32:05
14164021,2022-12-20,2024-08-14,,2026-07-29T17:32:06
14164617,2022-12-20,2023-01-26,,2026-07-29T17:32:06
14165735,2022-12-20,2023-11-13,,2026-07-29T17:32:06
14167339,2022-12-20,2023-09-18,,2026-07-29T17:32:06
14173256,2022-12-20,2025-12-28,,2026-07-29T17:32:07
14173886,2022-12-20,2024-01-10,,2026-07-29T17:32:07
14173965,2022-12-20,2022-12-20,,2026-07-29T17:32:07
14176001,2022-12-20,2022-12-20,,2026-07-29T17:32:07
14176348,2022-12-20,2025-03-07,,2026-07-29T17:32:07
14177801,2022-12-21,2025-04-23,,2026-07-29T17:32:08
14179371,2022-12-21,2026-05-29,,2026-07-29T17:32:08
14181005,2022-12-21,2022-12-21,,2026-07-29T17:32:08
14187520,2022-12-21,2023-04-21,,2026-07-29T17:32:08
14190652,2022-12-21,2023-03-06,,2026-07-29T17:32:09
14203792,2022-12-22,2023-09-18,,2026-07-29T17:32:39
14206754,2022-12-22,2022-12-23,,2026-07-29T17:32:39
14208153,2022-12-23,2025-11-11,,2026-07-29T17:32:40
14208411,2022-12-23,2023-03-01,,2026-07-29T17:32:39
14216935,2022-12-23,2024-02-03,,2026-07-29T17:32:39
14217638,2022-12-23,2023-04-28,,2026-07-29T17:32:40
14218915,2022-12-23,2023-04-01,,2026-07-29T17:32:40
14219175,2022-12-23,2026-02-05,,2026-07-29T17:32:40
14219657,2022-12-23,2025-09-12,,2026-07-29T17:32:41
14220051,2022-12-24,2023-01-27,,2026-07-29T17:32:40
14221514,2022-12-24,2023-02-16,,2026-07-29T17:32:41
14221756,2022-12-24,2024-07-13,,2026-07-30T03:30:07
14227047,2022-12-24,2023-08-29,,2026-07-29T17:32:41
14227397,2022-12-24,2023-01-03,,2026-07-29T17:32:41
14227913,2022-12-24,2023-06-20,,2026-07-29T17:32:41
14227974,2022-12-24,2023-05-19,,2026-07-29T17:32:42
14228263,2022-12-24,2025-08-15,,2026-07-29T17:32:42
14228518,2022-12-25,2025-01-22,,2026-07-29T17:32:42
14229970,2022-12-25,2023-10-26,,2026-07-29T17:32:42
14231891,2022-12-25,2023-01-25,,2026-07-29T17:32:42
14232289,2022-12-25,2023-04-03,,2026-07-29T17:32:43
14233604,2022-12-25,2023-04-06,,2026-07-29T17:32:43
14234038,2022-12-25,2022-12-27,,2026-07-29T17:32:43
14234482,2022-12-25,2026-07-23,,2026-07-29T17:32:43
14234765,2022-12-26,2023-03-15,,2026-07-29T17:32:43
14237552,2022-12-26,2022-12-28,,2026-07-29T17:32:43
14239633,2022-12-26,2026-05-11,,2026-07-29T17:32:44
14243605,2022-12-26,2023-01-03,,2026-07-29T17:32:44
14244017,2022-12-26,2023-03-15,,2026-07-29T17:32:44
14244577,2022-12-26,2023-04-03,,2026-07-29T17:32:44
14245514,2022-12-26,2026-03-11,,2026-07-29T17:32:44
14245767,2022-12-26,2023-03-29,,2026-07-29T17:32:45
14246724,2022-12-26,2023-10-17,,2026-07-29T17:32:45
14247475,2022-12-26,2026-02-15,,2026-07-29T17:32:45
14247978,2022-12-27,2025-07-22,,2026-07-29T17:32:45
14248936,2022-12-27,2023-05-03,,2026-07-29T17:32:46
14249112,2022-12-27,2023-02-02,,2026-07-29T17:32:46
14257325,2022-12-27,2023-04-02,,2026-07-29T17:32:46
14259135,2022-12-27,2024-08-05,,2026-07-29T17:32:47
14260403,2022-12-27,2023-02-28,,2026-07-29T17:32:46
14260537,2022-12-27,2022-12-27,,2026-07-29T17:32:47
14261192,2022-12-27,2026-07-30,,2026-07-31T04:26:44
14262366,2022-12-27,2024-08-27,,2026-07-29T17:32:47
14263270,2022-12-28,2022-12-30,,2026-07-29T17:32:47
14267246,2022-12-28,2023-01-23,,2026-07-29T17:32:48
14272753,2022-12-28,2023-01-26,,2026-07-29T17:32:48
14273014,2022-12-28,2023-01-14,,2026-07-29T17:32:49
14276981,2022-12-28,2023-09-11,,2026-07-29T17:32:48
14277047,2022-12-28,2023-01-25,,2026-07-29T17:32:49
14277378,2022-12-28,2022-12-29,,2026-07-29T17:32:49
14278027,2022-12-28,2022-12-28,,2026-07-29T17:32:49
14278641,2022-12-28,2026-03-20,,2026-07-29T17:32:49
14278830,2022-12-28,2023-12-29,,2026-07-29T17:32:49
14280867,2022-12-29,2024-07-16,,2026-07-29T17:32:50
14291536,2022-12-29,2023-06-09,,2026-07-29T17:32:50
14292657,2022-12-29,2023-02-08,,2026-07-29T17:32:50
14294355,2022-12-29,2023-10-26,,2026-07-29T17:32:51
14294368,2022-12-29,2024-11-15,,2026-07-29T17:32:50
14294462,2022-12-29,2023-06-26,,2026-07-29T17:32:51
14296200,2022-12-30,2024-05-10,,2026-07-29T17:32:51
14296279,2022-12-30,2023-03-21,,2026-07-29T17:32:51
14296484,2022-12-30,2026-08-24,,2026-08-24T18:10:06
14296498,2022-12-30,2023-10-30,,2026-07-29T17:32:51
14296652,2022-12-30,2023-07-07,,2026-07-29T17:32:52
14296951,2022-12-30,2023-04-23,,2026-07-29T17:32:52
14297555,2022-12-30,2022-12-30,,2026-07-29T17:32:52
14298511,2022-12-30,2023-01-10,,2026-07-29T17:32:52
14301414,2022-12-30,2023-06-11,,2026-07-29T17:32:52
14306992,2022-12-30,2022-12-30,,2026-07-29T17:32:53
14309249,2022-12-30,2023-10-11,,2026-07-29T17:32:53
14310439,2022-12-30,2023-01-20,,2026-07-29T17:32:53
14310674,2022-12-30,2023-05-03,,2026-07-29T17:32:53
14311341,2022-12-30,2023-12-20,,2026-07-29T17:32:53
14311425,2022-12-30,2022-12-30,,2026-07-29T17:32:54
14312109,2022-12-30,2023-01-06,,2026-07-29T17:32:54
14312280,2022-12-30,2026-02-21,,2026-07-29T17:32:54
14313710,2022-12-31,2026-08-24,,2026-08-24T19:02:10
14314127,2022-12-31,2023-07-17,,2026-07-29T17:32:54
14314359,2022-12-31,2023-03-22,,2026-07-29T17:32:55
14315209,2022-12-31,2025-12-07,,2026-07-29T17:32:55
14318392,2022-12-31,2026-07-15,,2026-07-29T17:32:55
14323838,2022-12-31,2022-12-31,,2026-07-29T17:32:55
14326208,2022-12-31,2024-01-10,,2026-07-29T17:32:56
14326809,2022-12-31,2023-01-21,,2026-07-29T17:32:56
14328524,2022-12-31,2023-01-10,,2026-07-29T17:32:56
14332223,2022-12-31,2024-08-30,,2026-07-29T17:32:56
14332516,2023-01-01,2023-08-03,,2026-07-29T17:32:56
14333154,2023-01-01,2025-03-14,,2026-07-29T17:32:56
14335280,2023-01-01,2025-11-14,,2026-07-29T17:32:57
14335992,2023-01-01,2023-03-31,,2026-07-29T17:32:57
14340361,2023-01-01,2024-01-05,,2026-07-29T17:32:57
14343679,2023-01-01,2023-03-10,,2026-07-29T17:32:57
14344171,2023-01-01,2023-06-23,,2026-07-29T17:32:57
14344575,2023-01-01,2023-06-05,,2026-07-29T17:32:57
14345652,2023-01-01,2023-06-03,,2026-07-29T17:32:58
14347893,2023-01-02,2023-01-06,,2026-07-29T17:32:58
14348250,2023-01-02,2025-04-07,,2026-07-29T17:32:58
14348329,2023-01-02,2023-02-10,,2026-07-29T17:32:59
14348575,2023-01-02,2025-03-01,,2026-07-29T17:33:00
14348784,2023-01-02,2023-05-14,,2026-07-29T17:33:00
14351837,2023-01-02,2023-10-31,,2026-07-29T17:33:21
14353841,2023-01-02,2026-08-23,,2026-08-25T04:05:11
14362308,2023-01-02,2023-02-10,,2026-07-29T17:33:21
14366013,2023-01-02,2025-03-01,,2026-07-29T17:33:22
14367291,2023-01-02,2023-03-07,,2026-07-29T17:33:22
14367321,2023-01-02,2023-04-09,,2026-07-29T17:33:22
14367491,2023-01-02,2024-03-07,,2026-07-29T17:33:22
14367875,2023-01-02,2023-01-12,,2026-07-29T17:33:22
14368567,2023-01-02,2023-07-03,,2026-07-29T17:33:23
14369855,2023-01-02,2025-02-25,,2026-07-29T17:33:23
14370191,2023-01-02,2026-06-08,,2026-07-29T17:33:24
14371341,2023-01-03,2023-01-13,,2026-07-29T17:33:24
14371618,2023-01-03,2023-04-28,,2026-07-29T17:33:24
14372071,2023-01-03,2026-04-06,,2026-07-29T17:33:24
14373533,2023-01-03,2023-02-15,,2026-07-29T17:33:25
14374391,2023-01-03,2023-01-23,,2026-07-29T17:33:25
14375477,2023-01-03,2023-01-13,,2026-07-29T17:33:25
14375651,2023-01-03,2023-04-05,,2026-07-29T17:33:25
14376082,2023-01-03,2023-06-06,,2026-07-29T17:33:25
14376489,2023-01-03,2023-01-11,,2026-07-29T17:33:27
14376645,2023-01-03,2023-03-24,,2026-07-29T17:33:26
14376728,2023-01-03,2026-03-20,,2026-07-29T17:33:26
14376948,2023-01-03,2024-10-04,,2026-07-29T17:33:28
14382689,2023-01-03,2023-01-05,,2026-07-29T17:33:27
14384452,2023-01-03,2023-07-24,,2026-07-29T17:33:27
14385113,2023-01-03,2023-02-05,,2026-07-29T17:33:27
14385656,2023-01-03,2023-08-04,,2026-07-29T17:33:27
14387527,2023-01-03,2023-01-12,,2026-07-29T17:33:27
14389314,2023-01-03,2023-10-26,,2026-07-29T17:33:27
14389853,2023-01-03,2023-06-06,,2026-07-29T17:33:28
14389978,2023-01-03,2023-01-19,,2026-07-29T17:33:28
14392560,2023-01-03,2023-01-05,,2026-07-29T17:33:30
14393499,2023-01-03,2023-03-10,,2026-07-29T17:33:28
14393752,2023-01-03,2023-08-20,,2026-07-29T17:33:31
14393830,2023-01-03,2025-04-04,,2026-07-29T17:33:29
14394269,2023-01-03,2023-10-31,,2026-07-29T17:33:29
14394899,2023-01-03,2024-09-24,,2026-07-29T17:33:29
14395067,2023-01-03,2023-04-20,,2026-07-29T17:33:29
14395753,2023-01-03,2023-01-03,,2026-07-29T17:33:31
14397784,2023-01-04,2023-10-25,,2026-07-29T17:33:30
14398451,2023-01-04,2023-08-14,,2026-07-29T17:33:30
14399598,2023-01-04,2026-02-02,,2026-07-29T17:33:30
14400066,2023-01-04,2023-01-04,,2026-07-29T17:33:31
14400108,2023-01-04,2023-01-06,,2026-07-29T17:33:31
14400251,2023-01-04,2024-02-13,,2026-07-29T17:33:31
14401647,2023-01-04,2026-08-01,,2026-08-03T04:08:03
14401699,2023-01-04,2023-01-04,,2026-07-29T17:33:31
14402273,2023-01-04,2023-08-19,,2026-07-29T17:33:32
14404015,2023-01-04,2023-06-30,,2026-07-29T17:33:32
14404119,2023-01-04,2024-04-25,,2026-07-29T17:33:32
14404121,2023-01-04,2023-01-16,,2026-07-29T17:33:32
14405135,2023-01-04,2023-01-04,,2026-07-29T17:33:32
14405676,2023-01-04,2025-01-20,,2026-07-29T17:33:33
14406959,2023-01-04,2023-04-11,,2026-07-29T17:33:33
14407616,2023-01-04,2026-01-17,,2026-07-29T17:33:33
14410080,2023-01-04,2024-04-02,,2026-07-29T17:33:33
14412727,2023-01-04,2025-11-17,,2026-07-29T17:33:34
14412902,2023-01-04,2023-05-19,,2026-07-29T17:33:34
14413041,2023-01-04,2023-05-08,,2026-07-29T17:33:34
14413191,2023-01-04,2023-02-14,,2026-07-29T17:33:34
14414521,2023-01-04,2026-07-22,,2026-07-29T17:33:35
14415532,2023-01-04,2023-02-25,,2026-07-29T17:33:36
14415582,2023-01-04,2023-06-06,,2026-07-29T17:33:36
14415583,2023-01-04,2023-01-04,,2026-07-29T17:33:36
14416424,2023-01-04,2023-01-08,,2026-07-29T17:33:36
14416717,2023-01-04,2023-04-23,,2026-07-29T17:33:36
14416941,2023-01-04,2023-08-16,,2026-07-29T17:33:36
14418621,2023-01-04,2023-01-08,,2026-07-29T17:33:36
14418995,2023-01-04,2026-07-02,,2026-07-29T17:33:36
14419338,2023-01-04,2023-12-30,,2026-07-29T17:33:37
14419449,2023-01-04,2024-02-01,,2026-07-29T17:33:37
14419455,2023-01-04,2023-04-21,,2026-07-29T17:33:37
14419794,2023-01-04,2025-09-11,,2026-07-29T17:33:38
14420083,2023-01-04,2026-03-25,,2026-07-29T17:33:38
14420792,2023-01-04,2023-08-06,,2026-07-29T17:33:38
14420921,2023-01-04,2026-07-14,,2026-07-29T17:33:38
14421119,2023-01-04,2024-04-04,,2026-07-29T17:33:39
14421179,2023-01-04,2023-05-02,,2026-07-29T17:33:38
14421265,2023-01-04,2025-06-14,,2026-07-29T17:33:39
14421298,2023-01-04,2023-01-31,,2026-07-29T17:33:38
14421378,2023-01-04,2023-08-10,,2026-07-29T17:33:38
14421781,2023-01-05,2026-07-04,,2026-07-29T17:33:39
14421832,2023-01-05,2026-08-20,,2026-08-21T07:05:56
14422279,2023-01-05,2024-09-15,,2026-07-29T17:33:40
14422505,2023-01-05,2023-04-20,,2026-07-29T17:33:40
14422626,2023-01-05,2023-05-26,,2026-07-29T17:33:39
14422682,2023-01-05,2023-07-04,,2026-07-29T17:33:40
14422767,2023-01-05,2023-03-21,,2026-07-29T17:33:41
14422831,2023-01-05,2025-06-26,,2026-07-29T17:33:41
14422908,2023-01-05,2024-01-03,,2026-07-29T17:33:41
14423386,2023-01-05,2023-03-24,,2026-07-29T17:33:41
14423707,2023-01-05,2023-04-10,,2026-07-29T17:33:41
14423719,2023-01-05,2025-07-15,,2026-07-29T17:33:41
14423770,2023-01-05,2023-05-30,,2026-07-29T17:33:41
14423887,2023-01-05,2024-08-23,,2026-07-29T17:33:42
14424116,2023-01-05,2023-05-25,,2026-07-29T17:33:41
14424398,2023-01-05,2026-05-12,,2026-07-29T17:33:42
14424403,2023-01-05,2023-04-26,,2026-07-29T17:33:42
14424476,2023-01-05,2023-01-05,,2026-07-29T17:33:42
14424531,2023-01-05,2024-08-14,,2026-07-29T17:33:43
14424594,2023-01-05,2023-01-05,,2026-07-29T17:33:43
14424979,2023-01-05,2023-01-07,,2026-07-29T17:33:44
14425101,2023-01-05,2023-01-08,,2026-07-29T17:33:43
14425199,2023-01-05,2024-01-07,,2026-07-29T17:33:44
14425292,2023-01-05,2023-12-27,,2026-07-29T17:33:44
14425412,2023-01-05,2023-02-26,,2026-07-29T17:33:44
14425455,2023-01-05,2026-07-17,,2026-07-29T17:33:45
14425518,2023-01-05,2023-09-15,,2026-07-29T17:33:44
14425529,2023-01-05,2023-12-08,,2026-07-29T17:33:44
14425545,2023-01-05,2023-02-14,,2026-07-29T17:33:44
14425730,2023-01-05,2023-01-05,,2026-07-29T17:33:45
14426695,2023-01-05,2026-07-15,,2026-07-29T17:33:45
14428554,2023-01-05,2024-06-24,,2026-07-29T17:33:45
14429114,2023-01-05,2023-06-25,,2026-07-29T17:33:45
14431020,2023-01-05,2024-02-13,,2026-07-29T17:33:45
14435329,2023-01-05,2023-01-05,,2026-07-29T17:33:46
14437239,2023-01-05,2026-01-15,,2026-07-29T17:33:46
14438467,2023-01-05,2023-01-18,,2026-07-29T17:33:46
14440994,2023-01-05,2023-01-08,,2026-07-29T17:33:46
14442343,2023-01-05,2026-07-07,,2026-07-29T17:33:46
14443287,2023-01-06,2024-03-16,,2026-07-29T17:33:47
14443380,2023-01-06,2024-01-16,,2026-07-29T17:33:47
14444349,2023-01-06,2025-04-15,,2026-07-29T17:33:47
14448738,2023-01-06,2026-08-18,,2026-08-19T04:23:49
14449564,2023-01-06,2024-03-18,,2026-07-29T17:33:47
14450649,2023-01-06,2023-03-07,,2026-07-29T17:33:47
14455718,2023-01-06,2025-01-15,,2026-07-29T17:33:47
14456875,2023-01-06,2023-12-14,,2026-07-29T17:33:48
14459255,2023-01-06,2023-02-13,,2026-07-29T17:33:48
14460055,2023-01-06,2023-01-25,,2026-07-29T17:33:48
14460070,2023-01-06,2023-09-14,,2026-07-29T17:33:48
14460391,2023-01-06,2025-06-25,,2026-07-29T17:33:48
14460521,2023-01-06,2026-05-28,,2026-07-29T17:33:48
14460621,2023-01-06,2023-01-17,,2026-07-29T17:33:48
14460798,2023-01-06,2023-01-23,,2026-07-29T17:33:49
14461825,2023-01-06,2023-12-09,,2026-07-29T17:33:49
14462534,2023-01-07,2025-07-15,,2026-07-29T17:33:49
14464569,2023-01-07,2023-05-23,,2026-07-29T17:33:49
14465095,2023-01-07,2024-12-12,,2026-07-29T17:33:49
14469131,2023-01-07,2023-02-22,,2026-07-29T17:33:49
14469755,2023-01-07,2024-05-09,,2026-07-29T17:33:50
14472616,2023-01-07,2023-04-01,,2026-07-29T17:33:50
14475369,2023-01-07,2023-07-26,,2026-07-29T17:33:50
14476088,2023-01-07,2023-11-16,,2026-07-29T17:33:50
14477950,2023-01-08,2023-02-21,,2026-07-29T17:33:50
14482366,2023-01-08,2024-03-18,,2026-07-29T17:33:50
14485421,2023-01-08,2023-10-31,,2026-07-29T17:33:50
14486597,2023-01-08,2026-01-24,,2026-07-29T17:33:51
14486873,2023-01-08,2023-04-19,,2026-07-29T17:33:51
14487161,2023-01-08,2023-08-21,,2026-07-29T17:33:51
14487162,2023-01-08,2023-01-08,,2026-07-29T17:33:51
14487708,2023-01-08,2025-01-22,,2026-07-29T17:33:51
14488964,2023-01-09,2023-05-19,,2026-07-29T17:33:52
14489130,2023-01-09,2023-02-25,,2026-07-29T17:33:52
14490459,2023-01-09,2024-04-29,,2026-07-29T17:33:52
14490638,2023-01-09,2023-01-17,,2026-07-29T17:33:52
14490808,2023-01-09,2023-10-15,,2026-07-29T17:33:52
14500231,2023-01-09,2024-04-13,,2026-07-29T17:33:52
14502360,2023-01-09,2023-08-18,,2026-07-29T17:33:53
14502505,2023-01-09,2023-10-03,,2026-07-29T17:33:53
14504457,2023-01-09,2023-01-10,,2026-07-29T17:33:53
14505695,2023-01-09,2023-03-30,,2026-07-29T17:33:53
14507358,2023-01-09,2023-09-05,,2026-07-29T17:33:53
14507577,2023-01-09,2023-02-15,,2026-07-29T17:33:53
14510817,2023-01-10,2025-03-30,,2026-07-29T17:33:53
14513735,2023-01-10,2023-02-08,,2026-07-29T17:33:54
14514255,2023-01-10,2026-08-21,,2026-08-23T05:08:23
14514590,2023-01-10,2023-12-06,,2026-07-29T17:33:54
14515201,2023-01-10,2023-07-04,,2026-07-29T17:33:54
14520711,2023-01-10,2023-01-20,,2026-07-29T17:33:54
14523330,2023-01-10,2023-08-13,,2026-07-29T17:33:55
14524072,2023-01-10,2025-04-19,,2026-07-29T17:33:55
14524891,2023-01-10,2024-07-23,,2026-07-29T17:33:55
14524929,2023-01-10,2023-05-10,,2026-07-29T17:33:55
14527075,2023-01-10,2023-01-11,,2026-07-29T17:33:56
14529074,2023-01-10,2025-10-14,,2026-08-22T06:35:18
14529838,2023-01-11,2023-12-17,,2026-07-29T17:33:56
14530393,2023-01-11,2025-07-10,,2026-07-29T17:33:56
14531170,2023-01-11,2026-05-21,,2026-07-29T17:33:57
14536446,2023-01-11,2026-08-14,,2026-08-15T07:13:02
14539746,2023-01-11,2026-08-25,,2026-08-25T05:43:07
14540884,2023-01-11,2023-07-02,,2026-07-29T17:33:58
14542470,2023-01-11,2024-12-16,,2026-07-29T17:33:58
14542848,2023-01-11,2025-02-17,,2026-07-29T17:33:58
14545017,2023-01-11,2023-01-12,,2026-07-29T17:33:58
14546499,2023-01-11,2024-04-09,,2026-07-29T17:33:58
14547121,2023-01-11,2023-01-11,,2026-07-29T17:33:58
14549208,2023-01-12,2024-08-20,,2026-07-29T17:33:58
14549262,2023-01-12,2023-02-19,,2026-07-29T17:33:59
14549279,2023-01-12,2023-06-24,,2026-07-29T17:33:59
14549302,2023-01-12,2024-02-08,,2026-07-29T17:33:59
14549374,2023-01-12,2023-12-25,,2026-07-29T17:33:59
14549735,2023-01-12,2023-01-12,,2026-07-29T17:33:59
14551273,2023-01-12,2023-04-26,,2026-07-29T17:33:59
14551373,2023-01-12,2023-07-07,,2026-07-29T17:34:00
14553849,2023-01-12,2024-11-30,,2026-07-29T17:34:00
14554448,2023-01-12,2024-10-07,,2026-07-29T17:34:00
14560989,2023-01-12,2023-05-18,,2026-07-29T17:34:00
14563596,2023-01-12,2023-04-22,,2026-07-29T17:34:00
14564122,2023-01-12,2023-08-01,,2026-07-29T17:34:20
14564720,2023-01-12,2023-02-27,,2026-07-29T17:34:21
14565907,2023-01-12,2025-09-06,,2026-07-29T17:34:21
14566499,2023-01-12,2025-06-25,,2026-07-29T17:34:21
14567794,2023-01-12,2026-07-09,,2026-07-29T17:34:22
14567884,2023-01-12,2025-04-05,,2026-07-29T17:34:22
14568784,2023-01-13,2023-11-30,,2026-07-29T17:34:22
14569286,2023-01-13,2023-12-15,,2026-07-29T17:34:22
14571765,2023-01-13,2026-08-23,,2026-08-23T22:47:39
14574069,2023-01-13,2023-04-08,,2026-07-29T17:34:49
14580757,2023-01-13,2025-10-17,,2026-07-29T17:34:49
14581598,2023-01-13,2024-01-03,,2026-07-29T17:34:49
14582059,2023-01-13,2023-02-23,,2026-07-29T17:34:50
14582162,2023-01-13,2023-05-04,,2026-07-29T17:34:50
14583249,2023-01-13,2026-08-03,,2026-08-05T06:00:16
14587448,2023-01-14,2025-12-11,,2026-07-29T17:34:51
14589106,2023-01-14,2023-08-05,,2026-07-29T17:34:51
14590100,2023-01-14,2023-01-19,,2026-07-29T17:34:51
14593410,2023-01-14,2023-01-14,,2026-07-29T17:34:51
14593422,2023-01-14,2023-03-14,,2026-07-29T17:34:52
14593590,2023-01-14,2026-07-24,,2026-07-29T17:34:52
14593829,2023-01-14,2023-01-14,,2026-07-29T17:34:52
14594189,2023-01-14,2023-10-17,,2026-07-29T17:34:54
14596142,2023-01-14,2024-08-20,,2026-07-29T17:34:56
14596655,2023-01-14,2024-08-27,,2026-07-29T17:34:56
14599109,2023-01-15,2026-02-03,,2026-07-29T17:34:57
14599382,2023-01-15,2023-01-24,,2026-07-29T17:34:57
14599392,2023-01-15,2023-02-11,,2026-07-29T17:34:57
14599413,2023-01-15,2025-08-28,,2026-07-29T17:34:59
14605013,2023-01-15,2023-01-18,,2026-07-29T17:34:58
14605802,2023-01-15,2023-04-28,,2026-07-29T17:34:58
14606199,2023-01-15,2024-01-20,,2026-07-29T17:34:59
14607291,2023-01-15,2023-02-16,,2026-07-29T17:34:59
14611670,2023-01-16,2023-01-18,,2026-07-29T17:35:00
14612351,2023-01-16,2023-01-25,,2026-07-29T17:35:01
14612428,2023-01-16,2023-01-19,,2026-07-29T17:35:02
14613093,2023-01-16,2023-03-28,,2026-07-29T17:35:02
14621509,2023-01-16,2023-01-27,,2026-07-29T17:35:02
14621582,2023-01-16,2026-05-23,,2026-07-31T13:00:13
14622970,2023-01-16,2023-01-20,,2026-07-29T17:35:02
14623877,2023-01-16,2023-01-24,,2026-07-29T17:35:03
14624749,2023-01-16,2023-03-01,,2026-07-29T17:35:03
14626027,2023-01-16,2023-10-15,,2026-07-29T17:35:03
14630229,2023-01-17,2026-06-19,,2026-07-29T17:35:03
14631208,2023-01-17,2023-02-10,,2026-07-29T17:35:03
14631279,2023-01-17,2023-02-23,,2026-07-29T17:35:04
14637703,2023-01-17,2023-10-28,,2026-07-29T17:35:04
14640258,2023-01-17,2023-02-12,,2026-07-29T17:35:04
14644605,2023-01-17,2024-02-01,,2026-07-29T17:35:05
14645641,2023-01-17,2023-02-24,,2026-07-29T17:35:06
14645826,2023-01-17,2023-07-13,,2026-07-29T17:35:07
14646031,2023-01-17,2023-07-22,,2026-07-29T17:35:07
14647475,2023-01-17,2024-02-27,,2026-07-29T17:35:07
14648257,2023-01-18,2024-06-18,,2026-07-29T17:35:08
14649892,2023-01-18,2023-03-27,,2026-07-29T17:35:08
14650476,2023-01-18,2024-08-13,,2026-07-29T17:35:08
14652291,2023-01-18,2023-02-20,,2026-07-29T17:35:09
14652821,2023-01-18,2023-12-05,,2026-07-29T17:35:10
14654025,2023-01-18,2023-02-18,,2026-07-29T17:35:10
14656861,2023-01-18,2023-02-06,,2026-07-29T17:35:10
14657598,2023-01-18,2025-03-25,,2026-07-29T17:35:11
14660992,2023-01-18,2023-09-18,,2026-07-29T17:35:11
14661141,2023-01-18,2024-11-04,,2026-07-29T17:35:11
14661351,2023-01-18,2023-12-23,,2026-07-29T17:35:11
14661656,2023-01-18,2023-08-22,,2026-07-29T17:35:11
14662420,2023-01-18,2023-12-18,,2026-07-29T17:35:12
14663470,2023-01-18,2023-04-30,,2026-07-29T17:35:12
14665934,2023-01-18,2024-01-18,,2026-07-29T17:35:12
14666604,2023-01-18,2025-01-06,,2026-07-29T17:35:13
14668195,2023-01-19,2024-04-24,,2026-07-29T17:35:13
14668327,2023-01-19,2024-04-22,,2026-07-29T17:35:13
14669044,2023-01-19,2023-02-14,,2026-07-29T17:35:14
14669112,2023-01-19,2025-02-02,,2026-07-29T17:35:18
14673025,2023-01-19,2023-01-19,,2026-07-29T17:35:18
14673214,2023-01-19,2025-11-11,,2026-07-29T17:35:18
14673578,2023-01-19,2023-01-24,,2026-07-29T17:35:18
14673944,2023-01-19,2023-10-26,,2026-07-29T17:35:19
14676167,2023-01-19,2024-09-20,,2026-07-29T17:35:19
14676636,2023-01-19,2024-07-19,,2026-07-29T17:35:21
14677299,2023-01-19,2023-08-29,,2026-07-29T17:35:21
14679362,2023-01-19,2023-05-04,,2026-07-29T17:35:21
14679398,2023-01-19,2023-01-24,,2026-07-29T17:35:22
14681145,2023-01-19,2026-02-27,,2026-07-29T17:35:22
14681691,2023-01-19,2023-06-07,,2026-07-29T17:35:22
14682913,2023-01-19,2023-02-02,,2026-07-29T17:35:23
14683254,2023-01-19,2026-07-02,,2026-07-29T17:35:25
14683732,2023-01-19,2026-08-23,,2026-08-23T19:25:01
14683958,2023-01-19,2023-01-31,,2026-07-29T17:35:25
14685252,2023-01-20,2023-08-06,,2026-07-29T17:35:26
14685267,2023-01-20,2026-08-24,,2026-08-24T22:42:01
14685501,2023-01-20,2023-02-04,,2026-07-29T17:35:26
14686370,2023-01-20,2023-07-12,,2026-07-29T17:35:27
14686613,2023-01-20,2023-05-10,,2026-07-29T17:35:27
14688109,2023-01-20,2024-06-10,,2026-07-29T17:35:28
14688313,2023-01-20,2023-02-28,,2026-07-29T17:35:28
14690330,2023-01-20,2023-04-26,,2026-07-29T17:35:28
14694729,2023-01-20,2023-05-22,,2026-07-29T17:35:28
14694939,2023-01-20,2023-08-17,,2026-07-29T17:35:29
14695078,2023-01-20,2023-07-05,,2026-07-29T17:35:30
14697101,2023-01-20,2023-05-28,,2026-07-29T17:35:30
14700625,2023-01-20,2024-02-06,,2026-07-29T17:35:31
14701920,2023-01-21,2023-07-26,,2026-07-29T17:35:32
14703017,2023-01-21,2026-07-09,,2026-07-29T17:35:33
14704936,2023-01-21,2023-02-17,,2026-07-29T17:35:33
14705094,2023-01-21,2023-03-16,,2026-07-29T17:35:34
14708318,2023-01-21,2023-05-21,,2026-07-29T17:35:34
14710597,2023-01-21,2023-02-08,,2026-07-29T17:35:34
14711092,2023-01-21,2025-10-22,,2026-07-29T17:35:34
14711116,2023-01-21,2024-02-01,,2026-07-29T17:35:35
14711156,2023-01-21,2023-03-26,,2026-07-29T17:35:35
14712057,2023-01-21,2026-08-24,,2026-08-25T05:06:26
14714860,2023-01-22,2024-03-15,,2026-07-29T17:35:36
14714946,2023-01-22,2023-06-15,,2026-07-29T17:35:37
14715890,2023-01-22,2024-10-15,,2026-07-29T17:35:37
14723899,2023-01-23,2024-02-26,,2026-07-29T17:35:38
14723992,2023-01-23,2023-01-25,,2026-07-29T17:35:39
14725382,2023-01-23,2026-04-15,,2026-07-29T17:35:40
14725658,2023-01-23,2023-03-20,,2026-07-29T17:35:40
14725802,2023-01-23,2023-08-16,,2026-07-29T17:35:41
14734635,2023-01-23,2023-05-10,,2026-07-29T17:35:42
14735912,2023-01-23,2023-10-28,,2026-07-29T17:35:42
14737036,2023-01-23,2023-04-16,,2026-07-29T17:35:42
14737070,2023-01-23,2023-05-04,,2026-07-29T17:35:43
14737155,2023-01-23,2025-10-18,,2026-07-29T17:35:44
14738977,2023-01-23,2025-05-19,,2026-07-29T17:35:43
14740114,2023-01-23,2025-03-01,,2026-07-29T17:35:43
14741104,2023-01-24,2023-02-18,,2026-07-29T17:35:44
14742195,2023-01-24,2023-09-21,,2026-07-29T17:35:45
14742403,2023-01-24,2023-01-24,,2026-07-29T17:35:46
14742978,2023-01-24,2025-10-13,,2026-07-29T17:35:47
14743286,2023-01-24,2026-02-24,,2026-07-29T17:35:47
14743472,2023-01-24,2023-09-22,,2026-07-29T17:35:48
14744371,2023-01-24,2023-05-04,,2026-07-29T17:35:48
14747851,2023-01-24,2023-02-18,,2026-07-29T17:35:49
14749967,2023-01-24,2024-07-25,,2026-07-29T17:35:51
14751228,2023-01-24,2024-07-31,,2026-07-29T17:35:52
14753424,2023-01-24,2023-08-11,,2026-07-29T17:35:52
14754927,2023-01-24,2025-07-21,,2026-07-29T17:35:52
14756320,2023-01-24,2025-05-17,,2026-07-29T17:35:53
14757580,2023-01-24,2023-02-15,,2026-07-29T17:35:53
14759184,2023-01-25,2023-06-08,,2026-07-29T17:35:53
14760201,2023-01-25,2026-06-09,,2026-07-29T17:35:55
14761268,2023-01-25,2023-01-31,,2026-07-29T17:35:55
14763904,2023-01-25,2023-09-22,,2026-07-29T17:35:56
14765057,2023-01-25,2023-06-17,,2026-07-29T17:35:56
14768230,2023-01-25,2025-03-15,,2026-07-29T17:35:58
14768552,2023-01-25,2023-08-31,,2026-07-29T17:35:58
14769798,2023-01-25,2025-05-14,,2026-07-29T17:35:59
14770568,2023-01-25,2023-02-28,,2026-07-29T17:35:59
14772751,2023-01-25,2023-05-04,,2026-07-29T17:35:59
14773817,2023-01-25,2025-11-18,,2026-07-29T17:36:00
14776215,2023-01-25,2023-09-18,,2026-07-29T17:36:00
14781007,2023-01-26,2024-11-12,,2026-07-29T17:36:00
14787775,2023-01-26,2023-02-14,,2026-07-29T17:36:01
14788582,2023-01-26,2025-12-14,,2026-07-29T17:36:01
14801296,2023-01-27,2023-01-31,,2026-07-29T17:36:02
14805735,2023-01-27,2024-03-14,,2026-07-29T17:36:01
14815882,2023-01-28,2024-02-03,,2026-07-29T17:36:02
14816545,2023-01-28,2023-02-08,,2026-07-29T17:36:03
14817178,2023-01-28,2023-09-28,,2026-07-29T17:36:04
14817285,2023-01-28,2023-05-21,,2026-07-29T17:36:04
14817931,2023-01-28,2023-05-22,,2026-07-29T17:36:04
14818196,2023-01-28,2023-05-22,,2026-07-29T17:36:04
14821545,2023-01-29,2023-02-09,,2026-07-29T17:36:06
14823543,2023-01-29,2025-03-23,,2026-07-29T17:36:06
14825998,2023-01-29,2023-01-29,,2026-07-29T17:36:07
14827789,2023-01-29,2023-10-29,,2026-08-16T10:18:46
14829207,2023-01-29,2026-08-19,,2026-08-21T04:13:50
14831819,2023-01-29,2023-01-30,,2026-07-29T17:36:09
14831950,2023-01-29,2026-05-07,,2026-07-29T17:36:10
14832136,2023-01-29,2023-10-14,,2026-07-29T17:36:11
14835628,2023-01-30,2023-03-17,,2026-07-29T17:36:11
14836730,2023-01-30,2023-03-30,,2026-07-29T17:36:11
14843846,2023-01-30,2026-08-14,,2026-08-16T04:24:33
14843894,2023-01-30,2026-06-23,,2026-07-29T17:36:12
14843963,2023-01-30,2026-07-04,,2026-07-29T17:36:12
14843979,2023-01-30,2026-05-24,,2026-07-29T17:36:12
14844504,2023-01-30,2023-02-01,,2026-07-29T17:36:13
14847488,2023-01-30,2023-06-01,,2026-07-29T17:36:13
14848083,2023-01-30,2023-07-10,,2026-07-29T17:36:14
14848543,2023-01-30,2023-09-25,,2026-07-29T17:36:14
14848852,2023-01-30,2026-08-21,,2026-08-23T06:02:14
14850168,2023-01-30,2023-11-07,,2026-07-29T17:36:15
14851092,2023-01-30,2026-07-24,,2026-07-29T17:36:15
14852128,2023-01-31,2023-03-08,,2026-07-29T17:36:15
14852435,2023-01-31,2023-02-11,,2026-07-29T17:36:16
14853008,2023-01-31,2023-10-25,,2026-07-29T17:36:16
14853430,2023-01-31,2023-02-23,,2026-07-29T17:36:16
14853937,2023-01-31,2023-04-03,,2026-07-29T17:36:17
14853993,2023-01-31,2023-12-23,,2026-07-29T17:36:17
14854143,2023-01-31,2026-08-25,,2026-08-25T00:25:11
14854542,2023-01-31,2023-08-21,,2026-07-29T17:36:18
14855794,2023-01-31,2023-03-09,,2026-07-29T17:36:18
14859170,2023-01-31,2023-09-22,,2026-07-29T17:36:19
14861651,2023-01-31,2023-03-26,,2026-07-29T17:36:19
14862767,2023-01-31,2024-04-29,,2026-07-29T17:36:20
14863364,2023-01-31,2023-02-17,,2026-07-29T17:36:20
14863822,2023-01-31,2023-02-22,,2026-07-29T17:36:20
14864027,2023-01-31,2023-08-19,,2026-07-29T17:36:20
14864619,2023-01-31,2023-07-23,,2026-07-29T17:36:21
14864841,2023-01-31,2026-08-21,,2026-08-23T05:09:47
14864861,2023-01-31,2023-06-15,,2026-07-29T17:36:25
14865442,2023-01-31,2023-06-20,,2026-07-29T17:36:26
14866190,2023-01-31,2026-07-10,,2026-07-29T17:36:26
14868165,2023-01-31,2026-08-14,,2026-08-16T05:12:16
14869893,2023-01-31,2023-08-07,,2026-07-29T17:36:28
14870205,2023-01-31,2026-01-24,,2026-07-29T17:36:28
14870896,2023-01-31,2025-07-27,,2026-07-29T17:36:28
14870904,2023-01-31,2025-08-12,,2026-07-29T17:36:29
14871358,2023-01-31,2026-02-28,,2026-07-29T17:36:30
14872028,2023-02-01,2023-07-30,,2026-07-29T17:36:32
14872515,2023-02-01,2026-01-20,,2026-07-29T17:36:32
14872646,2023-02-01,2026-04-25,,2026-07-29T17:36:32
14873335,2023-02-01,2024-02-14,,2026-07-29T17:36:32
14873455,2023-02-01,2023-04-21,,2026-07-29T17:36:34
14874658,2023-02-01,2025-12-08,,2026-07-29T17:36:35
14876292,2023-02-01,2026-08-01,,2026-08-03T05:04:34
14880918,2023-02-01,2024-10-29,,2026-07-29T17:36:35
14883917,2023-02-01,2026-08-09,,2026-08-11T04:10:33
14888385,2023-02-01,2024-02-12,,2026-07-29T17:36:36
14891673,2023-02-02,2026-06-25,,2026-07-29T17:36:38
14891915,2023-02-02,2026-08-16,,2026-08-17T04:15:18
14892150,2023-02-02,2023-02-19,,2026-07-29T17:36:38
14892200,2023-02-02,2025-06-17,,2026-07-29T17:36:39
14892561,2023-02-02,2023-02-15,,2026-07-29T17:36:39
14892694,2023-02-02,2023-09-13,,2026-07-29T17:36:40
14892874,2023-02-02,2024-08-02,,2026-07-29T17:36:40
14892975,2023-02-02,2023-02-06,,2026-07-29T17:36:40
14893673,2023-02-02,2025-06-17,,2026-07-29T17:36:41
14893811,2023-02-02,2023-05-04,,2026-08-18T02:25:36
14893829,2023-02-02,2023-02-02,,2026-07-29T17:36:43
14894230,2023-02-02,2023-05-03,,2026-07-29T17:36:43
14894278,2023-02-02,2025-02-02,,2026-07-29T17:36:43
14895143,2023-02-02,2023-02-25,,2026-07-29T17:36:43
14895672,2023-02-02,2023-02-05,,2026-07-29T17:36:43
14896213,2023-02-02,2023-02-02,,2026-07-29T17:36:44
14896348,2023-02-02,2023-03-05,,2026-07-29T17:36:44
14900816,2023-02-02,2023-07-24,,2026-07-29T17:36:45
14901624,2023-02-02,2023-02-26,,2026-07-29T17:36:45
14901630,2023-02-02,2023-08-04,,2026-07-29T17:36:45
14902853,2023-02-02,2023-08-16,,2026-07-29T17:36:46
14903860,2023-02-02,2023-03-10,,2026-07-29T17:36:46
14904663,2023-02-02,2025-11-02,,2026-07-29T17:36:46
14904757,2023-02-02,2023-04-22,,2026-07-29T17:36:47
14906647,2023-02-02,2023-04-08,,2026-07-29T17:36:47
14907549,2023-02-02,2023-02-03,,2026-07-29T17:36:47
14907728,2023-02-02,2023-07-02,,2026-07-29T17:36:48
14907830,2023-02-02,2025-05-19,,2026-07-29T17:36:49
14907831,2023-02-02,2023-11-20,,2026-07-29T17:36:49
14908194,2023-02-02,2023-02-27,,2026-07-29T17:36:49
14908569,2023-02-02,2023-09-21,,2026-07-29T17:36:50
14908690,2023-02-02,2023-02-02,,2026-07-29T17:36:50
14908716,2023-02-02,2023-04-22,,2026-07-29T17:36:52
14909546,2023-02-02,2023-08-21,,2026-07-29T17:36:52
14909556,2023-02-02,2026-08-04,,2026-08-06T04:17:50
14909569,2023-02-02,2023-02-28,,2026-07-29T17:36:53
14910412,2023-02-03,2024-01-18,,2026-07-29T17:36:53
14910658,2023-02-03,2026-02-27,,2026-07-29T17:36:53
14910807,2023-02-03,2024-08-06,,2026-07-29T17:36:53
14910981,2023-02-03,2025-06-14,,2026-07-29T17:36:54
14911274,2023-02-03,2023-04-27,,2026-07-29T17:36:54
14911343,2023-02-03,2023-12-14,,2026-07-29T17:36:54
14911972,2023-02-03,2023-02-04,,2026-07-29T17:36:54
14911995,2023-02-03,2025-05-05,,2026-07-29T17:36:55
14912873,2023-02-03,2023-06-09,,2026-07-29T17:36:55
14912906,2023-02-03,2023-03-12,,2026-07-29T17:36:56
14912979,2023-02-03,2025-10-21,,2026-07-29T17:36:56
14913020,2023-02-03,2023-02-28,,2026-07-29T17:36:56
14913814,2023-02-03,2026-03-13,,2026-07-29T17:36:56
14914661,2023-02-03,2026-08-09,,2026-08-11T06:01:47
14914754,2023-02-03,2024-09-05,,2026-07-29T17:36:57
14915599,2023-02-03,2023-05-03,,2026-07-29T17:36:57
14916002,2023-02-03,2023-07-11,,2026-07-29T17:36:57
14917597,2023-02-03,2026-06-18,,2026-07-29T17:36:57
14918739,2023-02-03,2023-02-08,,2026-07-29T17:36:58
14920729,2023-02-03,2025-09-08,,2026-07-29T17:36:58
14921186,2023-02-03,2023-05-18,,2026-07-29T17:36:58
14921407,2023-02-03,2024-08-05,,2026-07-29T17:36:58
14923524,2023-02-03,2023-05-30,,2026-07-29T17:36:58
14923950,2023-02-03,2023-02-12,,2026-07-29T17:36:59
14923952,2023-02-03,2025-12-27,,2026-07-29T17:36:59
14925004,2023-02-03,2023-02-03,,2026-07-29T17:36:59
14926075,2023-02-03,2023-02-15,,2026-07-29T17:36:59
14926180,2023-02-03,2025-04-14,,2026-07-29T17:36:59
14926853,2023-02-03,2023-03-14,,2026-07-29T17:37:00
14926933,2023-02-03,2023-02-14,,2026-07-29T17:37:00
14927056,2023-02-03,2023-10-04,,2026-07-29T17:37:00
14927826,2023-02-03,2023-02-14,,2026-07-29T17:37:01
14927875,2023-02-03,2023-09-22,,2026-07-29T17:37:01
14928843,2023-02-03,2026-07-19,,2026-07-29T17:37:01
14929000,2023-02-04,2024-07-06,,2026-07-29T17:37:02
14929624,2023-02-04,2024-03-07,,2026-07-29T17:37:03
14929941,2023-02-04,2024-01-28,,2026-07-29T17:37:03
14929944,2023-02-04,2023-02-22,,2026-07-29T17:37:03
14930257,2023-02-04,2023-02-04,,2026-07-29T17:37:04
14930542,2023-02-04,2023-07-19,,2026-07-29T17:37:04
14930669,2023-02-04,2023-02-19,,2026-07-29T17:37:05
14930690,2023-02-04,2023-05-02,,2026-07-29T17:37:06
14930705,2023-02-04,2024-06-29,,2026-07-29T17:37:06
14930770,2023-02-04,2023-02-04,,2026-07-29T17:37:06
14931112,2023-02-04,2023-02-05,,2026-07-29T17:37:07
14931193,2023-02-04,2023-03-09,,2026-07-29T17:37:08
14931486,2023-02-04,2026-08-18,,2026-08-20T04:02:53
14931593,2023-02-04,2023-11-30,,2026-07-29T17:37:10
14931889,2023-02-04,2026-06-18,,2026-07-29T17:37:12
14931901,2023-02-04,2025-12-20,,2026-07-29T17:37:12
14933399,2023-02-04,2026-07-01,,2026-07-29T17:37:14
14933633,2023-02-04,2023-02-22,,2026-07-29T17:37:13
14934365,2023-02-04,2026-08-04,,2026-08-05T08:00:13
14935213,2023-02-04,2023-03-19,,2026-07-29T17:37:16
14936708,2023-02-04,2023-02-06,,2026-07-29T17:37:17
14937725,2023-02-04,2023-05-07,,2026-07-29T17:37:17
14937863,2023-02-04,2025-12-18,,2026-07-29T17:37:19
14938182,2023-02-04,2024-11-22,,2026-07-29T17:37:19
14938293,2023-02-04,2024-09-23,,2026-07-29T17:37:21
14938584,2023-02-04,2025-07-04,,2026-07-29T17:37:21
14938621,2023-02-04,2025-04-03,,2026-07-29T17:37:21
14938866,2023-02-04,2023-05-18,,2026-07-29T17:37:21
14939380,2023-02-04,2023-04-21,,2026-07-29T17:37:22
14939516,2023-02-04,2023-02-24,,2026-07-29T17:37:24
14940625,2023-02-04,2023-02-05,,2026-07-29T17:37:24
14940711,2023-02-04,2026-03-07,,2026-07-29T17:37:24
14940716,2023-02-04,2023-02-04,,2026-07-29T17:37:26
14940966,2023-02-04,2026-06-29,,2026-07-29T17:37:26
14941323,2023-02-04,2024-05-10,,2026-07-29T17:37:26
14941453,2023-02-04,2023-09-02,,2026-07-29T17:37:28
14941488,2023-02-04,2023-08-17,,2026-07-29T17:37:28
14941646,2023-02-04,2024-02-01,,2026-07-29T17:37:28
14942050,2023-02-05,2024-08-18,,2026-07-29T17:37:30
14942053,2023-02-05,2023-02-20,,2026-07-29T17:37:30
14942171,2023-02-05,2023-03-08,,2026-07-29T17:37:30
14942323,2023-02-05,2023-08-11,,2026-07-29T17:37:30
14942354,2023-02-05,2024-04-07,,2026-07-29T17:37:32
14942517,2023-02-05,2023-02-05,,2026-07-29T17:37:32
14942617,2023-02-05,2026-08-12,,2026-08-14T07:17:38
14942684,2023-02-05,2023-02-13,,2026-07-29T17:37:35
14942746,2023-02-05,2024-02-16,,2026-07-29T17:37:35
14942833,2023-02-05,2023-07-31,,2026-07-29T17:37:37
14942873,2023-02-05,2026-08-23,,2026-08-25T05:00:34
14942891,2023-02-05,2025-05-18,,2026-07-29T17:37:41
14942933,2023-02-05,2026-05-21,,2026-07-29T17:37:41
14943227,2023-02-05,2024-03-03,,2026-07-29T17:37:42
14943301,2023-02-05,2024-05-31,,2026-07-29T17:37:42
14943313,2023-02-05,2026-06-17,,2026-07-29T17:37:43
14943414,2023-02-05,2025-01-24,,2026-07-29T17:37:43
14943422,2023-02-05,2026-02-21,,2026-07-29T17:37:43
14943464,2023-02-05,2025-06-29,,2026-07-29T17:37:44
14943563,2023-02-05,2024-07-31,,2026-07-29T17:37:44
14943568,2023-02-05,2026-06-28,,2026-07-29T17:37:44
14943574,2023-02-05,2024-01-10,,2026-07-29T17:37:45
14943591,2023-02-05,2023-08-26,,2026-07-29T17:37:45
14943613,2023-02-05,2025-03-26,,2026-07-29T17:37:46
14943795,2023-02-05,2023-02-05,,2026-07-29T17:37:46
14943881,2023-02-05,2026-07-09,,2026-07-29T17:37:46
14944028,2023-02-05,2023-06-01,,2026-07-29T17:37:47
14944041,2023-02-05,2023-04-25,,2026-07-29T17:37:48
14944977,2023-02-05,2023-10-16,,2026-07-29T17:37:48
14945507,2023-02-05,2023-09-20,,2026-07-29T17:37:48
14945767,2023-02-05,2025-11-04,,2026-07-29T17:37:49
14946099,2023-02-05,2025-11-19,,2026-07-29T17:37:49
14948672,2023-02-05,2024-11-18,,2026-07-29T17:37:49
14948742,2023-02-05,2023-03-30,,2026-07-29T17:37:49
14949104,2023-02-05,2023-03-16,,2026-07-29T17:37:50
14950376,2023-02-05,2023-04-04,,2026-07-29T17:37:50
14955791,2023-02-06,2026-07-13,,2026-07-29T17:37:50
14957106,2023-02-06,2023-04-26,,2026-07-29T17:37:50
14965711,2023-02-06,2023-05-20,,2026-07-29T17:37:51
14966147,2023-02-06,2023-02-07,,2026-07-29T17:37:51
14966216,2023-02-06,2024-11-08,,2026-07-29T17:37:51
14966401,2023-02-06,2026-06-22,,2026-07-29T17:37:52
14966998,2023-02-06,2026-02-11,,2026-07-29T17:37:52
14967183,2023-02-06,2023-09-16,,2026-07-29T17:37:52
14967607,2023-02-06,2024-04-13,,2026-07-29T17:37:53
14970543,2023-02-07,2023-02-14,,2026-07-29T17:37:53
14971782,2023-02-07,2026-08-15,,2026-08-16T07:17:03
14982521,2023-02-07,2023-04-04,,2026-07-29T17:37:54
14982835,2023-02-07,2023-03-08,,2026-07-29T17:37:54
14983917,2023-02-07,2023-05-30,,2026-07-29T17:37:54
14985173,2023-02-07,2023-04-19,,2026-07-29T17:37:54
14985195,2023-02-07,2025-06-13,,2026-07-29T17:37:55
14986386,2023-02-07,2025-09-03,,2026-07-29T17:37:56
14987520,2023-02-07,2023-11-17,,2026-07-29T17:37:58
14988650,2023-02-08,2023-02-08,,2026-07-29T17:37:58
14990500,2023-02-08,2023-02-09,,2026-07-29T17:37:59
14991458,2023-02-08,2023-02-23,,2026-07-29T17:37:59
14992609,2023-02-08,2026-04-09,,2026-07-29T17:37:59
14992754,2023-02-08,2025-12-12,,2026-07-29T17:38:00
14999789,2023-02-08,2024-12-23,,2026-07-29T17:38:00
15001078,2023-02-08,2023-04-13,,2026-07-29T17:38:00
15001433,2023-02-08,2023-02-18,,2026-07-29T17:38:01
15002385,2023-02-08,2023-03-02,,2026-07-29T17:38:01
15005222,2023-02-08,2023-04-07,,2026-07-29T17:38:01
15005301,2023-02-08,2024-12-27,,2026-07-29T17:38:01
15008261,2023-02-09,2024-01-31,,2026-07-29T17:38:02
15010046,2023-02-09,2024-01-29,,2026-07-29T17:38:02
15017822,2023-02-09,2023-02-12,,2026-07-29T17:38:02
15018437,2023-02-09,2023-04-06,,2026-07-29T17:38:02
15019964,2023-02-09,2023-10-17,,2026-07-29T17:38:03
15020488,2023-02-09,2026-08-24,,2026-08-24T15:03:59
15021510,2023-02-09,2023-04-24,,2026-07-29T17:38:03
15022230,2023-02-09,2024-02-04,,2026-07-29T17:38:04
15022496,2023-02-09,2023-04-07,,2026-07-29T17:38:04
15024059,2023-02-09,2026-05-22,,2026-07-29T17:38:05
15024579,2023-02-10,2023-03-19,,2026-07-29T17:38:05
15024929,2023-02-10,2023-02-10,,2026-07-29T17:38:05
15025577,2023-02-10,2023-07-19,,2026-07-29T17:38:07
15025982,2023-02-10,2026-04-16,,2026-07-29T17:38:08
15027492,2023-02-10,2023-09-22,,2026-07-29T17:38:10
15031799,2023-02-10,2024-04-29,,2026-07-29T17:38:11
15034788,2023-02-10,2024-02-21,,2026-07-29T17:38:17
15034875,2023-02-10,2023-02-21,,2026-07-29T17:38:18
15037561,2023-02-10,2024-01-13,,2026-07-29T17:38:18
15039042,2023-02-10,2023-04-07,,2026-07-29T17:38:19
15039455,2023-02-10,2023-07-03,,2026-07-29T17:38:19
15039552,2023-02-10,2023-06-16,,2026-07-29T17:38:20
15040581,2023-02-11,2023-05-05,,2026-07-29T17:38:21
15041521,2023-02-11,2024-02-17,,2026-07-29T17:38:21
15041620,2023-02-11,2023-03-28,,2026-07-29T17:38:22
15041805,2023-02-11,2024-01-19,,2026-07-29T17:38:22
15041832,2023-02-11,2023-02-18,,2026-07-29T17:38:23
15047756,2023-02-11,2024-04-01,,2026-07-29T17:38:23
15047991,2023-02-11,2023-03-16,,2026-07-29T17:38:23
15049731,2023-02-11,2023-02-14,,2026-07-29T17:38:24
15049863,2023-02-11,2023-02-23,,2026-07-29T17:38:24
15050565,2023-02-11,2023-04-22,,2026-07-29T17:38:25
15050678,2023-02-11,2026-07-20,,2026-07-29T17:38:26
15050938,2023-02-12,2023-03-20,,2026-07-29T17:38:26
15051172,2023-02-12,2024-03-19,,2026-07-29T17:38:26
15051872,2023-02-12,2023-08-12,,2026-07-29T17:38:26
15057101,2023-02-12,2023-06-17,,2026-07-29T17:38:27
15059656,2023-02-12,2023-06-21,,2026-07-29T17:38:27
15059689,2023-02-12,2023-02-24,,2026-07-29T17:38:27
15060746,2023-02-12,2026-08-21,,2026-08-22T07:06:25
15061363,2023-02-13,2023-06-21,,2026-07-29T17:38:35
15061753,2023-02-13,2026-03-30,,2026-07-29T17:38:35
15062434,2023-02-13,2026-08-21,,2026-08-23T04:19:12
15064633,2023-02-13,2023-02-16,,2026-07-29T17:38:36
15067737,2023-02-13,2023-05-17,,2026-07-29T17:38:37
15067871,2023-02-13,2023-08-01,,2026-07-29T17:38:37
15069141,2023-02-13,2025-01-28,,2026-07-29T17:38:37
15070770,2023-02-13,2023-10-02,,2026-07-29T17:38:38
15071190,2023-02-13,2025-12-23,,2026-07-29T17:38:38
15071509,2023-02-13,2023-04-17,,2026-07-29T17:38:39
15074779,2023-02-13,2023-03-04,,2026-07-29T17:38:40
15075436,2023-02-13,2024-03-13,,2026-07-29T17:38:40
15075484,2023-02-13,2025-08-29,,2026-07-29T17:38:41
15076915,2023-02-13,2023-08-26,,2026-07-29T17:38:44
15076981,2023-02-13,2023-03-04,,2026-07-29T17:38:44
15077611,2023-02-13,2023-06-30,,2026-07-29T17:38:46
15077626,2023-02-13,2023-05-12,,2026-07-29T17:38:46
15079005,2023-02-14,2026-01-06,,2026-07-29T17:38:47
15080109,2023-02-14,2023-07-07,,2026-07-29T17:38:48
15081573,2023-02-14,2024-01-14,,2026-07-29T17:38:48
15082416,2023-02-14,2026-02-09,,2026-07-29T17:38:49
15086273,2023-02-14,2025-02-13,,2026-07-29T17:38:50
15087302,2023-02-14,2025-12-04,,2026-07-29T17:38:50
15088188,2023-02-14,2023-04-21,,2026-07-29T17:38:50
15088346,2023-02-14,2024-11-02,,2026-07-29T17:38:52
15091659,2023-02-14,2023-02-21,,2026-07-29T17:38:52
15092388,2023-02-14,2024-06-04,,2026-07-29T17:38:53
15092780,2023-02-14,2023-04-08,,2026-07-29T17:38:54
15093196,2023-02-14,2023-10-23,,2026-07-29T17:38:54
15095358,2023-02-14,2023-02-16,,2026-07-29T17:38:55
15095452,2023-02-14,2026-05-01,,2026-07-29T17:38:55
15095839,2023-02-14,2024-03-22,,2026-07-29T17:38:56
15096975,2023-02-15,2026-07-01,,2026-07-29T17:38:56
15097656,2023-02-15,2024-01-16,,2026-07-29T17:38:57
15097905,2023-02-15,2023-06-20,,2026-07-29T17:38:58
15098775,2023-02-15,2025-01-18,,2026-07-29T17:38:58
15108555,2023-02-15,2023-02-24,,2026-07-29T17:39:00
15108986,2023-02-15,2023-03-11,,2026-07-29T17:39:00
15111425,2023-02-15,2023-08-19,,2026-07-29T17:38:59
15113156,2023-02-15,2026-04-22,,2026-07-29T17:39:01
15115385,2023-02-16,2023-05-08,,2026-07-29T17:39:00
15116712,2023-02-16,2023-02-17,,2026-07-29T17:39:01
15116762,2023-02-16,2026-07-15,,2026-07-29T17:39:01
15117710,2023-02-16,2024-03-28,,2026-07-29T17:39:01
15118676,2023-02-16,2023-07-14,,2026-07-29T17:39:01
15125566,2023-02-16,2023-05-03,,2026-07-29T17:39:02
15125841,2023-02-16,2026-08-25,,2026-08-25T05:37:54
15130301,2023-02-16,2023-03-15,,2026-07-29T17:39:05
15131328,2023-02-16,2023-08-17,,2026-07-29T17:39:06
15131609,2023-02-16,2023-02-26,,2026-07-29T17:39:06
15132351,2023-02-16,2023-03-14,,2026-07-29T17:39:07
15132531,2023-02-16,2025-09-28,,2026-07-29T17:39:07
15132753,2023-02-16,2023-03-10,,2026-07-29T17:39:08
15133155,2023-02-16,2023-02-25,,2026-07-29T17:39:08
15133409,2023-02-16,2026-08-25,,2026-08-25T03:26:08
15134379,2023-02-17,2025-03-24,,2026-07-29T17:39:10
15135016,2023-02-17,2023-02-17,,2026-07-29T17:39:10
15135028,2023-02-17,2023-02-17,,2026-07-29T17:39:11
15135652,2023-02-17,2024-07-05,,2026-07-29T17:39:12
15144296,2023-02-17,2023-02-17,,2026-07-29T17:39:12
15146247,2023-02-17,2023-03-28,,2026-07-29T17:39:13
15146400,2023-02-17,2023-03-03,,2026-07-29T17:39:14
15156874,2023-02-18,2023-02-20,,2026-07-29T17:39:15
15156897,2023-02-18,2023-02-18,,2026-07-29T17:39:15
15156976,2023-02-18,2025-11-03,,2026-07-29T17:39:16
15157086,2023-02-18,2023-03-12,,2026-07-29T17:39:17
15158082,2023-02-18,2026-02-27,,2026-07-29T17:39:18
15158313,2023-02-18,2023-04-25,,2026-07-29T17:39:19
15158465,2023-02-18,2023-04-03,,2026-07-29T17:39:19
15158946,2023-02-18,2023-02-18,,2026-07-29T17:39:20
15160042,2023-02-18,2023-06-20,,2026-07-29T17:39:21
15160149,2023-02-18,2023-02-25,,2026-07-29T17:39:21
15161392,2023-02-18,2025-06-02,,2026-07-29T17:39:21
15161513,2023-02-19,2024-04-29,,2026-07-29T17:39:22
15164038,2023-02-19,2024-02-15,,2026-07-29T17:39:22
15166562,2023-02-19,2023-03-05,,2026-07-29T17:39:46
15168199,2023-02-19,2023-06-08,,2026-07-29T17:39:46
15169108,2023-02-19,2026-05-05,,2026-07-29T17:39:46
15169600,2023-02-19,2023-03-24,,2026-07-29T17:39:46
15172682,2023-02-20,2024-03-18,,2026-07-29T17:39:46
15172983,2023-02-20,2025-09-02,,2026-07-29T17:39:48
15174507,2023-02-20,2023-05-16,,2026-07-29T17:39:47
15174544,2023-02-20,2023-02-20,,2026-07-29T17:39:48
15175458,2023-02-20,2023-02-20,,2026-07-29T17:39:47
15182463,2023-02-20,2023-12-12,,2026-07-29T17:39:48
15184207,2023-02-20,2026-08-08,,2026-08-10T05:01:46
15185189,2023-02-20,2024-02-26,,2026-07-29T17:39:49
15185517,2023-02-20,2024-03-17,,2026-07-29T17:39:48
15185812,2023-02-20,2023-03-21,,2026-07-29T17:39:49
15186697,2023-02-20,2023-03-08,,2026-07-29T17:39:49
15187645,2023-02-20,2023-08-16,,2026-07-29T17:39:49
15187799,2023-02-20,2023-04-05,,2026-07-29T17:39:49
15188811,2023-02-20,2023-07-13,,2026-07-29T17:39:50
15188989,2023-02-20,2025-08-02,,2026-07-29T17:39:49
15190760,2023-02-21,2024-03-03,,2026-07-29T17:39:50
15190950,2023-02-21,2025-11-22,,2026-07-29T17:39:50
15190994,2023-02-21,2023-02-21,,2026-07-29T17:39:51
15196838,2023-02-21,2023-08-14,,2026-07-29T17:39:50
15199905,2023-02-21,2023-03-28,,2026-07-29T17:39:52
15202137,2023-02-21,2023-02-21,,2026-07-29T17:39:51
15203115,2023-02-21,2023-09-25,,2026-07-29T17:39:51
15204343,2023-02-21,2023-05-31,,2026-07-29T17:39:51
15204821,2023-02-21,2023-03-21,,2026-07-29T17:39:51
15205211,2023-02-21,2023-02-22,,2026-07-29T17:39:51
15206439,2023-02-21,2023-03-01,,2026-07-29T17:39:51
15208501,2023-02-22,2023-02-22,,2026-07-29T17:39:52
15208761,2023-02-22,2025-03-22,,2026-07-29T17:39:52
15209462,2023-02-22,2025-08-20,,2026-07-29T17:39:52
15209965,2023-02-22,2023-07-04,,2026-07-29T17:39:52
15210249,2023-02-22,2023-12-07,,2026-07-29T17:39:52
15220095,2023-02-22,2023-05-17,,2026-07-29T17:39:53
15220167,2023-02-22,2023-02-25,,2026-07-29T17:39:53
15221078,2023-02-22,2023-02-22,,2026-07-29T17:39:53
15221437,2023-02-22,2024-02-02,,2026-07-29T17:39:53
15222360,2023-02-22,2023-03-26,,2026-07-29T17:39:53
15223354,2023-02-22,2023-03-02,,2026-07-29T17:39:54
15223650,2023-02-22,2025-04-14,,2026-07-29T17:39:54
15223847,2023-02-22,2025-04-22,,2026-07-29T17:39:54
15223856,2023-02-22,2023-02-28,,2026-07-29T17:39:54
15224177,2023-02-22,2024-02-10,,2026-07-29T17:39:54
15224431,2023-02-22,2025-02-21,,2026-07-29T17:39:55
15224444,2023-02-22,2023-02-28,,2026-07-29T17:39:55
15225244,2023-02-22,2023-12-25,,2026-07-29T17:39:55
15228287,2023-02-23,2023-09-09,,2026-07-29T17:39:57
15228630,2023-02-23,2023-10-04,,2026-07-29T17:39:57
15228658,2023-02-23,2025-12-03,,2026-07-29T17:39:56
15229532,2023-02-23,2024-01-18,,2026-07-29T17:39:56
15229902,2023-02-23,2023-02-23,,2026-07-29T17:39:56
15230172,2023-02-23,2026-02-21,,2026-07-29T17:39:57
15238246,2023-02-23,2023-07-28,,2026-07-29T17:39:56
15240352,2023-02-23,2026-08-20,,2026-08-22T05:09:23
15240443,2023-02-23,2024-09-19,,2026-07-29T17:39:57
15240498,2023-02-23,2023-09-20,,2026-07-29T17:39:57
15241755,2023-02-23,2023-03-10,,2026-07-29T17:39:57
15242362,2023-02-23,2023-12-10,,2026-07-29T17:39:58
15242667,2023-02-23,2026-05-07,,2026-07-29T17:39:57
15242827,2023-02-23,2023-10-25,,2026-07-29T17:39:58
15243419,2023-02-23,2023-06-04,,2026-07-29T17:39:58
15243435,2023-02-23,2024-05-24,,2026-07-29T17:39:58
15243483,2023-02-23,2023-05-17,,2026-07-29T17:39:59
15243688,2023-02-23,2023-09-11,,2026-07-29T17:39:59
15244197,2023-02-23,2026-05-29,,2026-07-29T17:39:59
15244392,2023-02-23,2023-02-24,,2026-07-29T17:39:59
15244398,2023-02-23,2026-08-13,,2026-08-15T04:15:21
15244909,2023-02-24,2023-04-20,,2026-07-29T17:40:00
15245586,2023-02-24,2024-01-04,,2026-07-29T17:40:00
15245600,2023-02-24,2023-02-24,,2026-07-29T17:40:03
15245823,2023-02-24,2024-05-11,,2026-07-29T17:40:03
15250050,2023-02-24,2023-06-02,,2026-07-29T17:40:04
15250350,2023-02-24,2023-03-08,,2026-07-29T17:40:03
15253114,2023-02-24,2023-08-23,,2026-07-29T17:40:03
15256618,2023-02-24,2025-12-04,,2026-07-29T17:40:03
15258766,2023-02-24,2023-07-06,,2026-07-29T17:40:04
15258893,2023-02-24,2026-02-01,,2026-07-29T17:40:04
15259279,2023-02-24,2024-10-31,,2026-07-29T17:40:04
15259666,2023-02-24,2026-06-20,,2026-07-29T17:40:04
15259744,2023-02-24,2023-05-08,,2026-07-29T17:40:06
15260077,2023-02-24,2024-02-25,,2026-07-29T17:40:05
15261111,2023-02-24,2023-02-24,,2026-07-29T17:40:05
15261169,2023-02-24,2023-03-03,,2026-07-29T17:40:05
15261182,2023-02-24,2023-04-30,,2026-07-29T17:40:05
15261330,2023-02-24,2026-02-01,,2026-07-29T17:40:06
15261516,2023-02-24,2023-03-09,,2026-07-29T17:40:06
15261522,2023-02-24,2024-04-27,,2026-07-29T17:40:06
15261655,2023-02-24,2023-04-30,,2026-07-29T17:40:06
15262740,2023-02-25,2025-02-26,,2026-07-29T17:40:06
15263916,2023-02-25,2023-02-28,,2026-07-29T17:40:07
15264144,2023-02-25,2024-06-11,,2026-07-29T17:40:07
15266475,2023-02-25,2023-04-14,,2026-07-29T17:40:07
15266838,2023-02-25,2023-03-09,,2026-07-29T17:40:08
15268214,2023-02-25,2024-01-21,,2026-07-29T17:40:08
15268712,2023-02-25,2026-08-19,,2026-08-21T04:11:31
15268807,2023-02-25,2024-02-21,,2026-07-29T17:40:08
15269193,2023-02-25,2023-03-10,,2026-07-29T17:40:08
15269963,2023-02-25,2026-07-04,,2026-07-29T17:40:09
15272230,2023-02-25,2023-03-08,,2026-07-29T17:40:36
15272873,2023-02-25,2026-02-23,,2026-07-29T17:40:36
15273096,2023-02-25,2023-07-26,,2026-07-29T17:40:36
15273348,2023-02-25,2023-08-09,,2026-07-29T17:40:36
15273527,2023-02-25,2023-04-24,,2026-07-29T17:40:36
15275011,2023-02-26,2023-02-26,,2026-07-29T17:40:37
15275507,2023-02-26,2023-04-07,,2026-07-29T17:40:37
15276941,2023-02-26,2023-03-01,,2026-07-29T17:40:38
15277554,2023-02-26,2026-03-02,,2026-07-29T17:40:38
15278008,2023-02-26,2023-02-27,,2026-07-29T17:40:38
15280241,2023-02-26,2023-08-20,,2026-07-29T17:40:38
15281109,2023-02-26,2026-07-21,,2026-07-29T17:40:39
15283252,2023-02-26,2023-03-18,,2026-07-29T17:40:39
15285596,2023-02-26,2023-03-15,,2026-07-29T17:40:39
15286549,2023-02-26,2023-09-27,,2026-07-29T17:40:39
15287214,2023-02-26,2023-03-30,,2026-07-29T17:40:39
15287404,2023-02-26,2023-07-03,,2026-07-29T17:40:40
15287684,2023-02-27,2023-04-12,,2026-07-29T17:40:40
15289416,2023-02-27,2023-04-27,,2026-07-29T17:40:40
15298711,2023-02-27,2023-08-12,,2026-07-29T17:40:40
15298734,2023-02-27,2023-02-27,,2026-07-29T17:40:40
15300627,2023-02-27,2023-04-11,,2026-07-29T17:40:42
15301081,2023-02-27,2024-04-14,,2026-07-29T17:40:41
15301250,2023-02-27,2025-11-24,,2026-07-29T17:40:41
15302927,2023-02-27,2023-05-24,,2026-07-29T17:40:42
15303305,2023-02-27,2023-10-04,,2026-07-29T17:40:42
15304127,2023-02-27,2023-03-05,,2026-07-29T17:40:41
15305432,2023-02-27,2026-08-23,,2026-08-25T04:02:15
15306669,2023-02-27,2023-02-27,,2026-07-29T17:40:42
15307861,2023-02-27,2023-05-03,,2026-07-29T17:40:42
15308376,2023-02-27,2023-05-05,,2026-07-29T17:40:42
15309968,2023-02-28,2023-09-28,,2026-07-29T17:40:42
15310087,2023-02-28,2023-04-28,,2026-07-29T17:40:43
15310777,2023-02-28,2026-08-10,,2026-08-12T04:11:04
15311007,2023-02-28,2023-12-12,,2026-07-29T17:40:43
15311042,2023-02-28,2023-02-28,,2026-07-29T17:40:43
15311524,2023-02-28,2023-05-15,,2026-07-29T17:40:44
15312621,2023-02-28,2023-07-11,,2026-07-29T17:40:44
15313989,2023-02-28,2026-01-30,,2026-07-29T17:40:44
15321160,2023-02-28,2023-12-21,,2026-07-29T17:40:44
15322153,2023-02-28,2023-04-11,,2026-07-29T17:40:45
15323847,2023-02-28,2025-04-07,,2026-07-29T17:40:46
15323950,2023-02-28,2023-03-06,,2026-07-29T17:40:45
15324392,2023-02-28,2023-03-24,,2026-07-29T17:40:45
15326220,2023-02-28,2023-07-27,,2026-07-29T17:40:45
15326813,2023-02-28,2025-05-05,,2026-07-29T17:40:46
15327163,2023-02-28,2026-07-01,,2026-07-29T17:40:46
15327708,2023-02-28,2024-03-02,,2026-07-29T17:40:46
15328399,2023-02-28,2024-02-14,,2026-07-29T17:40:46
15328545,2023-02-28,2025-06-23,,2026-07-29T17:40:46
15328781,2023-02-28,2023-05-06,,2026-07-29T17:40:46
15328907,2023-02-28,2023-05-18,,2026-07-29T17:40:47
15329276,2023-02-28,2025-10-21,,2026-07-29T17:40:47
15330236,2023-02-28,2023-08-17,,2026-07-29T17:40:47
15330339,2023-02-28,2023-03-03,,2026-07-29T17:40:47
15331616,2023-03-01,2024-08-08,,2026-07-29T17:40:47
15332033,2023-03-01,2026-08-21,,2026-08-23T05:11:37
15332528,2023-03-01,2023-05-01,,2026-07-29T17:40:48
15332575,2023-03-01,2026-03-01,,2026-07-29T17:40:48
15333733,2023-03-01,2023-06-16,,2026-07-29T17:40:48
15334785,2023-03-01,2023-03-10,,2026-07-29T17:40:49
15336832,2023-03-01,2023-03-01,,2026-07-29T17:40:49
15340137,2023-03-01,2025-08-21,,2026-07-29T17:40:50
15341036,2023-03-01,2023-07-13,,2026-07-29T17:40:50
15343380,2023-03-01,2026-08-17,,2026-08-21T08:30:58
15344037,2023-03-01,2026-05-04,,2026-07-29T17:40:50
15345599,2023-03-01,2023-06-05,,2026-07-29T17:40:50
15345975,2023-03-01,2023-09-22,,2026-07-29T17:40:51
15346063,2023-03-01,2023-08-31,,2026-07-29T17:40:50
15346939,2023-03-01,2023-07-26,,2026-07-29T17:40:51
15347150,2023-03-01,2023-03-09,,2026-07-29T17:40:51
15347673,2023-03-01,2023-08-12,,2026-07-29T17:40:51
15348127,2023-03-01,2023-03-01,,2026-07-29T17:40:51
15348222,2023-03-01,2023-03-14,,2026-07-29T17:40:52
15348721,2023-03-01,2024-09-12,,2026-07-29T17:40:52
15349036,2023-03-01,2026-02-27,,2026-07-29T17:40:52
15349398,2023-03-01,2023-04-27,,2026-07-29T17:40:52
15350343,2023-03-01,2025-12-25,,2026-07-29T17:40:52
15350357,2023-03-01,2026-05-04,,2026-07-29T17:40:53
15350898,2023-03-01,2023-06-02,,2026-07-29T17:40:53
15351327,2023-03-01,2023-04-05,,2026-07-29T17:40:53
15351552,2023-03-01,2023-03-08,,2026-07-29T17:40:53
15352162,2023-03-01,2024-12-14,,2026-07-29T17:40:54
15352419,2023-03-01,2023-08-05,,2026-07-29T17:40:54
15352742,2023-03-02,2023-08-24,,2026-07-29T17:40:54
15354110,2023-03-02,2023-03-14,,2026-07-29T17:40:54
15354961,2023-03-02,2023-04-12,,2026-07-29T17:40:54
15355135,2023-03-02,2023-07-01,,2026-07-29T17:40:54
15356259,2023-03-02,2023-09-16,,2026-07-29T17:40:55
15358186,2023-03-02,2023-03-04,,2026-07-29T17:40:55
15360763,2023-03-02,2023-03-03,,2026-07-29T17:40:55
15364149,2023-03-02,2023-03-18,,2026-07-29T17:40:55
15365132,2023-03-02,2023-03-17,,2026-07-29T17:40:55
15366495,2023-03-02,2023-03-02,,2026-07-29T17:40:55
15367187,2023-03-02,2023-09-22,,2026-07-29T17:40:56
15367773,2023-03-02,2023-03-02,,2026-07-29T17:40:56
15367823,2023-03-02,2023-04-11,,2026-07-29T17:40:57
15368641,2023-03-02,2023-04-18,,2026-07-29T17:40:56
15369102,2023-03-02,2023-10-27,,2026-07-29T17:40:59
15369173,2023-03-02,2023-05-02,,2026-07-29T17:40:57
15369825,2023-03-02,2023-08-04,,2026-07-29T17:40:59
15370125,2023-03-02,2024-12-24,,2026-07-29T17:40:57
15370176,2023-03-02,2025-09-20,,2026-07-29T17:40:58
15371471,2023-03-02,2025-06-14,,2026-07-29T17:41:01
15372032,2023-03-02,2026-08-09,,2026-08-10T04:06:21
15372426,2023-03-02,2024-08-02,,2026-07-29T17:40:58
15372674,2023-03-03,2026-05-23,,2026-07-29T17:40:58
15373258,2023-03-03,2023-04-27,,2026-07-29T17:41:00
15374847,2023-03-03,2023-11-08,,2026-07-29T17:40:59
15375161,2023-03-03,2023-04-12,,2026-07-29T17:40:59
15375657,2023-03-03,2025-07-15,,2026-07-29T17:40:59
15376022,2023-03-03,2024-05-12,,2026-07-29T17:40:59
15379494,2023-03-03,2024-04-12,,2026-07-29T17:41:01
15384248,2023-03-03,2023-05-11,,2026-07-29T17:41:00
15384580,2023-03-03,2025-02-27,,2026-07-29T17:41:00
15384643,2023-03-03,2024-09-09,,2026-07-29T17:41:00
15386030,2023-03-03,2023-05-14,,2026-07-29T17:41:00
15386095,2023-03-03,2023-03-14,,2026-07-29T17:41:00
15387562,2023-03-03,2023-05-16,,2026-07-29T17:41:01
15388046,2023-03-03,2023-06-14,,2026-07-29T17:41:01
15388149,2023-03-03,2024-10-15,,2026-07-29T17:41:02
15388225,2023-03-03,2026-08-20,,2026-08-21T07:17:04
15388237,2023-03-03,2023-07-05,,2026-07-29T17:41:03
15388451,2023-03-03,2023-06-06,,2026-07-29T17:41:02
15388846,2023-03-03,2026-04-13,,2026-07-29T17:41:04
15388940,2023-03-03,2023-11-09,,2026-07-29T17:41:02
15389041,2023-03-03,2026-07-01,,2026-08-21T10:01:57
15389101,2023-03-03,2023-07-21,,2026-07-29T17:41:03
15389425,2023-03-03,2023-06-09,,2026-07-29T17:41:03
15389545,2023-03-03,2023-04-13,,2026-07-29T17:41:03
15389884,2023-03-03,2023-04-01,,2026-07-29T17:41:04
15390818,2023-03-03,2023-03-03,,2026-07-29T17:41:04
15390972,2023-03-03,2023-08-17,,2026-07-29T17:41:04
15391010,2023-03-03,2024-12-01,,2026-07-29T17:41:05
15391105,2023-03-03,2023-03-16,,2026-07-29T17:41:05
15391174,2023-03-04,2024-04-17,,2026-07-29T17:41:06
15391305,2023-03-04,2023-08-23,,2026-07-29T17:41:05
15391357,2023-03-04,2026-08-25,,2026-08-25T03:50:41
15391377,2023-03-04,2023-03-22,,2026-07-29T17:41:06
15391616,2023-03-04,2023-07-19,,2026-07-29T17:41:06
15391715,2023-03-04,2024-03-15,,2026-07-29T17:41:06
15391908,2023-03-04,2023-03-04,,2026-07-29T17:41:07
15391946,2023-03-04,2026-03-16,,2026-07-29T17:41:06
15392711,2023-03-04,2024-02-25,,2026-07-29T17:41:07
15392946,2023-03-04,2023-03-15,,2026-07-29T17:41:07
15393008,2023-03-04,2024-07-16,,2026-07-29T17:41:07
15393138,2023-03-04,2025-09-27,,2026-07-29T17:41:08
15393431,2023-03-04,2024-03-07,,2026-07-29T17:41:08
15393777,2023-03-04,2023-11-01,,2026-08-16T10:03:31
15393798,2023-03-04,2023-06-02,,2026-07-29T17:41:09
15394731,2023-03-04,2026-02-09,,2026-07-29T17:41:10
15397103,2023-03-04,2024-05-04,,2026-07-29T17:41:10
15398320,2023-03-04,2024-03-11,,2026-07-29T17:41:11
15398445,2023-03-04,2023-04-09,,2026-07-29T17:41:11
15400743,2023-03-04,2026-02-20,,2026-07-29T17:41:11
15401252,2023-03-04,2023-11-27,,2026-07-29T17:41:11
15402120,2023-03-04,2024-09-01,,2026-07-29T17:41:12
15402651,2023-03-04,2025-02-28,,2026-07-29T17:41:14
15402725,2023-03-04,2023-03-05,,2026-07-29T17:41:15
15402740,2023-03-04,2023-08-15,,2026-07-29T17:41:16
15402778,2023-03-04,2023-05-22,,2026-07-29T17:41:16
15402832,2023-03-04,2026-02-23,,2026-07-29T17:41:17
15402896,2023-03-04,2023-12-31,,2026-07-29T17:41:18
15403656,2023-03-04,2023-03-11,,2026-07-29T17:41:17
15403662,2023-03-04,2024-07-01,,2026-07-29T17:41:17
15403864,2023-03-04,2026-03-06,,2026-07-29T17:41:18
15403903,2023-03-04,2023-06-25,,2026-07-29T17:41:18
15404041,2023-03-04,2025-03-21,,2026-07-29T17:41:18
15404209,2023-03-04,2023-03-04,,2026-07-29T17:41:18
15404317,2023-03-04,2023-06-04,,2026-07-29T17:41:19
15404336,2023-03-04,2023-08-20,,2026-07-29T17:41:19
15404337,2023-03-04,2026-08-24,,2026-08-24T20:25:38
15404431,2023-03-04,2023-04-07,,2026-07-29T17:41:20
15404550,2023-03-04,2026-07-09,,2026-07-29T17:41:24
15404674,2023-03-05,2026-04-24,,2026-07-29T17:41:20
15404828,2023-03-05,2025-09-22,,2026-07-29T17:41:21
15404847,2023-03-05,2024-11-26,,2026-07-29T17:41:23
15404849,2023-03-05,2023-03-11,,2026-07-29T17:41:21
15404917,2023-03-05,2024-08-25,,2026-07-29T17:41:21
15404923,2023-03-05,2023-03-07,,2026-07-29T17:41:21
15405075,2023-03-05,2025-04-22,,2026-07-29T17:41:21
15405165,2023-03-05,2023-10-23,,2026-07-29T17:41:21
15405268,2023-03-05,2026-08-24,,2026-08-24T14:31:50
15405400,2023-03-05,2024-12-31,,2026-07-29T17:41:22
15405451,2023-03-05,2023-04-01,,2026-07-29T17:41:22
15405841,2023-03-05,2023-03-05,,2026-07-29T17:41:22
15406012,2023-03-05,2023-08-25,,2026-07-29T17:41:23
15406040,2023-03-05,2023-12-03,,2026-07-29T17:41:23
15406046,2023-03-05,2023-03-08,,2026-07-29T17:41:23
15406106,2023-03-05,2024-09-07,,2026-07-29T17:41:23
15406289,2023-03-05,2023-09-05,,2026-07-29T17:41:23
15406325,2023-03-05,2025-04-06,,2026-07-29T17:41:24
15406398,2023-03-05,2023-10-23,,2026-07-29T17:41:24
15406453,2023-03-05,2024-01-10,,2026-07-29T17:41:24
15406487,2023-03-05,2026-07-27,,2026-07-29T17:41:24
15406525,2023-03-05,2023-04-05,,2026-07-29T17:41:24
15406872,2023-03-05,2023-11-04,,2026-07-29T17:41:24
15406906,2023-03-05,2026-05-11,,2026-07-29T17:41:25
15407566,2023-03-05,2023-03-05,,2026-07-29T17:41:25
15408534,2023-03-05,2023-04-06,,2026-07-29T17:41:25
15408559,2023-03-05,2023-09-13,,2026-07-29T17:41:25
15408723,2023-03-05,2023-03-12,,2026-07-29T17:41:25
15408855,2023-03-05,2025-01-16,,2026-07-29T17:41:25
15410054,2023-03-05,2026-02-12,,2026-07-29T17:41:25
15410579,2023-03-05,2023-03-15,,2026-07-29T17:41:26
15411694,2023-03-05,2023-03-05,,2026-07-29T17:41:26
15411771,2023-03-05,2026-08-18,,2026-08-20T04:10:55
15411861,2023-03-05,2024-11-09,,2026-08-20T10:02:18
15413977,2023-03-05,2023-03-08,,2026-07-29T17:41:27
15414041,2023-03-05,2023-10-31,,2026-07-29T17:41:27
15414454,2023-03-05,2023-04-03,,2026-07-29T17:41:27
15414735,2023-03-05,2026-06-14,,2026-07-29T17:41:28
15415368,2023-03-05,2023-04-02,,2026-07-29T17:41:27
15418264,2023-03-06,2025-09-18,,2026-07-29T17:41:28
15418490,2023-03-06,2024-12-22,,2026-07-29T17:41:28
15419075,2023-03-06,2023-05-19,,2026-08-23T08:01:32
15419091,2023-03-06,2023-09-24,,2026-07-29T17:41:28
15425958,2023-03-06,2023-08-24,,2026-07-29T17:41:28
15430067,2023-03-06,2023-07-14,,2026-07-29T17:41:28
15432185,2023-03-06,2023-08-07,,2026-07-29T17:41:28
15433017,2023-03-06,2026-01-20,,2026-07-29T17:41:29
15433639,2023-03-06,2023-03-08,,2026-07-29T17:41:29
15434456,2023-03-06,2023-04-09,,2026-07-29T17:41:29
15436308,2023-03-07,2026-08-04,,2026-08-06T04:10:19
15438105,2023-03-07,2023-08-19,,2026-07-29T17:41:30
15439163,2023-03-07,2023-03-14,,2026-07-29T17:41:30
15439183,2023-03-07,2026-03-14,,2026-07-29T17:41:30
15440597,2023-03-07,2023-03-19,,2026-07-29T17:41:30
15442385,2023-03-07,2023-06-19,,2026-07-29T17:41:31
15448302,2023-03-07,2023-06-12,,2026-07-29T17:41:31
15449830,2023-03-07,2026-07-08,,2026-07-29T17:41:31
15453684,2023-03-07,2023-03-19,,2026-07-29T17:41:31
15454945,2023-03-07,2023-06-05,,2026-07-29T17:41:31
15455161,2023-03-07,2023-05-01,,2026-07-29T17:41:32
15455175,2023-03-07,2023-04-06,,2026-07-29T17:41:31
15455619,2023-03-07,2023-05-06,,2026-07-29T17:41:32
15456850,2023-03-08,2023-12-29,,2026-07-29T17:41:32
15458333,2023-03-08,2023-09-17,,2026-07-29T17:41:32
15458805,2023-03-08,2023-07-14,,2026-07-29T17:41:32
15459510,2023-03-08,2023-09-29,,2026-07-29T17:41:33
15465941,2023-03-08,2023-03-22,,2026-07-29T17:41:33
15467223,2023-03-08,2023-05-01,,2026-07-29T17:41:33
15468041,2023-03-08,2023-03-09,,2026-07-29T17:41:33
15471388,2023-03-08,2023-04-12,,2026-07-29T17:41:33
15471616,2023-03-08,2023-06-02,,2026-07-29T17:41:34
15473082,2023-03-08,2023-03-10,,2026-07-29T17:41:34
15473161,2023-03-08,2024-05-01,,2026-07-29T17:41:35
15474575,2023-03-09,2023-04-07,,2026-07-29T17:41:35
15475953,2023-03-09,2024-04-11,,2026-07-29T17:41:35
15477488,2023-03-09,2024-07-09,,2026-07-29T17:41:35
15478465,2023-03-09,2025-10-15,,2026-07-29T17:41:35
15484604,2023-03-09,2023-08-06,,2026-07-29T17:41:35
15488020,2023-03-09,2023-09-15,,2026-07-29T17:41:35
15491075,2023-03-09,2026-01-02,,2026-07-29T17:41:36
15492029,2023-03-09,2023-07-20,,2026-07-29T17:41:36
15492532,2023-03-09,2023-03-21,,2026-07-29T17:41:36
15495455,2023-03-10,2023-03-19,,2026-07-29T17:41:36
15495530,2023-03-10,2023-05-17,,2026-07-29T17:41:36
15495563,2023-03-10,2023-03-20,,2026-07-29T17:41:37
15496416,2023-03-10,2023-09-11,,2026-07-29T17:41:37
15498267,2023-03-10,2025-03-01,,2026-07-29T17:41:37
15506592,2023-03-10,2023-04-02,,2026-07-29T17:41:37
15508791,2023-03-10,2023-03-10,,2026-07-29T17:41:38
15509375,2023-03-10,2024-03-23,,2026-07-29T17:41:38
15510773,2023-03-10,2023-04-07,,2026-07-29T17:41:38
15510853,2023-03-10,2023-05-15,,2026-07-29T17:41:38
15511766,2023-03-10,2023-03-14,,2026-07-29T17:41:38
15513803,2023-03-11,2023-08-11,,2026-07-29T17:41:38
15513919,2023-03-11,2026-08-19,,2026-08-21T06:04:05
15514354,2023-03-11,2023-05-09,,2026-07-29T17:41:38
15516625,2023-03-11,2023-09-06,,2026-07-29T17:41:39
15517222,2023-03-11,2025-11-18,,2026-07-29T17:41:39
15518158,2023-03-11,2024-04-16,,2026-07-29T17:41:39
15520700,2023-03-11,2023-05-09,,2026-07-29T17:41:39
15521670,2023-03-11,2023-03-12,,2026-07-29T17:41:41
15521959,2023-03-11,2026-04-09,,2026-07-29T17:41:40
15524514,2023-03-11,2023-09-17,,2026-07-29T17:41:40
15525020,2023-03-11,2023-07-22,,2026-07-29T17:41:41
15525080,2023-03-11,2023-04-01,,2026-07-29T17:41:43
15525135,2023-03-11,2026-03-04,,2026-07-29T17:41:44
15525356,2023-03-11,2023-04-07,,2026-07-29T17:41:43
15525555,2023-03-11,2024-02-23,,2026-07-29T17:41:41
15526128,2023-03-11,2023-10-02,,2026-07-29T17:41:42
15526223,2023-03-11,2025-03-10,,2026-08-10T10:02:03
15526341,2023-03-11,2023-05-16,,2026-07-29T17:41:43
15526589,2023-03-12,2023-05-19,,2026-07-29T17:41:43
15527379,2023-03-12,2023-04-09,,2026-07-29T17:41:44
15527472,2023-03-12,2025-03-28,,2026-07-29T17:41:44
15528346,2023-03-12,2023-04-12,,2026-07-29T17:41:43
15528661,2023-03-12,2023-03-30,,2026-07-29T17:41:43
15530827,2023-03-12,2023-04-10,,2026-07-29T17:41:43
15532447,2023-03-12,2023-03-18,,2026-07-29T17:41:43
15533005,2023-03-12,2025-10-28,,2026-07-29T17:41:44
15536505,2023-03-12,2023-03-12,,2026-07-29T17:41:44
15536627,2023-03-12,2024-02-22,,2026-07-29T17:41:44
15537421,2023-03-12,2025-03-20,,2026-08-11T14:56:22
15537819,2023-03-12,2023-03-24,,2026-07-29T17:41:44
15539932,2023-03-13,2023-07-11,,2026-07-29T17:41:45
15548550,2023-03-13,2023-04-27,,2026-07-29T17:41:45
15550965,2023-03-13,2026-03-18,,2026-07-29T17:41:45
15552631,2023-03-13,2023-03-14,,2026-07-29T17:41:45
15554571,2023-03-13,2023-03-13,,2026-07-29T17:41:45
15557105,2023-03-13,2023-08-31,,2026-07-29T17:41:45
15558878,2023-03-13,2023-08-26,,2026-07-29T17:41:45
15558891,2023-03-13,2026-06-28,,2026-07-29T17:41:45
15562862,2023-03-14,2025-03-07,,2026-07-29T17:41:46
15563180,2023-03-14,2023-08-25,,2026-07-29T17:41:46
15563221,2023-03-14,2025-04-28,,2026-07-29T17:41:46
15563266,2023-03-14,2023-08-20,,2026-07-29T17:41:47
15572444,2023-03-14,2023-08-17,,2026-07-29T17:41:48
15575171,2023-03-14,2023-03-14,,2026-07-29T17:41:47
15575384,2023-03-14,2024-06-04,,2026-07-29T17:41:47
15575813,2023-03-14,2023-03-14,,2026-07-29T17:41:48
15576989,2023-03-14,2023-07-16,,2026-07-29T17:41:48
15577167,2023-03-14,2023-05-02,,2026-07-29T17:41:48
15577579,2023-03-14,2025-10-15,,2026-07-29T17:41:49
15577997,2023-03-14,2023-09-10,,2026-07-29T17:41:48
15578214,2023-03-14,2023-03-15,,2026-07-29T17:41:48
15582056,2023-03-15,2023-03-15,,2026-07-29T17:41:48
15584293,2023-03-15,2023-12-02,,2026-07-29T17:41:48
15585072,2023-03-15,2023-04-22,,2026-07-29T17:41:48
15585586,2023-03-15,2026-07-11,,2026-07-29T17:41:49
15586001,2023-03-15,2023-09-15,,2026-07-29T17:41:49
15586190,2023-03-15,2023-06-18,,2026-07-29T17:41:49
15594023,2023-03-15,2023-10-17,,2026-07-29T17:41:49
15596715,2023-03-15,2023-08-22,,2026-07-29T17:41:50
15597047,2023-03-15,2023-06-25,,2026-07-29T17:41:50
15597444,2023-03-15,2023-04-24,,2026-07-29T17:41:50
15598833,2023-03-15,2023-04-28,,2026-07-29T17:41:50
15600944,2023-03-16,2025-01-19,,2026-07-29T17:41:50
15601303,2023-03-16,2023-03-18,,2026-07-29T17:41:50
15601665,2023-03-16,2023-04-19,,2026-07-29T17:41:53
15603128,2023-03-16,2023-09-16,,2026-07-29T17:41:52
15604801,2023-03-16,2023-10-22,,2026-07-29T17:41:54
15617785,2023-03-16,2024-02-21,,2026-07-29T17:41:53
15618767,2023-03-16,2025-10-20,,2026-07-29T17:41:53
15619153,2023-03-16,2025-04-30,,2026-07-29T17:41:53
15619467,2023-03-16,2023-09-13,,2026-07-29T17:41:53
15620563,2023-03-16,2023-11-10,,2026-07-29T17:41:53
15621136,2023-03-16,2024-06-15,,2026-07-29T17:41:53
15621221,2023-03-16,2024-02-22,,2026-07-29T17:41:54
15621298,2023-03-16,2023-05-19,,2026-07-29T17:41:55
15621363,2023-03-16,2023-07-06,,2026-07-29T17:41:54
15621644,2023-03-16,2023-03-16,,2026-07-29T17:41:54
15622792,2023-03-17,2026-05-19,,2026-07-29T17:41:56
15623017,2023-03-17,2025-07-26,,2026-07-29T17:41:55
15623222,2023-03-17,2026-07-15,,2026-07-29T17:41:55
15624024,2023-03-17,2023-03-17,,2026-07-29T17:41:55
15626912,2023-03-17,2023-07-24,,2026-07-29T17:41:56
15627592,2023-03-17,2025-08-10,,2026-07-29T17:41:55
15632996,2023-03-17,2026-08-09,,2026-08-10T07:11:06
15634718,2023-03-17,2023-03-20,,2026-07-29T17:41:56
15635040,2023-03-17,2023-04-26,,2026-07-29T17:41:57
15637075,2023-03-17,2024-08-20,,2026-07-29T17:41:56
15637249,2023-03-17,2023-03-22,,2026-07-29T17:41:56
15637863,2023-03-17,2023-06-29,,2026-07-29T17:41:57
15640083,2023-03-17,2024-09-04,,2026-07-29T17:41:57
15642670,2023-03-18,2023-07-16,,2026-07-29T17:41:57
15644322,2023-03-18,2024-02-15,,2026-07-29T17:41:57
15648416,2023-03-18,2025-05-31,,2026-07-29T17:41:57
15649330,2023-03-18,2023-04-25,,2026-07-29T17:41:58
15650440,2023-03-18,2023-07-15,,2026-07-29T17:41:58
15652135,2023-03-18,2024-04-30,,2026-07-29T17:41:59
15652245,2023-03-18,2023-08-07,,2026-07-29T17:41:59
15653937,2023-03-18,2023-04-28,,2026-07-29T17:41:59
15655128,2023-03-19,2023-05-05,,2026-07-29T17:42:00
15655459,2023-03-19,2023-04-11,,2026-07-29T17:42:00
15657069,2023-03-19,2023-03-19,,2026-07-29T17:42:00
15657100,2023-03-19,2023-08-15,,2026-07-29T17:42:00
15658165,2023-03-19,2023-04-10,,2026-07-29T17:42:00
15661857,2023-03-19,2023-03-25,,2026-07-29T17:42:01
15663139,2023-03-19,2023-03-20,,2026-07-29T17:42:01
15664101,2023-03-19,2023-11-13,,2026-07-29T17:42:02
15664213,2023-03-19,2023-04-29,,2026-07-29T17:42:03
15665725,2023-03-20,2023-05-23,,2026-07-29T17:42:03
15666718,2023-03-20,2025-05-07,,2026-07-29T17:42:02
15678993,2023-03-20,2026-07-25,,2026-07-29T17:42:02
15681079,2023-03-20,2023-06-12,,2026-07-29T17:42:02
15681522,2023-03-20,2024-09-30,,2026-07-29T17:42:03
15682759,2023-03-20,2024-06-07,,2026-07-29T17:42:04
15683687,2023-03-20,2023-05-17,,2026-07-29T17:42:04
15683790,2023-03-20,2023-03-21,,2026-07-29T17:42:04
15684574,2023-03-20,2023-04-04,,2026-07-29T17:42:04
15685388,2023-03-20,2026-07-23,,2026-07-29T17:42:05
15686347,2023-03-20,2023-04-12,,2026-07-29T17:42:05
15686927,2023-03-21,2025-03-20,,2026-07-29T17:42:05
15687774,2023-03-21,2023-09-06,,2026-08-10T10:02:03
15688254,2023-03-21,2025-02-04,,2026-07-29T17:42:05
15698946,2023-03-21,2023-08-17,,2026-07-29T17:42:06
15702667,2023-03-21,2023-03-21,,2026-07-29T17:42:06
15704430,2023-03-21,2023-05-27,,2026-07-29T17:42:08
15705127,2023-03-21,2023-04-06,,2026-07-29T17:42:06
15710219,2023-03-22,2023-03-23,,2026-07-29T17:42:07
15724344,2023-03-22,2024-01-25,,2026-07-29T17:42:07
15724584,2023-03-22,2024-02-10,,2026-07-29T17:42:07
15724637,2023-03-22,2024-07-08,,2026-07-29T17:42:07
15725278,2023-03-22,2023-07-01,,2026-07-29T17:42:08
15726011,2023-03-22,2023-06-12,,2026-07-29T17:42:08
15726871,2023-03-23,2023-06-01,,2026-07-29T17:42:09
15727395,2023-03-23,2024-06-17,,2026-07-29T17:42:08
15727851,2023-03-23,2023-05-14,,2026-07-29T17:42:09
15727964,2023-03-23,2023-03-23,,2026-07-29T17:42:09
15728193,2023-03-23,2026-08-04,,2026-08-06T05:04:40
15729327,2023-03-23,2026-05-22,,2026-07-29T17:42:12
15740141,2023-03-23,2023-08-17,,2026-07-29T17:42:10
15742024,2023-03-23,2023-07-12,,2026-07-29T17:42:12
15743824,2023-03-23,2023-09-16,,2026-07-29T17:42:10
15745102,2023-03-23,2023-10-11,,2026-07-29T17:42:11
15746422,2023-03-23,2023-03-25,,2026-07-29T17:42:11
15748907,2023-03-24,2026-03-24,,2026-07-29T17:42:11
15749638,2023-03-24,2024-11-26,,2026-07-29T17:42:11
15755859,2023-03-24,2024-01-12,,2026-07-29T17:42:11
15756259,2023-03-24,2023-04-25,,2026-07-29T17:42:11
15758366,2023-03-24,2023-03-24,,2026-07-29T17:42:12
15760359,2023-03-24,2026-05-13,,2026-07-29T17:42:12
15760676,2023-03-24,2026-01-21,,2026-07-29T17:42:12
15761474,2023-03-24,2026-07-05,,2026-07-29T17:42:12
15762033,2023-03-24,2023-04-17,,2026-07-29T17:42:13
15762915,2023-03-24,2023-09-13,,2026-07-29T17:42:13
15762960,2023-03-24,2024-03-09,,2026-07-29T17:42:13
15769174,2023-03-25,2026-08-18,,2026-08-20T07:06:32
15772256,2023-03-25,2025-01-24,,2026-07-29T17:42:13
15774417,2023-03-25,2023-09-20,,2026-07-29T17:42:14
15775199,2023-03-25,2023-11-22,,2026-07-29T17:42:14
15775280,2023-03-25,2023-03-31,,2026-07-29T17:42:14
15777192,2023-03-25,2023-03-25,,2026-07-29T17:42:14
15777751,2023-03-26,2026-08-23,,2026-08-24T04:16:26
15785519,2023-03-26,2023-08-31,,2026-07-29T17:42:14
15785739,2023-03-26,2023-09-22,,2026-07-29T17:42:15
15785755,2023-03-26,2023-08-13,,2026-07-29T17:42:15
15785782,2023-03-26,2025-01-06,,2026-07-29T17:42:15
15786116,2023-03-26,2023-05-08,,2026-07-29T17:42:15
15786127,2023-03-26,2023-03-29,,2026-07-29T17:42:15
15786686,2023-03-26,2023-05-27,,2026-07-29T17:42:16
15786939,2023-03-26,2023-03-26,,2026-07-29T17:42:16
15786958,2023-03-26,2023-09-25,,2026-07-29T17:42:16
15789686,2023-03-27,2023-08-16,,2026-07-29T17:42:16
15803399,2023-03-27,2023-04-30,,2026-07-29T17:42:16
15803636,2023-03-27,2023-04-01,,2026-07-29T17:42:17
15805632,2023-03-27,2023-04-07,,2026-07-29T17:42:17
15805717,2023-03-27,2023-04-23,,2026-07-29T17:42:17
15805718,2023-03-27,2024-11-15,,2026-07-29T17:42:17
15806619,2023-03-27,2025-09-19,,2026-07-29T17:42:17
15808677,2023-03-28,2023-05-30,,2026-07-29T17:42:18
15809171,2023-03-28,2023-10-02,,2026-07-29T17:42:18
15810113,2023-03-28,2023-05-25,,2026-07-29T17:42:18
15816129,2023-03-28,2023-03-28,,2026-07-29T17:42:18
15821914,2023-03-28,2023-09-27,,2026-07-29T17:42:18
15822713,2023-03-28,2025-12-06,,2026-07-29T17:42:19
15824742,2023-03-28,2023-03-28,,2026-07-29T17:42:19
15824961,2023-03-28,2023-05-06,,2026-07-29T17:42:19
15825216,2023-03-28,2026-02-03,,2026-07-29T17:42:19
15827092,2023-03-29,2026-04-03,,2026-07-29T17:42:19
15831701,2023-03-29,2023-03-29,,2026-07-29T17:42:20
15838390,2023-03-29,2026-02-26,,2026-07-29T17:42:20
15840447,2023-03-29,2023-04-03,,2026-07-29T17:42:20
15843166,2023-03-29,2023-07-27,,2026-07-29T17:42:20
15843507,2023-03-29,2023-06-27,,2026-07-29T17:42:20
15843719,2023-03-29,2023-03-31,,2026-07-29T17:42:20
15844623,2023-03-29,2023-11-14,,2026-07-29T17:42:21
15844719,2023-03-29,2023-05-23,,2026-07-29T17:42:21
15844900,2023-03-29,2023-05-30,,2026-07-29T17:42:21
15845046,2023-03-29,2024-02-04,,2026-07-29T17:42:21
15845159,2023-03-29,2023-03-30,,2026-07-29T17:42:21
15847433,2023-03-30,2023-04-02,,2026-07-29T17:42:22
15847893,2023-03-30,2023-04-12,,2026-07-29T17:42:22
15847977,2023-03-30,2023-09-23,,2026-07-29T17:42:24
15852787,2023-03-30,2023-10-16,,2026-07-29T17:42:24
15856295,2023-03-30,2023-09-05,,2026-07-29T17:42:22
15857116,2023-03-30,2023-05-23,,2026-07-29T17:42:23
15857481,2023-03-30,2024-04-15,,2026-07-29T17:42:23
15859818,2023-03-30,2024-03-13,,2026-07-29T17:42:23
15860330,2023-03-30,2025-08-09,,2026-07-29T17:42:23
15864521,2023-03-30,2023-03-31,,2026-07-29T17:42:24
15864875,2023-03-30,2023-09-09,,2026-07-29T17:42:24
15864940,2023-03-30,2026-04-30,,2026-07-29T17:42:25
15864986,2023-03-30,2024-02-06,,2026-07-29T17:42:25
15866574,2023-03-31,2025-02-04,,2026-07-29T17:42:25
15866810,2023-03-31,2026-04-17,,2026-07-29T17:42:25
15867118,2023-03-31,2023-10-17,,2026-07-29T17:42:25
15868300,2023-03-31,2023-04-04,,2026-07-29T17:42:26
15869679,2023-03-31,2023-05-07,,2026-07-29T17:42:26
15877157,2023-03-31,2024-02-28,,2026-07-29T17:42:26
15880535,2023-03-31,2023-04-01,,2026-07-29T17:42:26
15880550,2023-03-31,2023-12-28,,2026-07-29T17:42:26
15881121,2023-03-31,2023-04-14,,2026-07-29T17:42:26
15881131,2023-03-31,2023-04-26,,2026-07-29T17:42:27
15881212,2023-03-31,2023-11-28,,2026-07-29T17:42:27
15881445,2023-03-31,2023-04-25,,2026-07-29T17:42:27
15881854,2023-03-31,2023-04-19,,2026-07-29T17:42:27
15882436,2023-03-31,2024-11-24,,2026-07-29T17:42:27
15882636,2023-03-31,2024-02-13,,2026-07-29T17:42:28
15882844,2023-03-31,2025-11-04,,2026-07-29T17:42:28
15884124,2023-04-01,2023-06-24,,2026-07-29T17:42:28
15884227,2023-04-01,2025-05-25,,2026-07-29T17:42:28
15884264,2023-04-01,2024-06-07,,2026-07-29T17:42:28
15885121,2023-04-01,2023-09-20,,2026-07-29T17:42:29
15885392,2023-04-01,2023-04-04,,2026-07-29T17:42:29
15886452,2023-04-01,2023-05-30,,2026-07-29T17:42:29
15889771,2023-04-01,2026-02-27,,2026-07-29T17:42:29
15892064,2023-04-01,2023-10-03,,2026-07-29T17:42:29
15892250,2023-04-01,2024-06-10,,2026-07-29T17:42:29
15892492,2023-04-01,2023-05-01,,2026-07-29T17:42:30
15894498,2023-04-01,2023-04-03,,2026-07-29T17:42:30
15895546,2023-04-01,2023-09-27,,2026-07-29T17:42:30
15895660,2023-04-01,2023-04-25,,2026-07-29T17:42:30
15895973,2023-04-01,2024-04-04,,2026-07-29T17:42:31
15896823,2023-04-01,2024-10-07,,2026-07-29T17:42:31
15897287,2023-04-02,2023-04-24,,2026-07-29T17:42:31
15897487,2023-04-02,2026-08-14,,2026-08-16T04:24:34
15900060,2023-04-02,2023-12-08,,2026-07-29T17:42:31
15900981,2023-04-02,2023-04-02,,2026-07-29T17:42:31
15901334,2023-04-02,2023-06-21,,2026-07-29T17:42:31
15901449,2023-04-02,2023-04-15,,2026-07-29T17:42:32
15903022,2023-04-02,2023-08-16,,2026-07-29T17:42:32
15903370,2023-04-02,2023-06-04,,2026-07-29T17:42:32
15904093,2023-04-02,2023-11-30,,2026-07-29T17:42:33
15904533,2023-04-02,2024-04-01,,2026-07-29T17:42:33
15904589,2023-04-02,2023-05-14,,2026-07-29T17:42:33
15905576,2023-04-02,2023-04-08,,2026-07-29T17:42:34
15905678,2023-04-02,2024-01-11,,2026-07-29T17:42:34
15906384,2023-04-02,2023-05-23,,2026-07-29T17:42:34
15906649,2023-04-02,2023-04-02,,2026-07-29T17:42:35
15906709,2023-04-02,2023-12-10,,2026-07-29T17:42:35
15906767,2023-04-02,2023-10-04,,2026-07-29T17:42:35
15907011,2023-04-02,2025-06-20,,2026-07-29T17:42:36
15907053,2023-04-02,2023-04-10,,2026-07-29T17:42:36
15908277,2023-04-03,2023-04-03,,2026-07-29T17:42:36
15908298,2023-04-03,2023-04-03,,2026-07-29T17:42:36
15908912,2023-04-03,2023-05-04,,2026-07-29T17:42:36
15909617,2023-04-03,2023-06-05,,2026-07-29T17:42:37
15910672,2023-04-03,2023-04-09,,2026-07-29T17:42:37
15911411,2023-04-03,2023-05-31,,2026-07-29T17:42:37
15911478,2023-04-03,2023-04-10,,2026-07-29T17:42:37
15912034,2023-04-03,2023-06-18,,2026-07-29T17:42:37
15913297,2023-04-03,2025-08-07,,2026-07-29T17:42:38
15913422,2023-04-03,2023-04-26,,2026-07-29T17:42:38
15917600,2023-04-03,2023-12-31,,2026-07-29T17:42:38
15918810,2023-04-03,2023-04-03,,2026-07-29T17:42:38
15918977,2023-04-03,2023-12-22,,2026-07-29T17:42:39
15919565,2023-04-03,2024-06-15,,2026-07-29T17:42:39
15919809,2023-04-03,2023-09-17,,2026-07-29T17:42:39
15919950,2023-04-03,2024-05-01,,2026-07-29T17:42:39
15920639,2023-04-03,2023-07-06,,2026-07-29T17:42:39
15921073,2023-04-03,2023-08-14,,2026-07-29T17:42:39
15921186,2023-04-03,2024-05-09,,2026-07-29T17:42:40
15921759,2023-04-03,2023-04-03,,2026-07-29T17:42:40
15922016,2023-04-03,2024-06-08,,2026-07-29T17:42:40
15922476,2023-04-03,2024-03-25,,2026-07-29T17:42:40
15924456,2023-04-03,2024-03-27,,2026-07-29T17:42:41
15924717,2023-04-03,2023-04-04,,2026-07-29T17:42:41
15924982,2023-04-03,2026-08-09,,2026-08-11T05:06:21
15925054,2023-04-03,2023-07-31,,2026-07-29T17:42:41
15926276,2023-04-03,2023-09-19,,2026-07-29T17:42:41
15926555,2023-04-03,2025-03-26,,2026-07-29T17:42:41
15926652,2023-04-03,2024-02-25,,2026-07-29T17:42:42
15927935,2023-04-04,2024-04-26,,2026-07-29T17:42:42
15927974,2023-04-04,2023-04-04,,2026-07-29T17:42:42
15928048,2023-04-04,2023-05-06,,2026-07-29T17:42:42
15928130,2023-04-04,2023-06-26,,2026-07-29T17:42:44
15928249,2023-04-04,2023-07-14,,2026-07-29T17:42:43
15928414,2023-04-04,2023-10-05,,2026-07-29T17:42:43
15928651,2023-04-04,2023-10-08,,2026-07-29T17:42:43
15928972,2023-04-04,2026-02-26,,2026-07-29T17:42:43
15929192,2023-04-04,2023-04-04,,2026-07-29T17:42:44
15930163,2023-04-04,2023-07-06,,2026-07-29T17:42:43
15930175,2023-04-04,2023-04-04,,2026-07-29T17:42:44
15930422,2023-04-04,2026-08-04,,2026-08-06T04:05:28
15930456,2023-04-04,2025-05-15,,2026-07-29T17:42:44
15930688,2023-04-04,2023-12-10,,2026-07-29T17:42:45
15930719,2023-04-04,2023-04-04,,2026-07-29T17:42:45
15933128,2023-04-04,2026-05-22,,2026-07-29T17:42:45
15934854,2023-04-04,2024-06-02,,2026-07-29T17:42:45
15936239,2023-04-04,2023-06-27,,2026-07-29T17:42:45
15939021,2023-04-04,2023-06-30,,2026-07-29T17:42:45
15939551,2023-04-04,2024-08-15,,2026-07-29T17:42:45
15940743,2023-04-04,2026-04-27,,2026-07-29T17:42:47
15940751,2023-04-04,2023-04-04,,2026-07-29T17:42:46
15941224,2023-04-04,2023-08-29,,2026-07-29T17:42:46
15941545,2023-04-04,2023-10-05,,2026-07-29T17:42:48
15941935,2023-04-04,2025-05-29,,2026-07-29T17:42:46
15942221,2023-04-04,2023-04-08,,2026-07-29T17:42:46
15942332,2023-04-04,2023-04-18,,2026-07-29T17:42:47
15942890,2023-04-04,2024-01-23,,2026-07-29T17:42:47
15943012,2023-04-04,2025-07-22,,2026-07-29T17:42:48
15945266,2023-04-04,2023-04-06,,2026-07-29T17:42:48
15945489,2023-04-04,2023-04-04,,2026-07-29T17:42:50
15945972,2023-04-04,2023-04-04,,2026-07-29T17:42:48
15946406,2023-04-04,2023-04-06,,2026-07-29T17:42:48
15946553,2023-04-04,2023-12-01,,2026-07-29T17:42:49
15946650,2023-04-04,2023-04-20,,2026-07-29T17:42:49
15946667,2023-04-04,2026-02-15,,2026-08-22T08:01:18
15946830,2023-04-04,2026-08-18,,2026-08-19T07:16:53
15947116,2023-04-04,2023-04-04,,2026-07-29T17:42:49
15947251,2023-04-05,2023-05-31,,2026-07-29T17:42:50
15947283,2023-04-05,2023-05-19,,2026-07-29T17:42:50
15947567,2023-04-05,2023-04-15,,2026-07-29T17:42:51
15947785,2023-04-05,2026-08-24,,2026-08-24T03:34:01
15947822,2023-04-05,2023-12-08,,2026-07-29T17:42:51
15948060,2023-04-05,2024-11-21,,2026-07-29T17:42:51
15948139,2023-04-05,2023-05-04,,2026-07-29T17:42:51
15948415,2023-04-05,2026-08-25,,2026-08-25T02:00:33
15948488,2023-04-05,2023-08-04,,2026-07-29T17:42:51
15948567,2023-04-05,2025-09-24,,2026-07-29T17:42:51
15948873,2023-04-05,2023-05-21,,2026-07-29T17:42:52
15948885,2023-04-05,2026-08-13,,2026-08-14T05:11:40
15948930,2023-04-05,2025-02-27,,2026-07-29T17:42:52
15948972,2023-04-05,2023-04-29,,2026-07-29T17:42:52
15949046,2023-04-05,2023-05-17,,2026-07-29T17:42:52
15949087,2023-04-05,2023-05-10,,2026-07-29T17:42:52
15949109,2023-04-05,2023-04-09,,2026-07-29T17:42:53
15949116,2023-04-05,2023-04-05,,2026-07-29T17:42:53
15949561,2023-04-05,2023-04-06,,2026-08-22T08:01:31
15958433,2023-04-05,2023-04-05,,2026-07-29T17:42:54
15959227,2023-04-05,2024-08-15,,2026-07-29T17:42:53
15959461,2023-04-05,2023-04-05,,2026-07-29T17:42:54
15959546,2023-04-05,2026-08-23,,2026-08-25T04:06:20
15959845,2023-04-05,2023-05-03,,2026-07-29T17:42:54
15960315,2023-04-05,2024-11-17,,2026-07-29T17:42:54
15961226,2023-04-05,2023-05-22,,2026-07-29T17:42:54
15961526,2023-04-05,2024-04-10,,2026-07-29T17:42:54
15964157,2023-04-05,2023-08-10,,2026-07-29T17:42:55
15964305,2023-04-05,2023-04-24,,2026-07-29T17:42:55
15964634,2023-04-05,2023-05-06,,2026-07-29T17:42:55
15965597,2023-04-06,2023-04-06,,2026-07-29T17:42:55
15966006,2023-04-06,2024-05-20,,2026-07-29T17:42:55
15968476,2023-04-06,2026-07-21,,2026-07-29T17:42:56
15970958,2023-04-06,2026-08-21,,2026-08-23T04:12:37
15978202,2023-04-06,2023-04-29,,2026-07-29T17:42:56
15978214,2023-04-06,2023-12-21,,2026-07-29T17:42:57
15979767,2023-04-06,2026-02-13,,2026-07-29T17:42:58
15980678,2023-04-06,2025-04-03,,2026-07-29T17:42:58
15981827,2023-04-06,2025-01-11,,2026-07-29T17:42:58
15983253,2023-04-07,2026-07-21,,2026-07-29T17:42:58
15983510,2023-04-07,2023-08-01,,2026-07-29T17:42:59
15984429,2023-04-07,2025-03-06,,2026-07-29T17:42:59
15989548,2023-04-07,2026-08-07,,2026-08-09T05:06:29
15990319,2023-04-07,2023-09-01,,2026-07-29T17:42:59
15992115,2023-04-07,2023-04-07,,2026-07-29T17:42:59
15993983,2023-04-07,2023-08-21,,2026-07-29T17:43:00
15993990,2023-04-07,2023-09-30,,2026-07-29T17:43:00
15995749,2023-04-07,2023-09-01,,2026-07-29T17:43:00
15996821,2023-04-07,2023-06-12,,2026-07-29T17:43:00
15998391,2023-04-08,2023-05-08,,2026-07-29T17:43:00
15998875,2023-04-08,2023-05-16,,2026-07-29T17:43:00
15998996,2023-04-08,2023-05-11,,2026-07-29T17:43:01
15999175,2023-04-08,2025-02-12,,2026-07-29T17:43:01
15999684,2023-04-08,2023-06-23,,2026-07-29T17:43:01
16001317,2023-04-08,2024-08-06,,2026-07-29T17:43:01
16005457,2023-04-08,2023-09-24,,2026-07-29T17:43:02
16006953,2023-04-08,2023-05-02,,2026-07-29T17:43:02
16007276,2023-04-08,2023-07-19,,2026-07-29T17:43:03
16008540,2023-04-08,2023-08-11,,2026-07-29T17:43:02
16008724,2023-04-08,2023-07-04,,2026-07-29T17:43:02
16008804,2023-04-08,2023-08-27,,2026-07-29T17:43:03
16008985,2023-04-08,2023-05-06,,2026-07-29T17:43:03
16010390,2023-04-09,2023-05-13,,2026-07-29T17:43:03
16011959,2023-04-09,2023-05-09,,2026-07-29T17:43:03
16013239,2023-04-09,2023-04-30,,2026-07-29T17:43:03
16013609,2023-04-09,2023-04-28,,2026-07-29T17:43:03
16013838,2023-04-09,2023-06-20,,2026-07-29T17:43:04
16015296,2023-04-09,2023-05-06,,2026-07-29T17:43:04
16016747,2023-04-09,2023-10-24,,2026-07-29T17:43:06
16018192,2023-04-10,2025-11-20,,2026-08-17T10:03:20
16024475,2023-04-10,2025-06-05,,2026-07-29T17:43:04
16026510,2023-04-10,2023-08-25,,2026-07-29T17:43:04
16027976,2023-04-10,2023-09-30,,2026-07-29T17:43:05
16032033,2023-04-10,2023-04-10,,2026-07-29T17:43:06
16032686,2023-04-10,2023-10-18,,2026-07-29T17:43:06
16033646,2023-04-10,2023-12-28,,2026-07-29T17:43:06
16033658,2023-04-10,2023-07-05,,2026-07-29T17:43:06
16034214,2023-04-10,2023-04-10,,2026-07-29T17:43:06
16034584,2023-04-10,2023-09-18,,2026-07-29T17:43:07
16035053,2023-04-11,2023-07-05,,2026-07-29T17:43:07
16035220,2023-04-11,2026-08-11,,2026-08-13T05:08:05
16036337,2023-04-11,2023-04-12,,2026-07-29T17:43:08
16037261,2023-04-11,2023-05-05,,2026-07-29T17:43:08
16037335,2023-04-11,2023-09-25,,2026-07-29T17:43:08
16040879,2023-04-11,2023-05-17,,2026-07-29T17:43:09
16048138,2023-04-11,2023-05-21,,2026-07-29T17:43:08
16049906,2023-04-11,2024-05-24,,2026-07-29T17:43:09
16053013,2023-04-11,2024-11-12,,2026-07-29T17:43:09
16053560,2023-04-11,2023-06-16,,2026-07-29T17:43:09
16056256,2023-04-12,2023-06-01,,2026-07-29T17:43:10
16061876,2023-04-12,2023-05-25,,2026-07-29T17:43:10
16064141,2023-04-12,2023-07-11,,2026-07-29T17:43:10
16067418,2023-04-12,2023-08-21,,2026-07-29T17:43:10
16068878,2023-04-12,2025-05-31,,2026-07-29T17:43:10
16071678,2023-04-12,2023-08-15,,2026-07-29T17:43:10
16073277,2023-04-12,2024-02-01,,2026-07-29T17:43:10
16074580,2023-04-13,2024-01-20,,2026-07-29T17:43:11
16076229,2023-04-13,2026-07-13,,2026-07-29T17:43:11
16076397,2023-04-13,2023-04-20,,2026-07-29T17:43:11
16077008,2023-04-13,2023-04-13,,2026-07-29T17:43:11
16078042,2023-04-13,2023-04-28,,2026-07-29T17:43:11
16084752,2023-04-13,2024-06-01,,2026-07-29T17:43:12
16087122,2023-04-13,2023-11-25,,2026-07-29T17:43:13
16087340,2023-04-13,2023-08-11,,2026-07-29T17:43:12
16089438,2023-04-13,2026-08-24,,2026-08-24T02:24:49
16090800,2023-04-13,2026-02-21,,2026-07-29T17:43:12
16091246,2023-04-13,2023-04-19,,2026-07-29T17:43:12
16094394,2023-04-14,2023-06-22,,2026-07-29T17:43:12
16095595,2023-04-14,2024-02-21,,2026-07-29T17:43:15
16097385,2023-04-14,2023-05-19,,2026-07-29T17:43:13
16099758,2023-04-14,2023-07-16,,2026-07-29T17:43:13
16104343,2023-04-14,2024-11-27,,2026-07-29T17:43:13
16105052,2023-04-14,2026-08-11,,2026-08-13T04:16:44
16107147,2023-04-14,2023-04-14,,2026-07-29T17:43:13
16108701,2023-04-14,2023-07-05,,2026-07-29T17:43:14
16109309,2023-04-14,2023-04-14,,2026-07-29T17:43:16
16109571,2023-04-14,2023-05-08,,2026-07-29T17:43:14
16109955,2023-04-15,2025-07-19,,2026-07-29T17:43:14
16109967,2023-04-15,2025-04-29,,2026-07-29T17:43:15
16110181,2023-04-15,2023-05-27,,2026-07-29T17:43:15
16110200,2023-04-15,2023-04-15,,2026-07-29T17:43:15
16110225,2023-04-15,2026-08-21,,2026-08-23T04:17:05
16110663,2023-04-15,2026-07-17,,2026-07-29T17:43:16
16110696,2023-04-15,2023-04-15,,2026-07-29T17:43:16
16110844,2023-04-15,2023-05-12,,2026-07-29T17:43:16
16110944,2023-04-15,2026-07-06,,2026-07-29T17:43:16
16110961,2023-04-15,2023-05-30,,2026-07-29T17:43:17
16112586,2023-04-15,2025-08-10,,2026-07-29T17:43:16
16113301,2023-04-15,2023-05-03,,2026-07-29T17:43:39
16115586,2023-04-15,2023-05-12,,2026-07-29T17:43:39
16116922,2023-04-15,2023-05-12,,2026-07-29T17:43:39
16118158,2023-04-15,2025-07-03,,2026-07-29T17:43:39
16118385,2023-04-15,2023-04-27,,2026-07-29T17:43:39
16120289,2023-04-15,2023-05-14,,2026-07-29T17:43:40
16122428,2023-04-15,2023-04-20,,2026-07-29T17:43:40
16122667,2023-04-15,2024-04-04,,2026-07-29T17:43:41
16123069,2023-04-16,2025-02-05,,2026-07-29T17:43:41
16123304,2023-04-16,2023-05-30,,2026-07-29T17:43:41
16124804,2023-04-16,2025-08-12,,2026-07-29T17:43:41
16125105,2023-04-16,2023-04-16,,2026-07-29T17:43:41
16128899,2023-04-16,2023-04-16,,2026-07-29T17:43:42
16130346,2023-04-16,2026-01-25,,2026-07-29T17:43:42
16132438,2023-04-16,2023-04-22,,2026-07-29T17:43:43
16146645,2023-04-17,2023-04-18,,2026-07-29T17:43:42
16147822,2023-04-17,2023-04-25,,2026-07-29T17:43:43
16148543,2023-04-17,2023-04-17,,2026-07-29T17:43:43
16150448,2023-04-17,2023-05-18,,2026-07-29T17:43:43
16155886,2023-04-18,2023-04-18,,2026-07-29T17:43:43
16163864,2023-04-18,2026-08-04,,2026-08-06T04:07:20
16169902,2023-04-18,2025-07-02,,2026-07-29T17:43:43
16170482,2023-04-18,2024-02-14,,2026-07-29T17:43:44
16172881,2023-04-18,2023-04-18,,2026-07-29T17:43:44
16173265,2023-04-18,2023-05-23,,2026-07-29T17:43:44
16176087,2023-04-19,2026-04-23,,2026-07-29T17:43:45
16180100,2023-04-19,2025-01-05,,2026-07-29T17:43:45
16184953,2023-04-19,2026-08-24,,2026-08-24T13:08:34
16186944,2023-04-19,2023-05-19,,2026-07-29T17:43:45
16189925,2023-04-19,2023-09-11,,2026-07-29T17:43:45
16194640,2023-04-20,2026-06-30,,2026-07-29T17:43:47
16197307,2023-04-20,2023-04-25,,2026-07-29T17:43:45
16198622,2023-04-20,2023-10-13,,2026-07-29T17:43:46
16199907,2023-04-20,2023-05-15,,2026-07-29T17:43:46
16206823,2023-04-20,2023-11-24,,2026-07-29T17:43:48
16207313,2023-04-20,2023-11-11,,2026-07-29T17:43:46
16208659,2023-04-20,2023-07-30,,2026-07-29T17:43:46
16208714,2023-04-20,2023-04-20,,2026-07-29T17:43:47
16210421,2023-04-20,2023-09-17,,2026-07-29T17:43:48
16211075,2023-04-21,2026-02-23,,2026-07-29T17:43:50
16211190,2023-04-21,2023-06-18,,2026-07-29T17:43:49
16211861,2023-04-21,2023-07-07,,2026-07-29T17:43:48
16213517,2023-04-21,2023-09-02,,2026-07-29T17:43:50
16214189,2023-04-21,2023-05-24,,2026-07-29T17:43:48
16218199,2023-04-21,2023-12-09,,2026-07-29T17:43:48
16219671,2023-04-21,2025-04-15,,2026-07-29T17:43:49
16220057,2023-04-21,2026-05-18,,2026-07-29T17:43:49
16220217,2023-04-21,2025-04-15,,2026-07-29T17:43:49
16221021,2023-04-21,2023-07-12,,2026-07-29T17:43:49
16221684,2023-04-21,2023-07-04,,2026-07-29T17:43:51
16223075,2023-04-21,2023-10-12,,2026-07-29T17:43:51
16224017,2023-04-21,2023-04-27,,2026-07-29T17:43:51
16227294,2023-04-22,2023-05-18,,2026-07-29T17:43:51
16227875,2023-04-22,2024-07-12,,2026-07-29T17:43:51
16230237,2023-04-22,2025-08-14,,2026-07-29T17:43:51
16235863,2023-04-22,2023-05-19,,2026-07-29T17:43:51
16236086,2023-04-22,2024-03-10,,2026-07-29T17:43:51
16236375,2023-04-22,2023-08-11,,2026-07-29T17:43:52
16236586,2023-04-22,2023-04-23,,2026-07-29T17:43:51
16237297,2023-04-23,2023-10-23,,2026-08-10T10:03:30
16237576,2023-04-23,2023-05-29,,2026-07-29T17:43:54
16238705,2023-04-23,2023-04-24,,2026-07-29T17:43:54
16241632,2023-04-23,2025-04-09,,2026-07-29T17:43:54
16243419,2023-04-23,2023-04-23,,2026-07-29T17:43:54
16246523,2023-04-24,2026-06-15,,2026-07-29T17:43:54
16246655,2023-04-24,2023-04-24,,2026-07-29T17:43:54
16247230,2023-04-24,2023-04-27,,2026-07-29T17:43:54
16252593,2023-04-24,2023-04-26,,2026-07-29T17:43:54
16253647,2023-04-24,2023-04-24,,2026-07-29T17:43:54
16257767,2023-04-24,2023-05-03,,2026-07-29T17:43:54
16259445,2023-04-24,2024-07-26,,2026-07-29T17:43:54
16260668,2023-04-24,2023-05-04,,2026-07-29T17:43:54
16262740,2023-04-24,2023-10-22,,2026-07-29T17:43:55
16264282,2023-04-24,2023-04-24,,2026-07-29T17:43:58
16266351,2023-04-25,2026-08-17,,2026-08-19T04:15:44
16266935,2023-04-25,2023-10-03,,2026-07-29T17:43:58
16273024,2023-04-25,2023-09-07,,2026-07-29T17:43:58
16273220,2023-04-25,2023-05-10,,2026-07-29T17:43:58
16281028,2023-04-25,2023-06-04,,2026-07-29T17:43:58
16284128,2023-04-25,2023-04-25,,2026-07-29T17:43:58
16285799,2023-04-25,2023-10-02,,2026-07-29T17:43:58
16287306,2023-04-26,2023-05-24,,2026-07-29T17:43:58
16287969,2023-04-26,2023-08-16,,2026-07-29T17:43:58
16288899,2023-04-26,2026-06-25,,2026-07-29T17:43:58
16299062,2023-04-26,2023-12-03,,2026-07-29T17:43:59
16300166,2023-04-26,2024-09-08,,2026-07-29T17:43:58
16302986,2023-04-26,2023-11-22,,2026-07-29T17:43:58
16303655,2023-04-26,2024-05-31,,2026-07-29T17:43:58
16307564,2023-04-26,2023-05-10,,2026-07-29T17:43:58
16308195,2023-04-27,2023-11-07,,2026-07-29T17:44:03
16308701,2023-04-27,2026-08-22,,2026-08-23T04:23:30
16309651,2023-04-27,2026-07-08,,2026-07-29T17:44:03
16316067,2023-04-27,2023-05-03,,2026-07-29T17:44:03
16316551,2023-04-27,2023-04-27,,2026-07-29T17:44:03
16318562,2023-04-27,2025-06-21,,2026-07-29T17:44:03
16322039,2023-04-27,2024-07-06,,2026-07-29T17:44:03
16323219,2023-04-27,2026-05-18,,2026-07-29T17:44:03
16324149,2023-04-27,2023-06-17,,2026-07-29T17:44:03
16326752,2023-04-27,2023-04-28,,2026-07-29T17:44:03
16336796,2023-04-28,2023-05-17,,2026-07-29T17:44:03
16338984,2023-04-28,2026-07-28,,2026-07-30T04:16:40
16340478,2023-04-28,2023-08-17,,2026-07-29T17:44:03
16340888,2023-04-28,2023-04-28,,2026-07-29T17:44:03
16341533,2023-04-28,2025-03-10,,2026-08-16T10:03:31
16341961,2023-04-28,2023-08-30,,2026-07-29T17:44:03
16342949,2023-04-28,2023-04-28,,2026-07-29T17:44:04
16343292,2023-04-28,2024-04-30,,2026-07-29T17:44:08
16343919,2023-04-28,2025-10-02,,2026-07-29T17:44:08
16345278,2023-04-28,2023-07-12,,2026-07-29T17:44:08
16346404,2023-04-29,2023-05-12,,2026-07-29T17:44:10
16346884,2023-04-29,2026-08-20,,2026-08-22T07:12:35
16347125,2023-04-29,2023-04-29,,2026-07-29T17:44:08
16348098,2023-04-29,2023-07-04,,2026-07-29T17:44:08
16348112,2023-04-29,2024-10-07,,2026-07-29T17:44:08
16348297,2023-04-29,2023-09-23,,2026-08-10T10:02:58
16353821,2023-04-29,2023-10-13,,2026-07-29T17:44:08
16354347,2023-04-29,2023-05-06,,2026-07-29T17:44:12
16354488,2023-04-29,2024-12-15,,2026-07-29T17:44:15
16355752,2023-04-29,2026-03-15,,2026-07-29T17:44:15
16356937,2023-04-29,2023-04-29,,2026-07-29T17:44:15
16356974,2023-04-29,2025-07-29,,2026-07-29T17:44:15
16357182,2023-04-29,2023-04-29,,2026-08-22T08:02:55
16357356,2023-04-29,2023-06-12,,2026-07-29T17:44:15
16358091,2023-04-29,2026-07-15,,2026-07-29T17:44:15
16358682,2023-04-29,2024-05-27,,2026-07-29T17:44:15
16359122,2023-04-30,2023-05-02,,2026-07-29T17:44:15
16359424,2023-04-30,2023-06-14,,2026-07-29T17:44:15
16359971,2023-04-30,2023-06-02,,2026-07-29T17:44:22
16360120,2023-04-30,2023-05-07,,2026-07-29T17:44:22
16360451,2023-04-30,2023-06-18,,2026-07-29T17:44:22
16363328,2023-04-30,2024-03-28,,2026-07-29T17:44:22
16365332,2023-04-30,2023-04-30,,2026-07-29T17:44:22
16367507,2023-04-30,2024-05-20,,2026-07-29T17:44:22
16367513,2023-04-30,2023-05-05,,2026-07-29T17:44:22
16368585,2023-04-30,2026-01-10,,2026-07-29T17:44:22
16368659,2023-04-30,2023-05-04,,2026-07-29T17:44:22
16369761,2023-05-01,2023-05-01,,2026-07-29T17:44:22
16370368,2023-05-01,2026-05-07,,2026-07-31T20:00:09
16370894,2023-05-01,2023-10-21,,2026-07-29T17:44:22
16373312,2023-05-01,2023-05-04,,2026-07-29T17:44:22
16374079,2023-05-01,2023-05-01,,2026-07-29T17:44:22
16376623,2023-05-01,2026-08-08,,2026-08-10T04:14:29
16379110,2023-05-01,2023-07-11,,2026-07-29T17:44:22
16379673,2023-05-01,2023-05-24,,2026-07-29T17:44:22
16380180,2023-05-01,2023-05-10,,2026-07-29T17:44:22
16381888,2023-05-01,2023-06-30,,2026-07-29T17:44:22
16382751,2023-05-01,2023-05-10,,2026-07-29T17:44:22
16383599,2023-05-01,2023-09-22,,2026-07-29T17:44:22
16384431,2023-05-01,2025-02-26,,2026-07-29T17:44:22
16384632,2023-05-01,2025-12-23,,2026-07-29T17:44:23
16385235,2023-05-01,2025-02-07,,2026-07-29T17:44:22
16386920,2023-05-01,2023-05-01,,2026-07-29T17:44:22
16387058,2023-05-01,2023-05-24,,2026-07-29T17:44:22
16387079,2023-05-02,2023-07-21,,2026-07-29T17:44:22
16388823,2023-05-02,2026-07-14,,2026-07-29T17:44:22
16389507,2023-05-02,2023-07-02,,2026-07-29T17:44:22
16391682,2023-05-02,2023-12-02,,2026-07-29T17:44:22
16391722,2023-05-02,2023-05-08,,2026-07-29T17:44:22
16393307,2023-05-02,2023-07-01,,2026-07-29T17:44:32
16394724,2023-05-02,2023-05-11,,2026-07-29T17:44:32
16395609,2023-05-02,2023-05-02,,2026-07-29T17:44:32
16397935,2023-05-02,2025-11-29,,2026-07-29T17:44:32
16398220,2023-05-02,2023-07-19,,2026-07-29T17:44:32
16398487,2023-05-02,2026-06-25,,2026-07-29T17:44:32
16398899,2023-05-02,2023-05-08,,2026-07-29T17:44:32
16400486,2023-05-02,2023-05-04,,2026-07-29T17:44:32
16400977,2023-05-02,2023-08-10,,2026-07-29T17:44:32
16401079,2023-05-02,2023-06-02,,2026-07-29T17:44:32
16403763,2023-05-02,2025-01-02,,2026-07-29T17:44:32
16404210,2023-05-02,2023-05-20,,2026-07-29T17:44:32
16404977,2023-05-02,2025-08-16,,2026-07-29T17:44:32
16405322,2023-05-02,2025-07-31,,2026-07-29T17:44:32
16406000,2023-05-02,2025-02-24,,2026-07-29T17:44:32
16406586,2023-05-02,2023-05-12,,2026-07-29T17:44:32
16407370,2023-05-03,2023-06-23,,2026-07-29T17:44:32
16407681,2023-05-03,2023-05-22,,2026-07-29T17:44:32
16407843,2023-05-03,2023-05-28,,2026-07-29T17:44:32
16408372,2023-05-03,2023-06-16,,2026-07-29T17:44:32
16408589,2023-05-03,2023-08-20,,2026-07-29T17:44:32
16408706,2023-05-03,2023-08-26,,2026-07-29T17:44:32
16408988,2023-05-03,2023-05-25,,2026-07-29T17:44:32
16409524,2023-05-03,2023-08-27,,2026-07-29T17:44:33
16409535,2023-05-03,2023-07-10,,2026-07-29T17:44:32
16411960,2023-05-03,2023-10-26,,2026-07-29T17:44:32
16411961,2023-05-03,2023-08-20,,2026-07-29T17:44:32
16414448,2023-05-03,2023-05-05,,2026-07-29T17:44:32
16415138,2023-05-03,2026-08-23,,2026-08-25T05:06:16
16415264,2023-05-03,2026-01-15,,2026-07-29T17:44:32
16416822,2023-05-03,2024-02-01,,2026-07-29T17:44:40
16418769,2023-05-03,2024-03-09,,2026-07-29T17:44:40
16419677,2023-05-03,2023-05-04,,2026-07-29T17:44:40
16420226,2023-05-03,2023-05-05,,2026-07-29T17:44:40
16420420,2023-05-03,2023-10-09,,2026-07-29T17:44:40
16420874,2023-05-03,2024-09-16,,2026-07-29T17:44:40
16420937,2023-05-03,2026-08-19,,2026-08-21T04:11:04
16421334,2023-05-03,2026-05-22,,2026-07-29T17:44:40
16421335,2023-05-03,2025-06-29,,2026-07-29T17:44:40
16421608,2023-05-03,2024-05-04,,2026-07-29T17:44:40
16421658,2023-05-03,2023-05-20,,2026-07-29T17:44:40
16421664,2023-05-03,2023-06-03,,2026-07-29T17:44:40
16422151,2023-05-03,2023-08-23,,2026-07-29T17:44:40
16422626,2023-05-03,2023-07-21,,2026-07-29T17:44:40
16422633,2023-05-03,2023-10-08,,2026-07-29T17:44:40
16422694,2023-05-03,2024-06-15,,2026-07-29T17:44:40
16422705,2023-05-03,2023-05-11,,2026-07-29T17:44:40
16423894,2023-05-03,2025-08-05,,2026-07-29T17:44:40
16424006,2023-05-03,2023-10-27,,2026-07-29T17:44:40
16424176,2023-05-03,2023-08-16,,2026-07-29T17:44:40
16424453,2023-05-03,2024-11-12,,2026-07-29T17:44:40
16424934,2023-05-03,2023-05-31,,2026-07-29T17:44:40
16425889,2023-05-03,2023-08-10,,2026-07-29T17:44:40
16426353,2023-05-03,2025-12-07,,2026-07-29T17:44:40
16426424,2023-05-03,2025-02-12,,2026-07-29T17:44:40
16426551,2023-05-03,2024-04-24,,2026-07-29T17:44:40
16427364,2023-05-04,2023-05-04,,2026-07-29T17:44:40
16427983,2023-05-04,2023-08-04,,2026-07-29T17:44:40
16428258,2023-05-04,2025-12-13,,2026-07-29T17:44:40
16428311,2023-05-04,2023-10-05,,2026-07-29T17:44:40
16428737,2023-05-04,2023-08-26,,2026-07-29T17:44:40
16428986,2023-05-04,2023-05-30,,2026-07-29T17:44:46
16429081,2023-05-04,2023-07-30,,2026-07-29T17:44:46
16430213,2023-05-04,2024-12-06,,2026-07-29T17:44:46
16430223,2023-05-04,2024-07-29,,2026-07-29T17:44:46
16437949,2023-05-04,2023-05-12,,2026-07-29T17:44:46
16438993,2023-05-04,2025-02-27,,2026-07-29T17:44:46
16439533,2023-05-04,2023-05-04,,2026-07-29T17:44:46
16440387,2023-05-04,2023-12-16,,2026-07-29T17:44:46
16442182,2023-05-04,2025-01-09,,2026-07-29T17:44:46
16442546,2023-05-04,2023-08-23,,2026-07-29T17:44:46
16442872,2023-05-04,2023-07-24,,2026-07-29T17:44:46
16442970,2023-05-04,2023-10-16,,2026-07-29T17:44:46
16443708,2023-05-04,2023-09-27,,2026-07-29T17:44:46
16444127,2023-05-04,2026-08-25,,2026-08-25T05:41:56
16444181,2023-05-04,2025-02-17,,2026-07-29T17:44:46
16444351,2023-05-04,2023-06-08,,2026-07-29T17:44:46
16444363,2023-05-04,2024-12-07,,2026-07-29T17:44:46
16444416,2023-05-04,2023-06-30,,2026-07-29T17:44:46
16444429,2023-05-04,2023-05-26,,2026-07-29T17:44:46
16444537,2023-05-04,2026-06-11,,2026-07-29T17:44:46
16444596,2023-05-04,2023-05-28,,2026-07-29T17:44:49
16445775,2023-05-04,2023-10-22,,2026-07-29T17:44:48
16446123,2023-05-04,2023-08-28,,2026-07-29T17:44:51
16446380,2023-05-04,2023-05-23,,2026-07-29T17:44:51
16446433,2023-05-04,2026-08-11,,2026-08-12T05:11:19
16447559,2023-05-05,2023-07-24,,2026-07-29T17:44:51
16447635,2023-05-05,2024-03-12,,2026-07-29T17:44:51
16447636,2023-05-05,2023-09-13,,2026-07-29T17:44:51
16447659,2023-05-05,2023-11-24,,2026-07-29T17:44:51
16447805,2023-05-05,2023-07-15,,2026-07-29T17:44:51
16448313,2023-05-05,2023-09-18,,2026-07-29T17:44:51
16448392,2023-05-05,2026-08-20,,2026-08-22T04:16:25
16448447,2023-05-05,2023-08-31,,2026-07-29T17:44:51
16448588,2023-05-05,2023-11-13,,2026-07-29T17:44:51
16448645,2023-05-05,2026-08-24,,2026-08-24T13:57:37
16448865,2023-05-05,2023-08-22,,2026-07-29T17:44:52
16449041,2023-05-05,2023-11-01,,2026-07-29T17:44:51
16449069,2023-05-05,2023-05-09,,2026-07-29T17:44:51
16449080,2023-05-05,2023-05-26,,2026-07-29T17:44:55
16449136,2023-05-05,2023-11-19,,2026-07-29T17:44:55
16449163,2023-05-05,2023-06-15,,2026-07-29T17:44:55
16453706,2023-05-05,2025-10-29,,2026-07-29T17:44:55
16454964,2023-05-05,2023-05-06,,2026-07-29T17:44:55
16457462,2023-05-05,2024-04-19,,2026-07-29T17:44:55
16457772,2023-05-05,2024-06-11,,2026-07-29T17:44:58
16459014,2023-05-05,2023-06-15,,2026-07-29T17:44:55
16460412,2023-05-05,2023-07-04,,2026-07-29T17:44:58
16460647,2023-05-05,2023-05-16,,2026-07-29T17:44:55
16460966,2023-05-05,2023-11-07,,2026-07-29T17:44:55
16461154,2023-05-05,2023-07-12,,2026-07-29T17:44:59
16462512,2023-05-05,2023-05-05,,2026-07-29T17:44:59
16462574,2023-05-05,2023-05-05,,2026-07-29T17:44:57
16462830,2023-05-05,2026-08-22,,2026-08-24T07:08:57
16462892,2023-05-05,2024-08-25,,2026-07-29T17:44:57
16470988,2023-05-06,2023-08-29,,2026-07-29T17:44:57
16472364,2023-05-06,2023-05-06,,2026-07-29T17:44:59
16472447,2023-05-06,2023-05-06,,2026-07-29T17:44:57
16473531,2023-05-06,2023-08-11,,2026-07-29T17:44:57
16473849,2023-05-06,2023-10-10,,2026-07-29T17:44:57
16474155,2023-05-06,2023-06-30,,2026-07-29T17:44:58
16474729,2023-05-06,2025-03-07,,2026-07-29T17:44:58
16475150,2023-05-06,2023-09-28,,2026-07-29T17:44:58
16476596,2023-05-07,2023-06-06,,2026-07-29T17:44:58
16476789,2023-05-07,2026-06-30,,2026-07-29T17:44:58
16477820,2023-05-07,2024-11-24,,2026-07-29T17:44:58
16478307,2023-05-07,2023-09-21,,2026-07-29T17:44:58
16481637,2023-05-07,2023-08-23,,2026-08-22T08:02:14
16483619,2023-05-07,2024-08-20,,2026-07-29T17:44:59
16484166,2023-05-07,2023-07-17,,2026-07-29T17:44:59
16484762,2023-05-07,2023-05-10,,2026-07-29T17:44:59
16484810,2023-05-07,2023-06-15,,2026-07-29T17:45:00
16485556,2023-05-07,2023-05-31,,2026-07-29T17:45:00
16487825,2023-05-08,2024-03-30,,2026-07-29T17:45:03
16491355,2023-05-08,2023-06-15,,2026-07-29T17:45:00
16496986,2023-05-08,2023-05-15,,2026-07-29T17:45:00
16497235,2023-05-08,2024-01-11,,2026-07-29T17:45:01
16498751,2023-05-08,2023-07-10,,2026-07-29T17:45:04
16503509,2023-05-08,2023-05-11,,2026-07-29T17:45:04
16504300,2023-05-09,2024-07-29,,2026-07-29T17:45:05
16504328,2023-05-09,2023-05-31,,2026-07-29T17:45:01
16505237,2023-05-09,2023-12-06,,2026-07-29T17:45:02
16505645,2023-05-09,2023-06-26,,2026-07-29T17:45:02
16505713,2023-05-09,2023-06-15,,2026-07-29T17:45:02
16506163,2023-05-09,2023-05-21,,2026-07-29T17:45:03
16510792,2023-05-09,2023-08-02,,2026-07-29T17:45:28
16514808,2023-05-09,2023-08-16,,2026-07-29T17:45:28
16518246,2023-05-09,2023-07-29,,2026-07-29T17:45:29
16519780,2023-05-09,2025-06-15,,2026-07-29T17:45:29
16520117,2023-05-09,2025-02-10,,2026-07-29T17:45:29
16522696,2023-05-10,2023-10-30,,2026-07-29T17:45:30
16524197,2023-05-10,2023-06-15,,2026-07-29T17:45:31
16534285,2023-05-10,2023-06-17,,2026-07-29T17:45:30
16535370,2023-05-10,2023-05-11,,2026-07-29T17:45:31
16536367,2023-05-10,2023-06-16,,2026-07-29T17:45:31
16538401,2023-05-10,2023-07-17,,2026-07-29T17:45:32
16544851,2023-05-11,2023-05-19,,2026-07-29T17:45:32
16551461,2023-05-11,2023-05-11,,2026-07-29T17:45:32
16553502,2023-05-11,2025-03-03,,2026-07-29T17:45:32
16554530,2023-05-11,2023-06-30,,2026-07-29T17:45:32
16555484,2023-05-11,2026-08-24,,2026-08-24T16:57:06
16556438,2023-05-11,2023-05-12,,2026-07-29T17:45:33
16557649,2023-05-11,2026-01-17,,2026-07-29T17:45:33
16557835,2023-05-11,2023-10-11,,2026-07-29T17:45:36
16558721,2023-05-11,2023-06-12,,2026-07-29T17:45:33
16560897,2023-05-11,2023-05-29,,2026-07-29T17:45:34
16560986,2023-05-11,2023-10-17,,2026-07-29T17:45:34
16561357,2023-05-12,2025-11-02,,2026-07-29T17:45:34
16562718,2023-05-12,2023-07-26,,2026-07-29T17:45:34
16565304,2023-05-12,2023-05-12,,2026-07-29T17:45:34
16565373,2023-05-12,2024-01-09,,2026-08-13T23:52:08
16565699,2023-05-12,2023-06-07,,2026-07-29T17:45:35
16565875,2023-05-12,2025-05-27,,2026-07-29T17:45:43
16566714,2023-05-12,2023-06-01,,2026-07-29T17:45:36
16570497,2023-05-12,2023-05-15,,2026-07-29T17:45:39
16570836,2023-05-12,2024-04-02,,2026-07-29T17:45:36
16572366,2023-05-12,2026-05-04,,2026-07-29T17:45:36
16572504,2023-05-12,2023-07-29,,2026-07-29T17:45:37
16572764,2023-05-12,2023-12-12,,2026-07-29T17:45:41
16574179,2023-05-12,2023-08-08,,2026-07-29T17:45:37
16576271,2023-05-12,2023-05-18,,2026-07-29T17:45:37
16576314,2023-05-12,2026-02-23,,2026-07-29T17:45:38
16577720,2023-05-12,2023-12-13,,2026-07-29T17:45:38
16578929,2023-05-13,2023-10-24,,2026-07-29T17:45:38
16580028,2023-05-13,2026-08-21,,2026-08-23T05:11:22
16580331,2023-05-13,2023-09-13,,2026-07-29T17:45:38
16581266,2023-05-13,2023-09-07,,2026-07-29T17:45:39
16587733,2023-05-13,2023-08-30,,2026-07-29T17:45:39
16588307,2023-05-13,2023-07-04,,2026-07-29T17:45:39
16588706,2023-05-13,2023-06-02,,2026-07-29T17:45:39
16590205,2023-05-14,2024-09-24,,2026-07-29T17:45:40
16590984,2023-05-14,2023-09-20,,2026-07-29T17:45:40
16591169,2023-05-14,2023-10-30,,2026-07-29T17:45:40
16591747,2023-05-14,2023-06-02,,2026-07-29T17:45:40
16592641,2023-05-14,2026-02-25,,2026-07-29T17:45:41
16593031,2023-05-14,2025-10-10,,2026-07-29T17:45:41
16597784,2023-05-14,2024-06-21,,2026-07-29T17:45:41
16598554,2023-05-14,2026-08-18,,2026-08-20T05:11:29
16598703,2023-05-14,2023-09-03,,2026-07-29T17:45:42
16598726,2023-05-14,2023-11-01,,2026-07-29T17:45:42
16599355,2023-05-15,2023-07-17,,2026-07-29T17:45:43
16599733,2023-05-15,2023-12-19,,2026-07-29T17:45:43
16599896,2023-05-15,2023-09-09,,2026-07-29T17:45:44
16600030,2023-05-15,2024-04-27,,2026-07-29T17:45:44
16600956,2023-05-15,2025-02-10,,2026-07-29T17:45:44
16604069,2023-05-15,2025-06-11,,2026-07-29T17:45:45
16604653,2023-05-15,2023-05-16,,2026-07-29T17:45:45
16608575,2023-05-15,2023-06-20,,2026-07-29T17:45:45
16610091,2023-05-15,2023-05-16,,2026-07-29T17:45:45
16610460,2023-05-15,2023-11-09,,2026-07-29T17:45:46
16611044,2023-05-15,2025-10-14,,2026-07-29T17:45:47
16611506,2023-05-15,2023-08-20,,2026-07-29T17:45:48
16613115,2023-05-15,2023-05-15,,2026-07-29T17:45:48
16613877,2023-05-15,2024-08-13,,2026-07-29T17:45:49
16614943,2023-05-15,2023-06-09,,2026-07-29T17:45:49
16615811,2023-05-15,2024-10-06,,2026-07-29T17:45:50
16617625,2023-05-16,2023-10-31,,2026-07-29T17:45:50
16619676,2023-05-16,2026-06-30,,2026-07-29T17:45:50
16619906,2023-05-16,2023-05-24,,2026-07-29T17:45:50
16620396,2023-05-16,2023-05-16,,2026-07-29T17:45:50
16620754,2023-05-16,2023-11-09,,2026-07-29T17:45:51
16627504,2023-05-16,2025-11-02,,2026-07-29T17:45:51
16627812,2023-05-16,2023-09-25,,2026-07-29T17:45:51
16627891,2023-05-16,2023-06-23,,2026-07-29T17:45:51
16627927,2023-05-16,2023-09-06,,2026-07-29T17:45:51
16628035,2023-05-16,2024-08-13,,2026-08-10T10:02:03
16628350,2023-05-16,2024-09-15,,2026-07-29T17:45:52
16628996,2023-05-16,2023-07-07,,2026-07-29T17:45:52
16631793,2023-05-16,2026-03-15,,2026-07-29T17:45:52
16632067,2023-05-16,2023-11-23,,2026-07-29T17:45:52
16632384,2023-05-16,2023-05-22,,2026-07-29T17:45:53
16633207,2023-05-16,2023-06-27,,2026-07-29T17:45:53
16633246,2023-05-16,2024-02-27,,2026-07-29T17:45:53
16635683,2023-05-16,2024-08-11,,2026-07-29T17:45:53
16635846,2023-05-16,2023-06-06,,2026-07-29T17:45:53
16637014,2023-05-17,2026-05-26,,2026-07-29T17:45:54
16638832,2023-05-17,2023-07-08,,2026-07-29T17:45:54
16638856,2023-05-17,2023-08-08,,2026-07-29T17:45:57
16646743,2023-05-17,2023-08-20,,2026-07-29T17:45:55
16650413,2023-05-17,2023-05-18,,2026-07-29T17:45:57
16650993,2023-05-17,2023-07-24,,2026-07-29T17:45:55
16651018,2023-05-17,2026-08-14,,2026-08-16T04:16:31
16653510,2023-05-17,2025-02-10,,2026-07-29T17:45:55
16654108,2023-05-17,2023-06-29,,2026-07-29T17:45:55
16654669,2023-05-17,2023-08-27,,2026-07-29T17:46:02
16654715,2023-05-17,2023-05-20,,2026-07-29T17:46:02
16655105,2023-05-17,2023-06-21,,2026-08-16T10:03:34
16655210,2023-05-17,2023-06-06,,2026-07-29T17:46:03
16655588,2023-05-18,2023-06-04,,2026-07-29T17:46:03
16655593,2023-05-18,2026-07-30,,2026-07-31T07:15:11
16655628,2023-05-18,2023-06-10,,2026-07-29T17:46:04
16656779,2023-05-18,2023-09-27,,2026-07-29T17:46:04
16657308,2023-05-18,2023-06-02,,2026-07-29T17:46:04
16658038,2023-05-18,2025-04-30,,2026-07-29T17:46:08
16658145,2023-05-18,2023-12-09,,2026-07-29T17:46:06
16658160,2023-05-18,2025-04-21,,2026-07-29T17:46:06
16660423,2023-05-18,2023-08-18,,2026-07-29T17:46:05
16663391,2023-05-18,2023-12-18,,2026-07-29T17:46:06
16664401,2023-05-18,2024-12-09,,2026-07-29T17:46:10
16665923,2023-05-18,2023-08-10,,2026-07-29T17:46:10
16668812,2023-05-18,2023-05-19,,2026-07-29T17:46:06
16669520,2023-05-18,2026-03-02,,2026-07-29T17:46:07
16669701,2023-05-18,2023-08-23,,2026-07-29T17:46:08
16670746,2023-05-18,2025-08-30,,2026-07-29T17:46:08
16671404,2023-05-18,2023-09-02,,2026-07-29T17:46:08
16671568,2023-05-18,2023-05-18,,2026-07-29T17:46:08
16671956,2023-05-18,2023-08-24,,2026-07-29T17:46:09
16673025,2023-05-18,2026-02-03,,2026-07-29T17:46:10
16673596,2023-05-18,2023-06-24,,2026-07-29T17:46:10
16674673,2023-05-19,2023-05-23,,2026-07-29T17:46:11
16674899,2023-05-19,2026-03-03,,2026-07-29T17:46:12
16676181,2023-05-19,2023-06-05,,2026-07-29T17:46:16
16676701,2023-05-19,2023-10-06,,2026-07-29T17:46:12
16682636,2023-05-19,2026-06-17,,2026-07-29T17:46:13
16684054,2023-05-19,2023-05-20,,2026-07-29T17:46:13
16684751,2023-05-19,2023-05-19,,2026-07-29T17:46:13
16685733,2023-05-19,2023-07-17,,2026-07-29T17:46:14
16686276,2023-05-19,2024-05-23,,2026-07-29T17:46:15
16687272,2023-05-19,2026-08-22,,2026-08-24T04:07:55
16687294,2023-05-19,2023-10-20,,2026-07-29T17:46:15
16688019,2023-05-19,2023-11-26,,2026-07-29T17:46:16
16688109,2023-05-19,2023-06-10,,2026-07-29T17:46:16
16688619,2023-05-19,2023-05-24,,2026-07-29T17:46:16
16688729,2023-05-19,2026-08-17,,2026-08-19T07:11:47
16689169,2023-05-19,2023-10-20,,2026-07-29T17:46:17
16689536,2023-05-19,2023-11-14,,2026-07-29T17:46:17
16689617,2023-05-19,2023-07-04,,2026-07-29T17:46:17
16690009,2023-05-19,2023-11-11,,2026-07-29T17:46:19
16690383,2023-05-19,2023-06-06,,2026-08-16T10:12:23
16690695,2023-05-19,2026-05-13,,2026-07-29T17:46:19
16690781,2023-05-20,2024-04-15,,2026-07-29T17:46:20
16691097,2023-05-20,2023-10-24,,2026-07-29T17:46:24
16691851,2023-05-20,2023-06-07,,2026-07-29T17:46:24
16692375,2023-05-20,2023-05-20,,2026-07-29T17:46:25
16693788,2023-05-20,2023-09-24,,2026-07-29T17:46:32
16697210,2023-05-20,2023-10-05,,2026-07-29T17:46:33
16697593,2023-05-20,2025-05-22,,2026-07-29T17:46:34
16697871,2023-05-20,2024-04-02,,2026-07-29T17:46:35
16698871,2023-05-20,2023-05-20,,2026-07-29T17:46:35
16699939,2023-05-20,2023-05-20,,2026-07-29T17:46:36
16701343,2023-05-20,2025-06-11,,2026-07-29T17:46:36
16701745,2023-05-20,2023-07-30,,2026-07-29T17:46:40
16701753,2023-05-20,2023-06-02,,2026-07-29T17:46:41
16701913,2023-05-20,2023-07-04,,2026-07-29T17:46:37
16702333,2023-05-21,2023-07-26,,2026-07-29T17:46:37
16702369,2023-05-21,2024-01-31,,2026-07-29T17:46:41
16702508,2023-05-21,2026-08-22,,2026-08-24T04:05:07
16702937,2023-05-21,2023-05-24,,2026-07-29T17:46:38
16702962,2023-05-21,2023-11-22,,2026-07-29T17:46:38
16703076,2023-05-21,2023-07-23,,2026-07-29T17:46:38
16703681,2023-05-21,2025-11-18,,2026-07-29T17:46:38
16707912,2023-05-21,2023-08-25,,2026-07-29T17:46:39
16707964,2023-05-21,2023-12-05,,2026-07-29T17:46:42
16708097,2023-05-21,2026-05-26,,2026-07-29T17:46:39
16709046,2023-05-21,2025-04-19,,2026-07-29T17:46:39
16709438,2023-05-21,2023-08-12,,2026-07-29T17:46:39
16711200,2023-05-21,2025-10-05,,2026-07-29T17:46:40
16711660,2023-05-22,2026-06-24,,2026-07-29T17:46:40
16715661,2023-05-22,2023-11-24,,2026-07-29T17:46:40
16723189,2023-05-22,2023-07-23,,2026-07-29T17:46:40
16724764,2023-05-22,2023-09-15,,2026-07-29T17:46:40
16725158,2023-05-22,2024-06-03,,2026-07-29T17:46:41
16727493,2023-05-22,2023-11-30,,2026-07-29T17:46:43
16728401,2023-05-22,2023-06-01,,2026-07-29T17:46:41
16733015,2023-05-23,2025-06-29,,2026-07-29T17:46:41
16733679,2023-05-23,2024-04-01,,2026-07-29T17:46:41
16742264,2023-05-23,2024-03-04,,2026-07-29T17:46:42
16742599,2023-05-23,2026-08-11,,2026-08-13T04:15:14
16742886,2023-05-23,2023-10-25,,2026-07-29T17:46:43
16743811,2023-05-23,2026-08-24,,2026-08-24T14:35:41
16745228,2023-05-23,2023-05-23,,2026-07-29T17:46:44
16747056,2023-05-23,2024-11-12,,2026-07-29T17:46:45
16748487,2023-05-23,2023-05-30,,2026-07-29T17:46:45
16748754,2023-05-24,2023-09-19,,2026-07-29T17:46:46
16748799,2023-05-24,2023-08-09,,2026-07-29T17:46:47
16751079,2023-05-24,2026-07-09,,2026-07-29T17:46:48
16760488,2023-05-24,2023-12-01,,2026-07-29T17:46:50
16761618,2023-05-24,2026-08-25,,2026-08-25T05:37:16
16761712,2023-05-24,2024-01-23,,2026-07-29T17:46:52
16765643,2023-05-24,2023-05-24,,2026-07-29T17:46:52
16767388,2023-05-25,2024-04-22,,2026-07-29T17:46:55
16767936,2023-05-25,2023-08-19,,2026-07-29T17:46:53
16768921,2023-05-25,2024-01-30,,2026-07-29T17:46:53
16769197,2023-05-25,2023-05-30,,2026-07-29T17:46:53
16779992,2023-05-25,2023-10-01,,2026-07-29T17:47:38
16781218,2023-05-25,2026-03-27,,2026-07-29T17:47:35
16781304,2023-05-25,2023-06-12,,2026-07-29T17:47:37
16781452,2023-05-25,2025-08-20,,2026-07-29T17:47:44
16783778,2023-05-26,2023-11-15,,2026-07-29T17:47:44
16784319,2023-05-26,2023-09-20,,2026-07-29T17:47:44
16784912,2023-05-26,2023-08-29,,2026-07-29T17:47:45
16786370,2023-05-26,2026-03-25,,2026-07-29T17:47:47
16793068,2023-05-26,2023-06-26,,2026-07-29T17:47:48
16794946,2023-05-26,2023-10-03,,2026-07-29T17:47:50
16796190,2023-05-26,2026-01-21,,2026-07-29T17:47:51
16796848,2023-05-26,2024-08-20,,2026-07-29T17:47:51
16797490,2023-05-26,2024-02-08,,2026-07-29T17:47:51
16797694,2023-05-26,2026-08-16,,2026-08-18T05:06:28
16799004,2023-05-26,2023-08-07,,2026-07-29T17:47:53
16799122,2023-05-26,2025-04-06,,2026-07-29T17:47:52
16800033,2023-05-27,2026-07-20,,2026-07-29T17:47:53
16800912,2023-05-27,2023-05-28,,2026-07-29T17:47:53
16801789,2023-05-27,2023-05-27,,2026-07-29T17:47:53
16803608,2023-05-27,2023-05-27,,2026-07-29T17:47:53
16807064,2023-05-27,2026-08-17,,2026-08-18T05:07:26
16807569,2023-05-27,2024-08-21,,2026-07-29T17:47:56
16808243,2023-05-27,2023-05-27,,2026-07-29T17:47:54
16808400,2023-05-27,2023-09-07,,2026-07-29T17:47:54
16809068,2023-05-27,2023-09-15,,2026-07-29T17:47:58
16809596,2023-05-27,2023-06-29,,2026-07-29T17:47:58
16810054,2023-05-27,2023-05-29,,2026-07-29T17:47:58
16810732,2023-05-28,2024-01-09,,2026-07-29T17:47:55
16810980,2023-05-28,2023-09-16,,2026-07-29T17:47:55
16811191,2023-05-28,2023-06-28,,2026-07-29T17:47:56
16811404,2023-05-28,2023-06-23,,2026-07-29T17:47:56
16811416,2023-05-28,2023-07-05,,2026-07-29T17:47:59
16814459,2023-05-28,2023-11-21,,2026-07-29T17:47:57
16816520,2023-05-28,2023-06-08,,2026-07-29T17:47:57
16816750,2023-05-28,2023-06-19,,2026-07-29T17:47:58
16819805,2023-05-28,2023-08-31,,2026-07-29T17:47:59
16820003,2023-05-28,2023-08-11,,2026-07-29T17:47:58
16820353,2023-05-29,2023-05-29,,2026-07-29T17:47:58
16825523,2023-05-29,2023-08-13,,2026-07-29T17:47:59
16830721,2023-05-29,2023-05-31,,2026-07-29T17:47:59
16830807,2023-05-29,2023-05-29,,2026-07-29T17:47:59
16832018,2023-05-29,2023-09-19,,2026-07-29T17:47:59
16832910,2023-05-29,2025-05-22,,2026-07-29T17:47:59
16832971,2023-05-29,2023-11-30,,2026-07-29T17:48:00
16834730,2023-05-29,2023-06-15,,2026-07-29T17:48:00
16834913,2023-05-29,2026-03-22,,2026-07-29T17:48:00
16835028,2023-05-29,2023-07-24,,2026-07-29T17:48:01
16835317,2023-05-29,2023-10-27,,2026-07-29T17:48:01
16835351,2023-05-29,2026-02-20,,2026-07-29T17:48:02
16835497,2023-05-29,2025-08-09,,2026-07-29T17:48:01
16844979,2023-05-30,2023-07-18,,2026-07-29T17:48:02
16847750,2023-05-30,2023-07-03,,2026-07-29T17:48:03
16849308,2023-05-30,2023-09-15,,2026-07-29T17:48:03
16852184,2023-05-30,2026-08-21,,2026-08-23T04:17:13
16854391,2023-05-30,2026-08-05,,2026-08-07T05:06:59
16855482,2023-05-30,2023-10-07,,2026-07-29T17:48:02
16855575,2023-05-30,2023-06-08,,2026-07-29T17:48:02
16857276,2023-05-31,2023-11-25,,2026-07-29T17:48:02
16857325,2023-05-31,2026-03-10,,2026-07-29T17:48:03
16857432,2023-05-31,2026-08-18,,2026-08-20T05:07:37
16858456,2023-05-31,2023-07-07,,2026-07-29T17:48:03
16858473,2023-05-31,2023-10-28,,2026-07-29T17:48:03
16858864,2023-05-31,2023-11-01,,2026-07-29T17:48:03
16858992,2023-05-31,2023-06-04,,2026-07-29T17:48:04
16869912,2023-05-31,2026-08-05,,2026-08-06T04:19:09
16873240,2023-05-31,2023-06-09,,2026-07-29T17:48:04
16874191,2023-05-31,2023-08-25,,2026-07-29T17:48:04
16874603,2023-05-31,2023-06-23,,2026-07-29T17:48:04
16875395,2023-05-31,2023-06-01,,2026-07-29T17:48:05
16875509,2023-05-31,2023-10-14,,2026-07-29T17:48:05
16878221,2023-06-01,2024-01-19,,2026-07-29T17:48:05
16878784,2023-06-01,2024-01-12,,2026-07-29T17:48:05
16879295,2023-06-01,2023-07-12,,2026-07-29T17:48:05
16879690,2023-06-01,2024-06-25,,2026-07-29T17:48:05
16884660,2023-06-01,2023-06-01,,2026-07-29T17:48:06
16885854,2023-06-01,2023-06-11,,2026-07-29T17:48:06
16888996,2023-06-01,2023-08-02,,2026-07-29T17:48:06
16890475,2023-06-01,2023-06-09,,2026-07-29T17:48:06
16890877,2023-06-01,2023-10-03,,2026-07-29T17:48:07
16892994,2023-06-01,2026-08-20,,2026-08-22T06:03:01
16893528,2023-06-01,2023-10-20,,2026-07-29T17:48:08
16893639,2023-06-01,2025-12-13,,2026-07-29T17:48:07
16893840,2023-06-01,2024-01-13,,2026-07-29T17:48:08
16894629,2023-06-01,2024-06-06,,2026-07-29T17:48:08
16897110,2023-06-02,2023-06-22,,2026-07-29T17:48:09
16899422,2023-06-02,2024-09-10,,2026-07-29T17:48:09
16906548,2023-06-02,2026-03-02,,2026-07-29T17:48:08
16906854,2023-06-02,2023-08-05,,2026-07-29T17:48:08
16906971,2023-06-02,2023-10-23,,2026-08-19T00:02:09
16907351,2023-06-02,2023-06-04,,2026-07-29T17:48:09
16908052,2023-06-02,2023-12-31,,2026-07-29T17:48:09
16908079,2023-06-02,2024-03-12,,2026-07-29T17:48:09
16908433,2023-06-02,2026-08-04,,2026-08-06T04:05:51
16908653,2023-06-02,2026-07-18,,2026-07-29T17:48:10
16910451,2023-06-02,2023-12-05,,2026-07-29T17:48:10
16910610,2023-06-02,2023-08-23,,2026-07-29T17:48:10
16911400,2023-06-02,2023-12-26,,2026-07-29T17:48:10
16911655,2023-06-02,2023-06-16,,2026-07-29T17:48:11
16911986,2023-06-02,2024-12-18,,2026-07-29T17:48:11
16912840,2023-06-02,2023-06-02,,2026-07-29T17:48:11
16913328,2023-06-02,2023-09-10,,2026-07-29T17:48:21
16913510,2023-06-02,2023-06-16,,2026-07-29T17:48:22
16914335,2023-06-02,2023-06-19,,2026-07-29T17:48:22
16915869,2023-06-03,2025-02-25,,2026-07-29T17:48:22
16916103,2023-06-03,2023-06-16,,2026-07-29T17:48:23
16916430,2023-06-03,2023-06-03,,2026-07-29T17:48:23
16918971,2023-06-03,2023-06-03,,2026-07-29T17:48:23
16919408,2023-06-03,2023-07-12,,2026-07-29T17:48:23
16924289,2023-06-03,2023-08-03,,2026-07-29T17:48:23
16925149,2023-06-03,2023-11-21,,2026-07-29T17:48:24
16925858,2023-06-03,2023-07-31,,2026-07-29T17:48:24
16926451,2023-06-03,2023-06-07,,2026-07-29T17:48:24
16926454,2023-06-03,2023-10-31,,2026-07-29T17:48:24
16928447,2023-06-04,2026-07-04,,2026-07-29T17:48:25
16928496,2023-06-04,2023-08-21,,2026-07-29T17:48:25
16928916,2023-06-04,2026-08-24,,2026-08-24T11:31:48
16929011,2023-06-04,2026-08-14,,2026-08-16T07:14:24
16929380,2023-06-04,2026-02-11,,2026-07-29T17:48:25
16929455,2023-06-04,2024-02-04,,2026-07-29T17:48:26
16929498,2023-06-04,2023-06-07,,2026-07-29T17:48:26
16930704,2023-06-04,2023-06-06,,2026-07-29T17:48:26
16931513,2023-06-04,2025-09-17,,2026-07-29T17:48:26
16931736,2023-06-04,2023-06-28,,2026-07-29T17:48:26
16931986,2023-06-04,2026-07-21,,2026-07-29T17:48:27
16932166,2023-06-04,2023-12-18,,2026-07-29T17:48:26
16934269,2023-06-04,2025-12-12,,2026-08-11T14:56:24
16934754,2023-06-04,2024-03-14,,2026-07-29T17:48:27
16935047,2023-06-04,2023-07-18,,2026-07-29T17:48:27
16935109,2023-06-04,2023-10-17,,2026-07-29T17:48:27
16935152,2023-06-04,2023-08-09,,2026-07-29T17:48:28
16935818,2023-06-04,2023-06-05,,2026-07-29T17:48:28
16936524,2023-06-04,2023-06-09,,2026-07-29T17:48:28
16936810,2023-06-04,2026-05-15,,2026-07-29T17:48:28
16937037,2023-06-04,2023-07-03,,2026-07-29T17:48:28
16937402,2023-06-04,2023-06-08,,2026-07-29T17:48:28
16937493,2023-06-04,2023-06-22,,2026-07-29T17:48:28
16938312,2023-06-04,2026-07-24,,2026-07-29T17:48:28
16938690,2023-06-04,2025-04-20,,2026-07-29T17:48:29
16938854,2023-06-04,2023-08-10,,2026-07-29T17:48:29
16938894,2023-06-04,2026-04-24,,2026-07-29T17:48:29
16938923,2023-06-04,2023-06-16,,2026-07-29T17:48:30
16939089,2023-06-04,2023-11-18,,2026-07-29T17:48:29
16939141,2023-06-04,2024-10-05,,2026-07-29T17:48:29
16939229,2023-06-04,2023-09-18,,2026-07-29T17:48:30
16939606,2023-06-05,2023-10-04,,2026-07-29T17:48:30
16940063,2023-06-05,2023-09-14,,2026-07-29T17:48:30
16940412,2023-06-05,2025-06-21,,2026-07-29T17:48:30
16940623,2023-06-05,2023-06-05,,2026-07-29T17:48:30
16941202,2023-06-05,2023-10-18,,2026-07-29T17:48:30
16941355,2023-06-05,2025-05-18,,2026-07-29T17:48:31
16941368,2023-06-05,2026-02-25,,2026-07-29T17:48:31
16941426,2023-06-05,2026-08-14,,2026-08-16T05:12:43
16941698,2023-06-05,2023-10-19,,2026-07-29T17:48:31
16942380,2023-06-05,2025-06-28,,2026-07-29T17:48:31
16942392,2023-06-05,2023-08-10,,2026-07-29T17:48:31
16942571,2023-06-05,2024-11-26,,2026-07-29T17:48:32
16942897,2023-06-05,2023-07-10,,2026-07-29T17:48:32
16943311,2023-06-05,2024-08-14,,2026-07-29T17:48:32
16943600,2023-06-05,2026-02-26,,2026-07-29T17:48:32
16943869,2023-06-05,2023-06-19,,2026-07-29T17:48:32
16944438,2023-06-05,2024-01-10,,2026-07-29T17:48:33
16955005,2023-06-05,2023-07-07,,2026-07-29T17:48:33
16955571,2023-06-05,2023-07-23,,2026-07-29T17:48:33
16956653,2023-06-05,2023-10-02,,2026-07-29T17:48:33
16956838,2023-06-05,2024-07-29,,2026-07-29T17:48:33
16958510,2023-06-05,2023-06-13,,2026-07-29T17:48:33
16959139,2023-06-05,2024-01-30,,2026-07-29T17:48:34
16960617,2023-06-05,2023-06-05,,2026-07-29T17:48:34
16960885,2023-06-05,2023-06-21,,2026-07-29T17:48:34
16961453,2023-06-05,2023-10-24,,2026-07-29T17:48:34
16963003,2023-06-06,2023-06-22,,2026-07-29T17:48:34
16964021,2023-06-06,2023-06-06,,2026-07-29T17:48:35
16965187,2023-06-06,2023-12-26,,2026-07-29T17:48:35
16968250,2023-06-06,2023-07-12,,2026-07-29T17:48:35
16970090,2023-06-06,2026-06-17,,2026-07-29T17:48:35
16973223,2023-06-06,2023-12-01,,2026-07-29T17:48:35
16974491,2023-06-06,2023-06-06,,2026-07-29T17:48:35
16975066,2023-06-06,2023-08-01,,2026-07-29T17:48:36
16975573,2023-06-06,2024-09-14,,2026-07-29T17:48:36
16975984,2023-06-06,2024-09-18,,2026-07-29T17:48:36
16976683,2023-06-06,2023-11-13,,2026-07-29T17:48:36
16977943,2023-06-06,2025-08-18,,2026-07-29T17:48:36
16980146,2023-06-06,2026-06-28,,2026-07-29T17:48:37
16980387,2023-06-06,2025-02-05,,2026-07-29T17:48:37
16980997,2023-06-06,2026-03-08,,2026-07-29T17:48:37
16981780,2023-06-06,2026-01-07,,2026-07-29T17:48:37
16982054,2023-06-07,2025-10-28,,2026-07-29T17:48:37
16982279,2023-06-07,2023-06-22,,2026-07-29T17:48:38
16982441,2023-06-07,2025-04-07,,2026-07-29T17:48:38
16982658,2023-06-07,2023-08-21,,2026-07-29T17:48:38
16983253,2023-06-07,2023-06-22,,2026-07-29T17:48:38
16983529,2023-06-07,2023-08-08,,2026-07-29T17:48:38
16983548,2023-06-07,2023-06-22,,2026-07-29T17:48:39
16984554,2023-06-07,2024-02-25,,2026-07-29T17:48:39
16985619,2023-06-07,2023-12-01,,2026-07-29T17:48:39
16988211,2023-06-07,2023-06-10,,2026-07-29T17:48:39
16988620,2023-06-07,2026-02-17,,2026-07-29T17:48:39
16993753,2023-06-07,2023-06-07,,2026-07-29T17:48:40
16997069,2023-06-07,2024-09-20,,2026-07-29T17:48:40
16998442,2023-06-07,2025-04-15,,2026-07-29T17:48:40
17000300,2023-06-07,2024-06-09,,2026-07-29T17:48:40
17000784,2023-06-07,2026-03-09,,2026-07-29T17:48:41
17000797,2023-06-08,2023-06-08,,2026-07-29T17:48:41
17001630,2023-06-08,2023-06-08,,2026-07-29T17:48:41
17001646,2023-06-08,2025-11-26,,2026-07-29T17:48:41
17001647,2023-06-08,2023-10-14,,2026-07-29T17:48:41
17003097,2023-06-08,2023-06-20,,2026-07-29T17:48:41
17003934,2023-06-08,2023-08-27,,2026-07-29T17:48:42
17006186,2023-06-08,2023-10-25,,2026-07-29T17:48:42
17010124,2023-06-08,2024-03-10,,2026-07-29T17:48:42
17013865,2023-06-08,2024-05-15,,2026-07-29T17:48:42
17014335,2023-06-08,2024-01-24,,2026-07-29T17:48:42
17015320,2023-06-08,2023-10-14,,2026-07-29T17:48:43
17016318,2023-06-08,2023-06-13,,2026-07-29T17:48:43
17018219,2023-06-08,2023-06-08,,2026-07-29T17:48:43
17018616,2023-06-08,2023-09-15,,2026-07-29T17:48:43
17019113,2023-06-08,2023-10-30,,2026-07-29T17:48:43
17019814,2023-06-08,2023-08-04,,2026-07-29T17:48:43
17020012,2023-06-09,2023-08-16,,2026-07-29T17:48:44
17020365,2023-06-09,2023-06-25,,2026-07-29T17:48:44
17023329,2023-06-09,2023-09-05,,2026-07-29T17:48:45
17023500,2023-06-09,2023-10-07,,2026-07-29T17:48:45
17026779,2023-06-09,2024-02-01,,2026-07-29T17:48:45
17027395,2023-06-09,2024-12-08,,2026-07-29T17:48:45
17030317,2023-06-09,2026-06-21,,2026-07-29T17:48:45
17032104,2023-06-09,2023-06-20,,2026-07-29T17:48:46
17032398,2023-06-09,2023-08-24,,2026-07-29T17:48:46
17041392,2023-06-09,2024-02-15,,2026-07-29T17:48:46
17043342,2023-06-09,2023-09-29,,2026-07-29T17:48:46
17044872,2023-06-09,2023-07-11,,2026-07-29T17:48:47
17047068,2023-06-10,2023-12-12,,2026-07-29T17:48:47
17048008,2023-06-10,2025-11-05,,2026-07-29T17:48:47
17049490,2023-06-10,2023-06-10,,2026-07-29T17:48:47
17050039,2023-06-10,2024-05-27,,2026-07-29T17:48:47
17056866,2023-06-10,2023-09-24,,2026-07-29T17:48:47
17057008,2023-06-10,2023-08-10,,2026-07-29T17:48:48
17057043,2023-06-10,2023-08-11,,2026-07-29T17:48:48
17058240,2023-06-10,2023-06-11,,2026-07-29T17:48:48
17058392,2023-06-10,2023-08-14,,2026-07-29T17:48:48
17062113,2023-06-11,2023-10-06,,2026-07-29T17:48:48
17065358,2023-06-11,2023-10-25,,2026-07-29T17:48:48
17066660,2023-06-11,2023-10-19,,2026-07-29T17:48:49
17067903,2023-06-11,2026-02-21,,2026-07-29T17:48:49
17069416,2023-06-11,2023-08-12,,2026-07-29T17:48:49
17071270,2023-06-12,2023-06-13,,2026-07-29T17:48:49
17082728,2023-06-12,2023-09-19,,2026-07-29T17:48:49
17082754,2023-06-12,2023-08-01,,2026-07-29T17:48:49
17083990,2023-06-12,2023-07-05,,2026-07-29T17:48:50
17085244,2023-06-12,2023-09-06,,2026-07-29T17:48:50
17085963,2023-06-12,2023-07-20,,2026-07-29T17:48:50
17089040,2023-06-12,2023-08-06,,2026-07-29T17:48:50
17090143,2023-06-12,2023-06-14,,2026-07-29T17:48:50
17090288,2023-06-12,2023-06-29,,2026-07-29T17:48:51
17090510,2023-06-12,2024-02-10,,2026-07-29T17:48:51
17092804,2023-06-13,2023-09-30,,2026-07-29T17:48:51
17093797,2023-06-13,2023-07-08,,2026-07-29T17:48:51
17095100,2023-06-13,2025-07-10,,2026-07-29T17:48:51
17101863,2023-06-13,2024-12-11,,2026-07-29T17:48:51
17102397,2023-06-13,2023-07-29,,2026-07-29T17:48:52
17102443,2023-06-13,2023-06-13,,2026-07-29T17:48:52
17102823,2023-06-13,2023-07-07,,2026-07-29T17:48:52
17103361,2023-06-13,2023-09-06,,2026-07-29T17:48:52
17106491,2023-06-13,2023-06-13,,2026-07-29T17:48:52
17107140,2023-06-13,2023-06-21,,2026-07-29T17:48:53
17107235,2023-06-13,2024-02-07,,2026-07-29T17:48:53
17107509,2023-06-13,2023-06-30,,2026-07-29T17:48:53
17107904,2023-06-13,2026-03-25,,2026-07-29T17:48:53
17108377,2023-06-13,2023-09-15,,2026-07-29T17:48:53
17109445,2023-06-13,2026-07-31,,2026-08-02T04:11:09
17110251,2023-06-13,2023-08-11,,2026-07-29T17:48:54
17111869,2023-06-14,2024-06-19,,2026-07-29T17:48:54
17112299,2023-06-14,2026-02-25,,2026-07-29T17:48:54
17115659,2023-06-14,2026-07-30,,2026-08-01T05:12:00
17116785,2023-06-14,2023-09-09,,2026-07-29T17:48:55
17117302,2023-06-14,2023-07-24,,2026-07-29T17:48:55
17124134,2023-06-14,2023-09-24,,2026-07-29T17:48:55
17124211,2023-06-14,2023-06-14,,2026-07-29T17:48:55
17124654,2023-06-14,2023-12-12,,2026-07-29T17:48:55
17125528,2023-06-14,2024-10-26,,2026-07-29T17:48:55
17126432,2023-06-14,2024-01-04,,2026-07-29T17:48:56
17127162,2023-06-14,2024-08-24,,2026-07-29T17:48:56
17128776,2023-06-14,2026-06-02,,2026-07-29T17:48:56
17130569,2023-06-14,2025-03-12,,2026-07-29T17:48:56
17130682,2023-06-14,2024-03-17,,2026-07-29T17:48:56
17131977,2023-06-15,2025-02-10,,2026-07-29T17:48:56
17132760,2023-06-15,2024-08-02,,2026-07-29T17:48:57
17135020,2023-06-15,2026-08-22,,2026-08-24T07:05:28
17135442,2023-06-15,2023-10-21,,2026-07-29T17:48:58
17136266,2023-06-15,2025-06-30,,2026-07-29T17:48:58
17142579,2023-06-15,2025-10-30,,2026-08-11T14:56:24
17142922,2023-06-15,2023-06-15,,2026-07-29T17:48:58
17148664,2023-06-15,2025-06-23,,2026-07-29T17:48:58
17150836,2023-06-15,2026-08-16,,2026-08-18T04:05:15
17151778,2023-06-15,2026-08-19,,2026-08-21T05:08:16
17152365,2023-06-15,2025-11-08,,2026-07-29T17:48:59
17153449,2023-06-16,2026-08-21,,2026-08-23T04:11:20
17153623,2023-06-16,2026-03-24,,2026-07-29T17:48:59
17153640,2023-06-16,2023-06-16,,2026-07-29T17:48:59
17154218,2023-06-16,2023-06-16,,2026-07-29T17:49:26
17154335,2023-06-16,2023-11-18,,2026-07-29T17:49:26
17156749,2023-06-16,2023-12-28,,2026-07-29T17:49:26
17157884,2023-06-16,2026-03-26,,2026-07-29T17:49:26
17159769,2023-06-16,2023-11-26,,2026-08-16T10:03:31
17163390,2023-06-16,2024-02-16,,2026-07-29T17:49:27
17163967,2023-06-16,2023-08-04,,2026-07-29T17:49:27
17164680,2023-06-16,2024-02-10,,2026-07-29T17:49:27
17165544,2023-06-16,2023-07-01,,2026-07-29T17:49:27
17165753,2023-06-16,2023-06-30,,2026-07-29T17:49:27
17165794,2023-06-16,2023-06-19,,2026-07-29T17:49:28
17166521,2023-06-16,2026-04-27,,2026-07-29T17:49:28
17167641,2023-06-16,2026-08-24,,2026-08-24T17:50:43
17168791,2023-06-16,2023-06-17,,2026-07-29T17:49:28
17169157,2023-06-16,2023-06-17,,2026-07-29T17:49:28
17169455,2023-06-16,2023-11-13,,2026-07-29T17:49:28
17170327,2023-06-17,2023-08-29,,2026-07-29T17:49:29
17170958,2023-06-17,2023-07-20,,2026-07-29T17:49:29
17174641,2023-06-17,2023-12-07,,2026-07-29T17:49:29
17178847,2023-06-17,2023-07-08,,2026-07-29T17:49:29
17179579,2023-06-17,2023-07-24,,2026-07-29T17:49:30
17179648,2023-06-17,2023-09-14,,2026-07-29T17:49:30
17180006,2023-06-17,2023-06-26,,2026-07-29T17:49:30
17181151,2023-06-17,2023-09-22,,2026-07-29T17:49:30
17181222,2023-06-17,2023-10-18,,2026-07-29T17:49:30
17182873,2023-06-17,2024-10-28,,2026-07-29T17:49:31
17183200,2023-06-17,2023-10-26,,2026-07-29T17:49:31
17183290,2023-06-18,2023-08-05,,2026-07-29T17:49:31
17183810,2023-06-18,2026-08-24,,2026-08-24T23:45:12
17184617,2023-06-18,2023-07-26,,2026-07-29T17:49:31
17184896,2023-06-18,2024-03-25,,2026-07-29T17:49:32
17190014,2023-06-18,2023-09-30,,2026-07-29T17:49:32
17192358,2023-06-18,2023-06-20,,2026-07-29T17:49:32
17194707,2023-06-19,2023-10-01,,2026-07-29T17:49:32
17195840,2023-06-19,2023-08-08,,2026-07-29T17:49:33
17201325,2023-06-19,2023-12-04,,2026-07-29T17:49:33
17204396,2023-06-19,2023-06-24,,2026-07-29T17:49:33
17206448,2023-06-19,2023-06-22,,2026-07-29T17:49:34
17206818,2023-06-19,2024-06-05,,2026-07-29T17:49:34
17207874,2023-06-19,2023-07-05,,2026-07-29T17:49:34
17208800,2023-06-19,2023-06-19,,2026-07-29T17:49:34
17210092,2023-06-19,2023-12-18,,2026-07-29T17:49:35
17210458,2023-06-19,2026-04-21,,2026-07-29T17:49:35
17210658,2023-06-19,2025-06-29,,2026-07-29T17:49:35
17212127,2023-06-19,2026-06-01,,2026-07-29T17:49:35
17213139,2023-06-20,2024-12-31,,2026-07-29T17:49:35
17213153,2023-06-20,2023-07-06,,2026-07-29T17:49:35
17213201,2023-06-20,2023-09-19,,2026-07-29T17:49:35
17213622,2023-06-20,2023-10-28,,2026-07-29T17:49:36
17213693,2023-06-20,2023-07-10,,2026-07-29T17:49:36
17214033,2023-06-20,2023-06-20,,2026-07-29T17:49:36
17214634,2023-06-20,2023-06-20,,2026-07-29T17:49:36
17215779,2023-06-20,2026-07-21,,2026-07-29T17:49:36
17216447,2023-06-20,2024-01-01,,2026-07-29T17:49:37
17217116,2023-06-20,2023-06-22,,2026-07-29T17:49:37
17218175,2023-06-20,2026-07-22,,2026-07-29T17:49:37
17221833,2023-06-20,2023-11-24,,2026-07-29T17:49:37
17225500,2023-06-20,2026-05-30,,2026-07-29T17:49:37
17226479,2023-06-20,2024-04-21,,2026-07-29T17:49:38
17227247,2023-06-20,2023-06-20,,2026-07-29T17:49:38
17228351,2023-06-20,2023-07-12,,2026-07-29T17:49:38
17229390,2023-06-20,2023-12-25,,2026-07-29T17:49:38
17229482,2023-06-20,2026-07-19,,2026-07-29T17:49:38
17230734,2023-06-20,2023-06-27,,2026-07-29T17:49:38
17231273,2023-06-20,2024-07-12,,2026-07-29T17:49:39
17231430,2023-06-20,2025-02-01,,2026-07-29T17:49:39
17231731,2023-06-20,2026-08-04,,2026-08-16T10:03:31
17232205,2023-06-20,2023-09-07,,2026-07-29T17:49:39
17232340,2023-06-20,2023-06-20,,2026-07-29T17:49:39
17232732,2023-06-20,2023-09-04,,2026-07-29T17:49:40
17232735,2023-06-20,2023-07-30,,2026-07-29T17:49:40
17232846,2023-06-20,2024-03-22,,2026-07-29T17:49:40
17233019,2023-06-20,2024-01-03,,2026-07-29T17:49:41
17233240,2023-06-20,2026-08-05,,2026-08-07T05:09:27
17233407,2023-06-20,2023-12-14,,2026-07-29T17:49:41
17233501,2023-06-21,2024-01-09,,2026-07-29T17:49:41
17234581,2023-06-21,2023-09-15,,2026-07-29T17:49:41
17234582,2023-06-21,2023-08-12,,2026-07-29T17:49:41
17235286,2023-06-21,2024-04-16,,2026-07-29T17:49:41
17236030,2023-06-21,2024-08-20,,2026-07-29T17:49:41
17244250,2023-06-21,2024-05-06,,2026-07-29T17:49:42
17245806,2023-06-21,2023-09-21,,2026-07-29T17:49:42
17246241,2023-06-21,2025-01-25,,2026-07-29T17:49:42
17246391,2023-06-21,2023-07-27,,2026-07-29T17:49:42
17246691,2023-06-21,2023-08-18,,2026-07-29T17:49:42
17248499,2023-06-21,2023-06-28,,2026-07-29T17:49:43
17249033,2023-06-21,2024-09-24,,2026-07-29T17:49:43
17249247,2023-06-21,2023-07-15,,2026-07-29T17:49:43
17250469,2023-06-21,2023-07-06,,2026-07-29T17:49:43
17250843,2023-06-21,2023-08-17,,2026-07-29T17:49:43
17251056,2023-06-21,2023-09-16,,2026-07-29T17:49:44
17251501,2023-06-21,2024-02-11,,2026-07-29T17:49:44
17252239,2023-06-21,2024-03-23,,2026-07-29T17:49:44
17252607,2023-06-21,2023-09-25,,2026-07-29T17:49:45
17253245,2023-06-21,2023-08-09,,2026-07-29T17:49:45
17253973,2023-06-21,2023-07-11,,2026-07-29T17:49:45
17254383,2023-06-22,2023-06-30,,2026-07-29T17:49:45
17257761,2023-06-22,2024-01-11,,2026-07-29T17:49:47
17261543,2023-06-22,2023-10-25,,2026-07-29T17:49:47
17261892,2023-06-22,2023-10-27,,2026-07-29T17:49:47
17267215,2023-06-22,2023-07-05,,2026-07-29T17:49:47
17268570,2023-06-22,2023-07-17,,2026-07-29T17:49:47
17270046,2023-06-22,2023-08-02,,2026-07-29T17:49:48
17270354,2023-06-22,2024-08-12,,2026-07-29T17:49:48
17271281,2023-06-22,2023-06-22,,2026-07-29T17:49:48
17271444,2023-06-22,2024-11-22,,2026-07-29T17:49:48
17274569,2023-06-22,2023-08-10,,2026-07-29T17:49:49
17276277,2023-06-23,2026-02-22,,2026-07-29T17:49:49
17276339,2023-06-23,2025-03-03,,2026-07-29T17:49:49
17279898,2023-06-23,2026-02-15,,2026-07-29T17:49:49
17281932,2023-06-23,2023-06-23,,2026-07-29T17:49:49
17281944,2023-06-23,2023-06-30,,2026-07-29T17:49:50
17285679,2023-06-23,2023-11-09,,2026-07-29T17:49:50
17286426,2023-06-23,2024-02-23,,2026-07-29T17:49:50
17286789,2023-06-23,2023-06-23,,2026-07-29T17:49:50
17287503,2023-06-23,2023-11-24,,2026-07-29T17:49:50
17287739,2023-06-23,2023-07-07,,2026-07-29T17:49:50
17288188,2023-06-23,2023-10-24,,2026-07-29T17:49:50
17288834,2023-06-23,2023-07-14,,2026-07-29T17:49:51
17289793,2023-06-23,2023-07-08,,2026-07-29T17:49:51
17290880,2023-06-23,2023-06-28,,2026-07-29T17:49:51
17291238,2023-06-23,2023-08-23,,2026-07-29T17:49:51
17291783,2023-06-23,2025-08-12,,2026-07-29T17:49:51
17292246,2023-06-23,2024-10-19,,2026-07-29T17:49:51
17292328,2023-06-23,2023-06-23,,2026-07-29T17:49:52
17292508,2023-06-23,2024-02-09,,2026-07-29T17:49:52
17293411,2023-06-23,2023-09-06,,2026-07-29T17:49:52
17293822,2023-06-24,2024-09-16,,2026-07-29T17:49:52
17294806,2023-06-24,2023-06-28,,2026-07-29T17:49:52
17301012,2023-06-24,2023-08-08,,2026-07-29T17:49:53
17301891,2023-06-24,2023-09-06,,2026-07-29T17:49:53
17302412,2023-06-24,2023-06-24,,2026-07-29T17:49:53
17303289,2023-06-24,2023-10-15,,2026-07-29T17:49:53
17303802,2023-06-24,2024-04-23,,2026-07-29T17:49:53
17303841,2023-06-24,2023-07-15,,2026-07-29T17:49:53
17305494,2023-06-24,2026-05-18,,2026-08-16T10:04:21
17306056,2023-06-24,2023-12-26,,2026-07-29T17:49:54
17306178,2023-06-24,2023-09-12,,2026-07-29T17:49:54
17307449,2023-06-25,2023-07-23,,2026-07-29T17:49:54
17307599,2023-06-25,2024-03-24,,2026-07-29T17:49:54
17308237,2023-06-25,2023-06-25,,2026-07-29T17:49:55
17308380,2023-06-25,2023-11-02,,2026-07-29T17:49:55
17309379,2023-06-25,2023-10-03,,2026-07-29T17:49:55
17311626,2023-06-25,2023-06-26,,2026-07-29T17:49:56
17312082,2023-06-25,2023-12-21,,2026-08-17T10:03:20
17312979,2023-06-25,2023-07-07,,2026-07-29T17:49:55
17313636,2023-06-25,2023-08-23,,2026-07-29T17:49:56
17313883,2023-06-25,2023-07-13,,2026-07-29T17:49:56
17314089,2023-06-25,2024-06-04,,2026-07-29T17:49:56
17315151,2023-06-25,2026-04-05,,2026-07-29T17:49:56
17315398,2023-06-25,2026-08-21,,2026-08-23T04:12:57
17315486,2023-06-25,2023-07-28,,2026-07-29T17:49:57
17315738,2023-06-25,2023-06-25,,2026-07-29T17:49:57
17315824,2023-06-25,2026-08-16,,2026-08-17T04:14:59
17316050,2023-06-25,2024-06-04,,2026-07-29T17:49:57
17316422,2023-06-25,2023-06-25,,2026-07-29T17:49:57
17317026,2023-06-26,2023-11-25,,2026-07-29T17:49:57
17317760,2023-06-26,2024-07-02,,2026-07-29T17:49:58
17318125,2023-06-26,2023-08-14,,2026-07-29T17:49:58
17328199,2023-06-26,2023-06-26,,2026-07-29T17:49:58
17329399,2023-06-26,2026-07-04,,2026-07-29T17:49:58
17334284,2023-06-26,2024-05-12,,2026-07-29T17:49:58
17335387,2023-06-26,2023-09-24,,2026-07-29T17:49:59
17336895,2023-06-26,2024-03-17,,2026-07-29T17:49:59
17337249,2023-06-26,2023-08-19,,2026-07-29T17:49:59
17338261,2023-06-26,2024-02-01,,2026-07-29T17:49:59
17342835,2023-06-27,2024-08-15,,2026-08-17T10:03:20
17349674,2023-06-27,2026-08-22,,2026-08-24T04:12:39
17351198,2023-06-27,2023-11-23,,2026-07-29T17:50:01
17352228,2023-06-27,2023-12-14,,2026-07-29T17:50:01
17353468,2023-06-27,2023-07-19,,2026-07-29T17:50:01
17360401,2023-06-27,2025-03-31,,2026-07-29T17:50:01
17361411,2023-06-27,2024-10-17,,2026-07-29T17:50:02
17361430,2023-06-27,2023-06-27,,2026-07-29T17:50:02
17362279,2023-06-28,2023-07-28,,2026-07-29T17:50:02
17362386,2023-06-28,2023-09-26,,2026-07-29T17:50:02
17362701,2023-06-28,2023-06-28,,2026-07-29T17:50:02
17365641,2023-06-28,2023-09-02,,2026-07-29T17:50:03
17366615,2023-06-28,2023-06-30,,2026-07-29T17:50:03
17373590,2023-06-28,2023-07-06,,2026-07-29T17:50:03
17374208,2023-06-28,2023-12-19,,2026-07-29T17:50:03
17375194,2023-06-28,2023-07-12,,2026-07-29T17:50:03
17375293,2023-06-28,2023-06-28,,2026-07-29T17:50:03
17375703,2023-06-28,2023-11-09,,2026-07-29T17:50:04
17377147,2023-06-28,2023-07-08,,2026-07-29T17:50:04
17377322,2023-06-28,2023-11-08,,2026-07-29T17:50:04
17377525,2023-06-28,2023-08-21,,2026-07-29T17:50:04
17377737,2023-06-28,2023-11-09,,2026-07-29T17:50:04
17378639,2023-06-28,2025-05-04,,2026-07-29T17:50:05
17379187,2023-06-28,2025-03-24,,2026-07-29T17:50:05
17379875,2023-06-28,2023-10-08,,2026-07-29T17:50:05
17380166,2023-06-28,2025-05-06,,2026-07-29T17:50:05
17380580,2023-06-28,2024-06-01,,2026-07-29T17:50:05
17381387,2023-06-29,2026-07-07,,2026-07-29T17:50:05
17382141,2023-06-29,2026-08-20,,2026-08-22T04:16:27
17382685,2023-06-29,2023-09-04,,2026-07-29T17:50:06
17382983,2023-06-29,2024-08-30,,2026-07-29T17:50:06
17383077,2023-06-29,2025-05-14,,2026-07-29T17:50:06
17383222,2023-06-29,2023-07-11,,2026-07-29T17:50:06
17383365,2023-06-29,2023-09-05,,2026-07-29T17:50:07
17384333,2023-06-29,2023-06-30,,2026-07-29T17:50:07
17389915,2023-06-29,2023-12-05,,2026-07-29T17:50:07
17390775,2023-06-29,2026-04-17,,2026-07-29T17:50:07
17390928,2023-06-29,2026-07-21,,2026-07-29T17:50:07
17392892,2023-06-29,2023-07-20,,2026-07-29T17:50:08
17392918,2023-06-29,2024-05-05,,2026-07-29T17:50:08
17393451,2023-06-29,2023-11-14,,2026-07-29T17:50:09
17393751,2023-06-29,2024-03-14,,2026-07-29T17:50:09
17394460,2023-06-29,2023-06-30,,2026-07-29T17:50:09
17395565,2023-06-29,2023-07-20,,2026-07-29T17:50:09
17396715,2023-06-29,2025-03-10,,2026-07-29T17:50:10
17396818,2023-06-29,2024-04-23,,2026-07-29T17:50:10
17397014,2023-06-29,2025-04-16,,2026-07-29T17:50:10
17397505,2023-06-29,2023-08-15,,2026-07-29T17:50:11
17397640,2023-06-29,2024-01-27,,2026-07-29T17:50:11
17398199,2023-06-30,2023-07-04,,2026-07-29T17:50:11
17398310,2023-06-30,2023-09-11,,2026-07-29T17:50:11
17398324,2023-06-30,2023-09-20,,2026-07-29T17:50:12
17398439,2023-06-30,2026-08-16,,2026-08-17T07:10:12
17398753,2023-06-30,2023-10-09,,2026-07-29T17:50:12
17398884,2023-06-30,2024-07-25,,2026-07-29T17:50:13
17399751,2023-06-30,2023-09-14,,2026-07-29T17:50:13
17400275,2023-06-30,2024-06-26,,2026-07-29T17:50:14
17400401,2023-06-30,2023-11-12,,2026-07-29T17:50:14
17406030,2023-06-30,2023-07-19,,2026-07-29T17:50:14
17407040,2023-06-30,2025-06-15,,2026-07-29T17:50:16
17407522,2023-06-30,2023-06-30,,2026-07-29T17:50:16
17407568,2023-06-30,2024-12-30,,2026-08-11T14:56:24
17407585,2023-06-30,2023-06-30,,2026-07-29T17:50:17
17407609,2023-06-30,2023-11-30,,2026-07-29T17:50:17
17409678,2023-06-30,2023-08-21,,2026-07-29T17:50:18
17410657,2023-06-30,2023-08-26,,2026-07-29T17:50:18
17411443,2023-06-30,2023-08-18,,2026-07-29T17:50:19
17411858,2023-06-30,2024-03-21,,2026-07-29T17:50:19
17413081,2023-06-30,2023-07-14,,2026-07-29T17:50:19
17413115,2023-06-30,2023-07-18,,2026-07-29T17:50:19
17413129,2023-06-30,2025-04-30,,2026-07-29T17:50:20
17413967,2023-06-30,2023-11-02,,2026-07-29T17:50:20
17414026,2023-06-30,2023-08-21,,2026-07-29T17:50:20
17414930,2023-06-30,2024-11-10,,2026-07-29T17:50:20
17414943,2023-06-30,2023-06-30,,2026-07-29T17:50:21
17415030,2023-06-30,2023-07-25,,2026-07-29T17:50:21
17415255,2023-06-30,2023-07-01,,2026-07-29T17:50:21
17415468,2023-06-30,2024-09-29,,2026-07-29T17:50:21
17415514,2023-06-30,2024-04-30,,2026-07-29T17:50:21
17415959,2023-06-30,2023-08-20,,2026-07-29T17:50:22
17416103,2023-07-01,2023-07-12,,2026-07-29T17:50:21
17417114,2023-07-01,2023-08-20,,2026-07-29T17:50:22
17417386,2023-07-01,2025-09-17,,2026-07-29T17:50:22
17418202,2023-07-01,2026-08-11,,2026-08-13T05:09:07
17418279,2023-07-01,2025-08-28,,2026-07-29T17:50:23
17418629,2023-07-01,2023-09-13,,2026-07-29T17:50:23
17424996,2023-07-01,2023-10-31,,2026-07-29T17:50:24
17426154,2023-07-01,2023-09-20,,2026-07-29T17:50:24
17426497,2023-07-01,2025-05-17,,2026-07-29T17:50:24
17426581,2023-07-01,2023-07-26,,2026-07-29T17:50:24
17427976,2023-07-01,2023-09-24,,2026-07-29T17:50:24
17428039,2023-07-01,2024-02-26,,2026-07-29T17:50:26
17428249,2023-07-01,2023-09-27,,2026-07-29T17:50:26
17428562,2023-07-01,2023-08-03,,2026-07-29T17:50:26
17429784,2023-07-01,2024-12-23,,2026-07-29T17:50:27
17430689,2023-07-02,2024-04-19,,2026-07-29T17:50:27
17430742,2023-07-02,2023-10-10,,2026-07-29T17:50:27
17430868,2023-07-02,2024-04-24,,2026-07-29T17:50:27
17430919,2023-07-02,2025-10-08,,2026-07-29T17:50:28
17431630,2023-07-02,2024-11-03,,2026-08-12T08:01:12
17431993,2023-07-02,2024-02-13,,2026-07-29T17:50:28
17432402,2023-07-02,2024-05-14,,2026-07-29T17:50:28
17433247,2023-07-02,2023-09-20,,2026-07-29T17:50:49
17433395,2023-07-02,2023-08-07,,2026-07-29T17:50:49
17433428,2023-07-02,2023-07-18,,2026-07-29T17:50:49
17435649,2023-07-02,2023-10-22,,2026-07-29T17:50:50
17435949,2023-07-02,2023-09-03,,2026-07-29T17:50:49
17436208,2023-07-02,2023-07-02,,2026-07-29T17:50:49
17436392,2023-07-02,2026-07-15,,2026-07-29T17:50:50
17436532,2023-07-02,2023-07-02,,2026-07-29T17:50:50
17437621,2023-07-02,2024-10-16,,2026-07-29T17:50:50
17438313,2023-07-02,2023-07-05,,2026-07-29T17:50:51
17439077,2023-07-02,2023-10-08,,2026-07-29T17:50:52
17439598,2023-07-02,2024-12-26,,2026-07-29T17:50:52
17440287,2023-07-02,2023-07-02,,2026-07-29T17:50:51
17440617,2023-07-02,2023-10-03,,2026-07-29T17:50:51
17440686,2023-07-02,2023-10-05,,2026-08-12T10:01:47
17442098,2023-07-03,2023-07-03,,2026-07-29T17:50:52
17442418,2023-07-03,2023-07-04,,2026-07-29T17:50:52
17443547,2023-07-03,2025-01-31,,2026-07-29T17:50:52
17444876,2023-07-03,2023-08-09,,2026-07-29T17:50:52
17447350,2023-07-03,2024-04-04,,2026-07-29T17:50:53
17450086,2023-07-03,2023-08-20,,2026-07-29T17:50:54
17457269,2023-07-03,2023-08-30,,2026-07-29T17:50:54
17457509,2023-07-03,2025-11-29,,2026-07-29T17:50:55
17458515,2023-07-03,2023-11-04,,2026-07-29T17:50:54
17459419,2023-07-03,2023-07-25,,2026-07-29T17:50:54
17459472,2023-07-03,2023-08-20,,2026-07-29T17:50:54
17459590,2023-07-03,2023-07-23,,2026-07-29T17:50:54
17459621,2023-07-03,2023-07-26,,2026-07-29T17:50:54
17460741,2023-07-03,2023-12-19,,2026-07-29T17:50:54
17460812,2023-07-03,2023-08-24,,2026-07-29T17:50:55
17461061,2023-07-03,2024-05-26,,2026-07-29T17:50:56
17461299,2023-07-04,2023-11-14,,2026-07-29T17:50:56
17461533,2023-07-04,2024-01-16,,2026-07-29T17:50:55
17461922,2023-07-04,2023-12-28,,2026-07-29T17:50:55
17462275,2023-07-04,2023-07-23,,2026-07-29T17:50:55
17462319,2023-07-04,2024-11-22,,2026-07-29T17:50:56
17462341,2023-07-04,2023-08-02,,2026-07-29T17:50:56
17462369,2023-07-04,2024-09-20,,2026-07-29T17:50:56
17462628,2023-07-04,2023-07-04,,2026-07-29T17:50:56
17462983,2023-07-04,2023-07-04,,2026-07-29T17:50:57
17463176,2023-07-04,2026-06-22,,2026-07-29T17:50:57
17463878,2023-07-04,2023-08-17,,2026-07-29T17:50:57
17463912,2023-07-04,2023-08-15,,2026-07-29T17:50:57
17464225,2023-07-04,2023-09-14,,2026-07-29T17:50:57
17464923,2023-07-04,2025-09-09,,2026-07-29T17:50:57
17466347,2023-07-04,2024-02-29,,2026-07-29T17:50:57
17467161,2023-07-04,2026-06-20,,2026-07-29T17:50:58
17467316,2023-07-04,2023-09-23,,2026-07-29T17:50:58
17467936,2023-07-04,2023-10-03,,2026-07-29T17:50:58
17470089,2023-07-04,2023-07-21,,2026-07-29T17:50:58
17472339,2023-07-04,2026-03-22,,2026-07-29T17:50:58
17472848,2023-07-04,2024-01-08,,2026-07-29T17:50:59
17473319,2023-07-04,2024-05-25,,2026-07-29T17:50:59
17473364,2023-07-04,2023-07-19,,2026-07-29T17:50:59
17474516,2023-07-04,2026-06-03,,2026-07-29T17:51:01
17474959,2023-07-04,2024-08-05,,2026-07-29T17:50:59
17475674,2023-07-04,2023-07-26,,2026-07-29T17:51:00
17476228,2023-07-04,2026-08-10,,2026-08-11T07:10:47
17476856,2023-07-04,2026-01-18,,2026-07-29T17:51:00
17477178,2023-07-04,2026-08-21,,2026-08-23T05:12:04
17477238,2023-07-04,2025-05-15,,2026-07-29T17:51:02
17477745,2023-07-04,2023-10-06,,2026-07-29T17:51:01
17477873,2023-07-04,2025-08-01,,2026-07-29T17:51:01
17478118,2023-07-04,2023-07-08,,2026-07-29T17:51:01
17478270,2023-07-04,2024-01-20,,2026-07-29T17:51:01
17478302,2023-07-04,2023-07-21,,2026-07-29T17:51:01
17478409,2023-07-04,2023-10-05,,2026-07-29T17:51:02
17478515,2023-07-04,2023-08-03,,2026-07-29T17:51:02
17478567,2023-07-04,2025-09-06,,2026-07-29T17:51:02
17478662,2023-07-04,2026-08-24,,2026-08-24T21:52:05
17478950,2023-07-04,2024-06-04,,2026-07-29T17:51:03
17478978,2023-07-04,2023-12-22,,2026-07-29T17:51:03
17479157,2023-07-05,2024-08-25,,2026-07-29T17:51:03
17479334,2023-07-05,2025-05-20,,2026-07-29T17:51:03
17479738,2023-07-05,2023-12-12,,2026-07-29T17:51:04
17480095,2023-07-05,2023-11-22,,2026-07-29T17:51:03
17480233,2023-07-05,2023-09-25,,2026-07-29T17:51:03
17480252,2023-07-05,2023-07-05,,2026-07-29T17:51:03
17480388,2023-07-05,2023-09-06,,2026-07-29T17:51:04
17480475,2023-07-05,2023-10-05,,2026-07-29T17:51:04
17480590,2023-07-05,2024-02-26,,2026-07-29T17:51:04
17480778,2023-07-05,2023-08-09,,2026-07-29T17:51:04
17481210,2023-07-05,2024-02-24,,2026-07-29T17:51:04
17487204,2023-07-05,2023-10-04,,2026-07-29T17:51:05
17490024,2023-07-05,2024-09-24,,2026-07-29T17:51:05
17491595,2023-07-05,2025-12-10,,2026-07-29T17:51:05
17491902,2023-07-05,2023-07-06,,2026-07-29T17:51:05
17492465,2023-07-05,2024-07-06,,2026-07-29T17:51:05
17493815,2023-07-05,2024-07-23,,2026-08-16T10:11:27
17494420,2023-07-05,2023-07-07,,2026-07-29T17:51:06
17494973,2023-07-05,2023-07-08,,2026-07-29T17:51:06
17495798,2023-07-05,2023-10-08,,2026-07-29T17:51:06
17496043,2023-07-05,2026-08-17,,2026-08-19T07:12:33
17497248,2023-07-05,2023-11-07,,2026-07-29T17:51:07
17498325,2023-07-06,2024-01-13,,2026-07-29T17:51:07
17498786,2023-07-06,2025-07-09,,2026-07-29T17:51:07
17499025,2023-07-06,2025-03-01,,2026-07-29T17:51:25
17499561,2023-07-06,2023-07-19,,2026-07-29T17:51:25
17500812,2023-07-06,2023-08-14,,2026-07-29T17:51:25
17504610,2023-07-06,2023-07-06,,2026-07-29T17:51:25
17514982,2023-07-06,2026-06-19,,2026-07-29T17:51:25
17515966,2023-07-06,2023-12-08,,2026-07-29T17:51:25
17516833,2023-07-06,2023-07-06,,2026-07-29T17:51:26
17517677,2023-07-07,2023-07-26,,2026-07-29T17:51:26
17517866,2023-07-07,2023-07-20,,2026-07-29T17:51:26
17518508,2023-07-07,2023-11-01,,2026-08-16T10:11:27
17519052,2023-07-07,2026-06-18,,2026-07-29T17:51:26
17529570,2023-07-07,2024-03-21,,2026-07-29T17:51:27
17531341,2023-07-07,2023-08-20,,2026-07-29T17:51:27
17534005,2023-07-07,2023-07-11,,2026-07-29T17:51:27
17534022,2023-07-07,2024-01-03,,2026-07-29T17:51:27
17534493,2023-07-07,2023-07-09,,2026-07-29T17:51:27
17535275,2023-07-07,2026-04-30,,2026-07-29T17:51:27
17536266,2023-07-08,2024-02-04,,2026-07-29T17:51:28
17536977,2023-07-08,2026-07-14,,2026-07-29T17:51:28
17543512,2023-07-08,2023-08-24,,2026-07-29T17:51:28
17546651,2023-07-08,2023-08-25,,2026-07-29T17:51:28
17546781,2023-07-08,2025-07-05,,2026-07-29T17:51:28
17547940,2023-07-08,2023-07-24,,2026-07-29T17:51:28
17549296,2023-07-09,2023-09-27,,2026-07-29T17:51:28
17551032,2023-07-09,2023-10-06,,2026-07-29T17:51:29
17553107,2023-07-09,2025-07-25,,2026-07-29T17:51:29
17555121,2023-07-09,2023-08-17,,2026-07-29T17:51:29
17555285,2023-07-09,2023-07-09,,2026-07-29T17:51:29
17557176,2023-07-09,2023-11-30,,2026-07-29T17:51:30
17558650,2023-07-09,2025-03-22,,2026-07-29T17:51:30
17559605,2023-07-09,2023-07-17,,2026-07-29T17:51:30
17559837,2023-07-10,2023-11-21,,2026-07-29T17:51:30
17560027,2023-07-10,2023-07-19,,2026-07-29T17:51:30
17560115,2023-07-10,2023-07-10,,2026-07-29T17:51:30
17560969,2023-07-10,2023-09-13,,2026-07-29T17:51:30
17562071,2023-07-10,2025-03-24,,2026-07-29T17:51:31
17562169,2023-07-10,2023-07-10,,2026-07-29T17:51:31
17563201,2023-07-10,2025-03-27,,2026-07-29T17:51:31
17565011,2023-07-10,2026-08-22,,2026-08-24T04:08:36
17571857,2023-07-10,2023-08-16,,2026-07-29T17:51:31
17572009,2023-07-10,2026-08-24,,2026-08-24T23:35:34
17572242,2023-07-10,2026-02-26,,2026-07-29T17:51:32
17572267,2023-07-10,2024-12-14,,2026-07-29T17:51:32
17573267,2023-07-10,2023-07-10,,2026-07-29T17:51:32
17573919,2023-07-10,2024-02-19,,2026-07-29T17:51:32
17575117,2023-07-10,2023-07-31,,2026-07-29T17:51:32
17575269,2023-07-10,2023-07-28,,2026-07-29T17:51:33
17578861,2023-07-10,2023-09-15,,2026-07-29T17:51:33
17580392,2023-07-10,2026-05-27,,2026-07-29T17:51:33
17582595,2023-07-11,2023-07-19,,2026-07-29T17:51:33
17582612,2023-07-11,2024-03-28,,2026-07-29T17:51:33
17582992,2023-07-11,2024-05-29,,2026-07-29T17:51:34
17583214,2023-07-11,2024-09-19,,2026-07-29T17:51:34
17583336,2023-07-11,2023-08-23,,2026-07-29T17:51:34
17587353,2023-07-11,2024-07-22,,2026-07-29T17:51:34
17587669,2023-07-11,2023-08-18,,2026-07-29T17:51:34
17590346,2023-07-11,2026-02-25,,2026-07-29T17:51:34
17594608,2023-07-11,2023-09-15,,2026-07-29T17:51:35
17595417,2023-07-11,2023-07-12,,2026-07-29T17:51:35
17597028,2023-07-11,2026-01-09,,2026-07-29T17:51:35
17597337,2023-07-11,2023-08-12,,2026-07-29T17:51:35
17598652,2023-07-11,2023-07-18,,2026-07-29T17:51:35
17599646,2023-07-11,2023-10-17,,2026-07-29T17:51:36
17600281,2023-07-11,2023-09-06,,2026-07-29T17:51:36
17600935,2023-07-11,2024-06-19,,2026-07-29T17:51:36
17601320,2023-07-11,2023-07-18,,2026-07-29T17:51:36
17601559,2023-07-12,2023-07-13,,2026-07-29T17:51:36
17602048,2023-07-12,2024-03-08,,2026-07-29T17:51:36
17602720,2023-07-12,2023-07-14,,2026-07-29T17:51:36
17603474,2023-07-12,2023-07-13,,2026-07-29T17:51:37
17603928,2023-07-12,2023-10-15,,2026-07-29T17:51:37
17606982,2023-07-12,2025-12-12,,2026-07-29T17:51:37
17611213,2023-07-12,2024-07-10,,2026-07-29T17:51:37
17611777,2023-07-12,2025-08-06,,2026-07-29T17:51:37
17613416,2023-07-12,2026-06-07,,2026-07-29T17:51:38
17614569,2023-07-12,2023-08-18,,2026-07-29T17:51:38
17615004,2023-07-12,2023-10-23,,2026-07-29T17:51:38
17615011,2023-07-12,2023-09-20,,2026-07-29T17:51:38
17616892,2023-07-12,2023-12-15,,2026-07-29T17:51:38
17618542,2023-07-12,2024-04-28,,2026-07-29T17:51:39
17620528,2023-07-12,2023-09-29,,2026-07-29T17:51:39
17620684,2023-07-12,2023-09-04,,2026-07-29T17:51:39
17620710,2023-07-12,2023-07-15,,2026-07-29T17:51:39
17622442,2023-07-13,2024-02-06,,2026-07-29T17:51:40
17622640,2023-07-13,2024-09-18,,2026-07-29T17:51:40
17627511,2023-07-13,2024-01-27,,2026-07-29T17:51:40
17632400,2023-07-13,2023-07-23,,2026-07-29T17:51:40
17632789,2023-07-13,2023-07-13,,2026-07-29T17:51:40
17634914,2023-07-13,2023-08-09,,2026-07-29T17:51:40
17638172,2023-07-13,2023-11-08,,2026-07-29T17:51:40
17638435,2023-07-13,2026-05-06,,2026-07-30T15:42:46
17639471,2023-07-13,2023-07-13,,2026-07-29T17:51:41
17640954,2023-07-14,2024-02-01,,2026-07-29T17:51:41
17641204,2023-07-14,2026-03-03,,2026-07-29T17:51:41
17641419,2023-07-14,2023-07-14,,2026-07-29T17:51:41
17641583,2023-07-14,2023-07-19,,2026-07-29T17:51:42
17641672,2023-07-14,2023-11-20,,2026-07-29T17:51:42
17641806,2023-07-14,2023-09-20,,2026-07-29T17:51:44
17641933,2023-07-14,2023-08-13,,2026-07-29T17:51:45
17643280,2023-07-14,2024-04-24,,2026-07-29T17:51:46
17643506,2023-07-14,2023-09-09,,2026-07-29T17:51:45
17644084,2023-07-14,2023-07-14,,2026-07-29T17:51:45
17645770,2023-07-14,2023-08-16,,2026-07-29T17:51:45
17650728,2023-07-14,2023-07-31,,2026-07-29T17:51:46
17652222,2023-07-14,2023-07-14,,2026-07-29T17:51:46
17653336,2023-07-14,2023-08-27,,2026-07-29T17:51:46
17653679,2023-07-14,2023-07-20,,2026-07-29T17:51:46
17653704,2023-07-14,2024-11-11,,2026-07-29T17:51:46
17654168,2023-07-14,2023-08-14,,2026-07-29T17:51:47
17654755,2023-07-14,2023-08-05,,2026-07-29T17:51:47
17654807,2023-07-14,2023-10-27,,2026-07-29T17:51:47
17655555,2023-07-14,2023-07-14,,2026-07-29T17:51:48
17656168,2023-07-14,2023-07-14,,2026-07-29T17:51:48
17656733,2023-07-14,2024-09-26,,2026-07-29T17:51:48
17657310,2023-07-14,2023-09-22,,2026-07-29T17:51:49
17657949,2023-07-14,2026-08-24,,2026-08-24T19:36:15
17658485,2023-07-15,2024-03-04,,2026-07-29T17:51:49
17658715,2023-07-15,2024-08-23,,2026-07-30T03:30:06
17658740,2023-07-15,2023-07-15,,2026-07-29T17:51:50
17659131,2023-07-15,2026-05-21,,2026-07-29T17:51:50
17659200,2023-07-15,2023-07-30,,2026-07-29T17:51:50
17659731,2023-07-15,2025-05-25,,2026-07-29T17:51:50
17660625,2023-07-15,2023-10-16,,2026-07-29T17:51:50
17661614,2023-07-15,2023-07-15,,2026-07-29T17:51:50
17661691,2023-07-15,2025-04-05,,2026-07-29T17:51:51
17665406,2023-07-15,2023-08-02,,2026-07-29T17:51:51
17666876,2023-07-15,2023-09-29,,2026-07-29T17:51:51
17667772,2023-07-15,2023-12-15,,2026-07-29T17:51:51
17667827,2023-07-15,2023-08-19,,2026-07-29T17:51:51
17667846,2023-07-15,2023-08-01,,2026-07-29T17:51:52
17667991,2023-07-15,2023-11-09,,2026-07-29T17:51:52
17668996,2023-07-15,2023-09-25,,2026-07-29T17:51:52
17669325,2023-07-15,2023-11-26,,2026-07-29T17:51:52
17669494,2023-07-15,2023-07-15,,2026-07-29T17:51:52
17670398,2023-07-15,2023-10-27,,2026-07-29T17:51:52
17671070,2023-07-15,2026-06-26,,2026-07-29T17:51:53
17671117,2023-07-15,2026-02-27,,2026-07-29T17:51:53
17673922,2023-07-16,2025-06-11,,2026-07-29T17:51:53
17678887,2023-07-16,2023-09-15,,2026-07-29T17:51:53
17681493,2023-07-16,2023-08-23,,2026-07-29T17:51:53
17681779,2023-07-16,2023-08-19,,2026-07-29T17:51:53
17682505,2023-07-16,2023-07-17,,2026-07-29T17:51:53
17688873,2023-07-17,2026-08-24,,2026-08-24T23:21:31
17689675,2023-07-17,2023-10-11,,2026-07-29T17:51:54
17694564,2023-07-17,2023-12-19,,2026-07-29T17:51:54
17695406,2023-07-17,2023-10-23,,2026-07-29T17:51:54
17695765,2023-07-17,2026-03-08,,2026-07-29T17:51:54
17697342,2023-07-17,2023-08-01,,2026-07-29T17:51:54
17701303,2023-07-17,2023-11-02,,2026-07-29T17:51:55
17703449,2023-07-17,2026-06-02,,2026-07-29T17:51:55
17704929,2023-07-17,2023-11-20,,2026-07-29T17:51:55
17704956,2023-07-17,2025-04-04,,2026-07-29T17:51:55
17705170,2023-07-17,2023-08-14,,2026-07-29T17:51:56
17705788,2023-07-17,2023-08-07,,2026-07-29T17:51:56
17706931,2023-07-18,2023-10-08,,2026-07-29T17:51:56
17707656,2023-07-18,2024-01-13,,2026-07-29T17:51:56
17709958,2023-07-18,2024-02-18,,2026-07-29T17:51:56
17711924,2023-07-18,2023-09-29,,2026-07-29T17:51:56
17713369,2023-07-18,2023-11-26,,2026-07-29T17:51:56
17715955,2023-07-18,2023-09-17,,2026-07-29T17:51:57
17716514,2023-07-18,2024-05-18,,2026-07-29T17:51:57
17721454,2023-07-18,2024-03-11,,2026-07-29T17:51:57
17723030,2023-07-18,2026-06-09,,2026-07-29T17:51:57
17724602,2023-07-18,2023-11-08,,2026-07-29T17:51:57
17726742,2023-07-18,2023-12-29,,2026-07-29T17:51:58
17727118,2023-07-18,2023-07-22,,2026-07-29T17:51:58
17727425,2023-07-18,2024-01-20,,2026-07-29T17:51:58
17727594,2023-07-18,2023-10-16,,2026-07-29T17:51:58
17727727,2023-07-18,2023-12-25,,2026-07-29T17:51:58
17729337,2023-07-19,2024-03-03,,2026-08-17T10:03:20
17729710,2023-07-19,2024-09-09,,2026-07-29T17:51:59
17730421,2023-07-19,2023-07-19,,2026-07-29T17:51:59
17730724,2023-07-19,2023-09-27,,2026-07-29T17:51:59
17731700,2023-07-19,2023-11-12,,2026-07-29T17:51:59
17733919,2023-07-19,2026-08-23,,2026-08-23T14:40:05
17737223,2023-07-19,2023-10-03,,2026-07-29T17:51:59
17739872,2023-07-19,2023-08-12,,2026-07-29T17:52:00
17740611,2023-07-19,2025-09-09,,2026-07-29T17:52:01
17741531,2023-07-19,2023-07-19,,2026-07-29T17:52:00
17741612,2023-07-19,2026-04-02,,2026-07-29T17:52:01
17741852,2023-07-19,2023-07-21,,2026-07-29T17:52:01
17742759,2023-07-19,2024-01-26,,2026-07-29T17:52:01
17744115,2023-07-19,2023-07-19,,2026-07-29T17:52:01
17744230,2023-07-19,2023-09-23,,2026-07-29T17:52:01
17745912,2023-07-19,2024-08-15,,2026-07-29T17:52:01
17745939,2023-07-19,2023-07-24,,2026-07-29T17:52:02
17746827,2023-07-19,2023-07-24,,2026-07-29T17:52:02
17747006,2023-07-19,2023-08-01,,2026-07-29T17:52:02
17747014,2023-07-19,2023-07-19,,2026-07-29T17:52:02
17747627,2023-07-19,2023-07-25,,2026-07-29T17:52:03
17748166,2023-07-19,2023-08-11,,2026-07-29T17:52:03
17748514,2023-07-19,2026-08-22,,2026-08-23T04:23:51
17750365,2023-07-20,2023-07-20,,2026-07-29T17:52:03
17750604,2023-07-20,2023-07-22,,2026-07-29T17:52:03
17752577,2023-07-20,2026-08-23,,2026-08-25T04:08:57
17758378,2023-07-20,2023-11-17,,2026-07-29T17:52:08
17761678,2023-07-20,2026-05-16,,2026-08-16T10:03:34
17762789,2023-07-20,2023-07-20,,2026-07-29T17:52:08
17763275,2023-07-20,2023-07-20,,2026-07-29T17:52:08
17763363,2023-07-20,2024-02-07,,2026-08-15T18:09:00
17764383,2023-07-20,2023-10-23,,2026-07-29T17:52:08
17765062,2023-07-20,2024-07-17,,2026-07-29T17:52:08
17765298,2023-07-20,2024-06-21,,2026-07-29T17:52:09
17765484,2023-07-20,2024-12-17,,2026-07-29T17:52:09
17765675,2023-07-20,2024-08-19,,2026-07-29T17:52:09
17765864,2023-07-20,2023-08-21,,2026-07-29T17:52:09
17766883,2023-07-20,2023-07-24,,2026-07-29T17:52:10
17766972,2023-07-20,2023-07-31,,2026-07-29T17:52:10
17767850,2023-07-20,2023-08-18,,2026-07-29T17:52:10
17768567,2023-07-20,2023-08-10,,2026-07-29T17:52:11
17768717,2023-07-20,2023-07-20,,2026-07-29T17:52:11
17769143,2023-07-21,2023-08-03,,2026-07-29T17:52:11
17770014,2023-07-21,2024-03-06,,2026-07-29T17:52:12
17770177,2023-07-21,2026-01-15,,2026-07-29T17:52:11
17770299,2023-07-21,2023-07-29,,2026-07-29T17:52:12
17770676,2023-07-21,2023-08-18,,2026-07-29T17:52:12
17772211,2023-07-21,2023-07-21,,2026-07-29T17:52:12
17775332,2023-07-21,2023-08-26,,2026-07-29T17:52:12
17775565,2023-07-21,2025-07-31,,2026-07-29T17:52:12
17775832,2023-07-21,2023-09-25,,2026-07-29T17:52:13
17777553,2023-07-21,2023-08-19,,2026-07-29T17:52:13
17779693,2023-07-21,2023-11-04,,2026-07-29T17:52:13
17780548,2023-07-21,2024-12-06,,2026-07-29T17:52:13
17781416,2023-07-21,2023-07-21,,2026-07-29T17:52:14
17783665,2023-07-21,2024-05-13,,2026-07-29T17:52:14
17784820,2023-07-21,2026-05-22,,2026-07-29T17:52:14
17784896,2023-07-21,2025-02-25,,2026-07-29T17:52:14
17785447,2023-07-21,2023-07-21,,2026-07-29T17:52:14
17786035,2023-07-21,2026-01-06,,2026-07-29T17:52:15
17786295,2023-07-22,2024-03-07,,2026-07-30T03:30:06
17787466,2023-07-22,2023-08-15,,2026-07-29T17:52:16
17789950,2023-07-22,2024-03-29,,2026-07-29T17:52:16
17790992,2023-07-22,2024-05-16,,2026-07-29T17:52:16
17794995,2023-07-22,2023-09-07,,2026-07-29T17:52:17
17796469,2023-07-22,2024-06-04,,2026-07-29T17:52:16
17797112,2023-07-22,2023-07-23,,2026-07-29T17:52:18
17798453,2023-07-22,2025-06-30,,2026-07-29T17:52:18
17798751,2023-07-22,2024-02-05,,2026-07-29T17:52:18
17799801,2023-07-23,2023-07-23,,2026-07-29T17:52:17
17802080,2023-07-23,2023-08-29,,2026-07-29T17:52:18
17803429,2023-07-23,2023-07-24,,2026-07-29T17:52:17
17803443,2023-07-23,2024-06-18,,2026-07-29T17:52:18
17803513,2023-07-23,2024-03-08,,2026-07-29T17:52:18
17805450,2023-07-23,2023-09-20,,2026-07-29T17:52:18
17808194,2023-07-23,2025-07-01,,2026-07-29T17:52:18
17808218,2023-07-23,2023-08-28,,2026-07-29T17:52:18
17808952,2023-07-23,2024-02-02,,2026-07-29T17:52:26
17809521,2023-07-23,2023-08-28,,2026-07-29T17:52:26
17809794,2023-07-23,2024-02-06,,2026-07-29T17:52:26
17810080,2023-07-24,2024-07-03,,2026-07-29T17:52:27
17810398,2023-07-24,2023-08-23,,2026-07-29T17:52:27
17810854,2023-07-24,2023-11-27,,2026-07-29T17:52:27
17811134,2023-07-24,2025-06-04,,2026-07-29T17:52:27
17811387,2023-07-24,2024-04-13,,2026-08-10T10:02:03
17815084,2023-07-24,2023-08-26,,2026-07-29T17:52:28
17818386,2023-07-24,2023-12-27,,2026-07-29T17:52:28
17824054,2023-07-24,2024-01-08,,2026-07-29T17:52:28
17824298,2023-07-24,2023-09-17,,2026-07-29T17:52:29
17825093,2023-07-24,2025-06-29,,2026-07-29T17:52:29
17826815,2023-07-24,2023-11-01,,2026-07-29T17:52:29
17829873,2023-07-24,2023-07-24,,2026-07-29T17:52:29
17830081,2023-07-24,2025-05-02,,2026-07-29T17:52:30
17830317,2023-07-24,2025-08-05,,2026-07-29T17:52:30
17830763,2023-07-24,2023-07-31,,2026-07-29T17:52:30
17830977,2023-07-24,2023-12-07,,2026-07-29T17:52:30
17831939,2023-07-25,2024-12-26,,2026-07-29T17:52:30
17833318,2023-07-25,2025-07-30,,2026-07-29T17:52:30
17834729,2023-07-25,2023-08-22,,2026-07-29T17:52:30
17842111,2023-07-25,2024-09-12,,2026-07-29T17:52:31
17845262,2023-07-25,2023-09-07,,2026-07-29T17:52:31
17848214,2023-07-25,2023-07-25,,2026-07-29T17:52:31
17848670,2023-07-25,2023-08-18,,2026-07-29T17:52:31
17849275,2023-07-25,2023-09-17,,2026-07-29T17:52:31
17851349,2023-07-25,2023-08-15,,2026-07-29T17:52:32
17853103,2023-07-26,2025-02-13,,2026-07-29T17:52:32
17853286,2023-07-26,2024-06-11,,2026-07-29T17:52:32
17853883,2023-07-26,2024-01-23,,2026-07-29T17:52:33
17854382,2023-07-26,2024-12-28,,2026-07-29T17:52:33
17855774,2023-07-26,2023-10-17,,2026-07-29T17:52:33
17866397,2023-07-26,2023-11-05,,2026-07-29T17:52:33
17866733,2023-07-26,2023-08-06,,2026-07-29T17:52:34
17869101,2023-07-26,2024-03-10,,2026-07-29T17:52:34
17869925,2023-07-26,2023-09-01,,2026-07-29T17:52:34
17870223,2023-07-26,2023-08-13,,2026-07-29T17:52:34
17870395,2023-07-26,2023-09-09,,2026-07-29T17:52:34
17870735,2023-07-26,2023-12-21,,2026-07-29T17:52:34
17871031,2023-07-26,2023-12-31,,2026-07-29T17:52:35
17874913,2023-07-27,2023-09-17,,2026-07-29T17:52:35
17875050,2023-07-27,2023-10-04,,2026-07-29T17:52:35
17876242,2023-07-27,2026-04-08,,2026-07-29T17:52:35
17876721,2023-07-27,2023-10-05,,2026-07-29T17:52:35
17876805,2023-07-27,2023-11-28,,2026-07-29T17:52:35
17878514,2023-07-27,2023-09-19,,2026-07-29T17:52:36
17878623,2023-07-27,2024-04-26,,2026-07-29T17:52:36
17879256,2023-07-27,2024-03-16,,2026-07-29T17:52:36
17884288,2023-07-27,2023-08-16,,2026-07-29T17:52:36
17888598,2023-07-27,2024-01-20,,2026-08-16T10:04:44
17889989,2023-07-27,2026-05-23,,2026-07-29T17:52:37
17892662,2023-07-27,2024-10-29,,2026-07-29T17:52:37
17894446,2023-07-27,2023-08-03,,2026-07-29T17:52:37
17896395,2023-07-28,2024-10-09,,2026-07-29T17:52:37
17906055,2023-07-28,2024-04-15,,2026-07-29T17:52:38
17907554,2023-07-28,2025-03-04,,2026-07-29T17:52:38
17908598,2023-07-28,2026-07-13,,2026-07-29T17:52:38
17910437,2023-07-28,2025-03-30,,2026-07-29T17:52:38
17910638,2023-07-28,2026-05-02,,2026-08-16T10:03:32
17910738,2023-07-28,2023-08-26,,2026-07-29T17:52:38
17913243,2023-07-28,2023-11-13,,2026-07-29T17:52:39
17914086,2023-07-29,2024-10-23,,2026-07-29T17:52:39
17914163,2023-07-29,2023-10-14,,2026-07-29T17:52:39
17914898,2023-07-29,2023-09-25,,2026-07-29T17:52:39
17918244,2023-07-29,2023-08-19,,2026-07-29T17:52:39
17920782,2023-07-29,2023-10-15,,2026-07-29T17:52:40
17922467,2023-07-29,2024-07-31,,2026-07-29T17:52:40
17923815,2023-07-29,2024-03-11,,2026-07-29T17:52:40
17926254,2023-07-29,2023-07-31,,2026-07-29T17:52:40
17927642,2023-07-30,2024-05-05,,2026-07-29T17:52:40
17928316,2023-07-30,2025-08-27,,2026-08-16T10:04:44
17928453,2023-07-30,2025-07-20,,2026-07-29T17:52:42
17928960,2023-07-30,2023-08-13,,2026-07-29T17:52:42
17929558,2023-07-30,2024-05-09,,2026-07-29T17:52:42
17929794,2023-07-30,2024-01-04,,2026-07-29T17:52:42
17930181,2023-07-30,2023-09-10,,2026-07-29T17:52:42
17932959,2023-07-30,2024-01-28,,2026-07-29T17:52:43
17933264,2023-07-30,2026-01-13,,2026-08-16T10:03:15
17933525,2023-07-30,2023-08-31,,2026-07-29T17:52:43
17935492,2023-07-30,2025-01-18,,2026-07-29T17:52:43
17936172,2023-07-30,2023-08-23,,2026-07-29T17:52:43
17938795,2023-07-30,2023-11-16,,2026-07-29T17:52:43
17938812,2023-07-30,2024-02-02,,2026-07-29T17:52:44
17939390,2023-07-31,2024-02-10,,2026-07-29T17:52:44
17939420,2023-07-31,2026-08-11,,2026-08-13T07:14:46
17939946,2023-07-31,2023-09-20,,2026-07-29T17:52:44
17940915,2023-07-31,2023-08-31,,2026-07-29T17:52:45
17941152,2023-07-31,2023-10-13,,2026-07-29T17:52:45
17941378,2023-07-31,2023-08-26,,2026-07-29T17:52:45
17941558,2023-07-31,2024-08-18,,2026-07-29T17:52:45
17941878,2023-07-31,2024-12-11,,2026-07-29T17:52:45
17941885,2023-07-31,2026-08-15,,2026-08-16T04:26:27
17942424,2023-07-31,2025-07-07,,2026-07-29T17:52:46
17942458,2023-07-31,2025-11-24,,2026-07-29T17:52:46
17942739,2023-07-31,2023-09-25,,2026-07-29T17:52:46
17943475,2023-07-31,2023-10-04,,2026-07-29T17:52:47
17950548,2023-07-31,2023-09-12,,2026-07-29T17:52:47
17950738,2023-07-31,2023-08-18,,2026-07-29T17:52:47
17951743,2023-07-31,2024-02-03,,2026-07-29T17:52:47
17951910,2023-07-31,2023-10-07,,2026-07-29T17:52:47
17952140,2023-07-31,2025-02-26,,2026-07-29T17:52:48
17953582,2023-07-31,2023-09-23,,2026-07-29T17:52:48
17954123,2023-07-31,2024-01-16,,2026-07-29T17:52:48
17954702,2023-07-31,2024-04-21,,2026-07-29T17:52:48
17955151,2023-07-31,2023-10-14,,2026-07-29T17:52:48
17955290,2023-07-31,2024-05-04,,2026-07-29T17:52:48
17957490,2023-07-31,2023-10-31,,2026-07-29T17:52:49
17958179,2023-07-31,2025-04-07,,2026-08-04T00:56:26
17958803,2023-07-31,2024-04-15,,2026-07-29T17:52:49
17959630,2023-07-31,2023-08-24,,2026-07-29T17:52:49
17959914,2023-07-31,2023-09-03,,2026-07-29T17:52:49
17960202,2023-07-31,2023-10-01,,2026-07-29T17:52:49
17961591,2023-08-01,2023-09-06,,2026-07-29T17:52:49
17961638,2023-08-01,2023-12-05,,2026-07-29T17:52:50
17962438,2023-08-01,2026-08-20,,2026-08-21T07:17:08
17962728,2023-08-01,2026-07-31,,2026-08-02T04:17:54
17962823,2023-08-01,2023-09-19,,2026-07-29T17:52:50
17964864,2023-08-01,2023-08-01,,2026-07-29T17:52:50
17967414,2023-08-01,2025-10-30,,2026-07-29T17:52:51
17971804,2023-08-01,2025-10-03,,2026-07-29T17:52:51
17972299,2023-08-01,2023-10-21,,2026-07-29T17:52:51
17972556,2023-08-01,2023-08-22,,2026-07-29T17:52:51
17973764,2023-08-01,2023-12-01,,2026-07-29T17:52:52
17975356,2023-08-01,2023-08-15,,2026-07-29T17:52:52
17975911,2023-08-01,2023-09-20,,2026-07-29T17:52:53
17976388,2023-08-01,2026-04-16,,2026-07-29T17:52:53
17977005,2023-08-01,2023-08-08,,2026-07-29T17:52:53
17978415,2023-08-01,2023-08-08,,2026-07-29T17:52:53
17978699,2023-08-01,2024-02-25,,2026-07-29T17:52:53
17979143,2023-08-01,2023-09-19,,2026-07-29T17:52:53
17979482,2023-08-01,2024-06-09,,2026-07-29T17:52:53
17979534,2023-08-01,2023-08-03,,2026-07-29T17:52:53
17979859,2023-08-01,2024-08-21,,2026-07-29T17:52:53
17980829,2023-08-01,2023-09-15,,2026-07-29T17:52:53
17981865,2023-08-01,2023-08-02,,2026-07-29T17:52:53
17982236,2023-08-02,2024-03-03,,2026-07-29T17:52:54
17983085,2023-08-02,2023-11-01,,2026-07-29T17:52:54
17983210,2023-08-02,2024-07-29,,2026-07-29T17:52:54
17983267,2023-08-02,2024-10-04,,2026-07-29T17:52:54
17983439,2023-08-02,2024-06-12,,2026-07-29T17:52:54
17983919,2023-08-02,2023-08-22,,2026-07-29T17:52:54
17984913,2023-08-02,2023-10-13,,2026-07-29T17:52:55
17989196,2023-08-02,2023-08-26,,2026-07-29T17:52:55
17989204,2023-08-02,2024-07-02,,2026-07-29T17:52:56
17989269,2023-08-02,2023-09-22,,2026-07-29T17:52:56
17989314,2023-08-02,2023-08-16,,2026-07-29T17:52:56
17991608,2023-08-02,2023-09-13,,2026-07-29T17:52:56
17997101,2023-08-02,2023-11-20,,2026-07-29T17:52:56
17997309,2023-08-02,2026-06-02,,2026-07-29T17:52:56
17997793,2023-08-02,2023-08-18,,2026-07-29T17:52:56
18000228,2023-08-02,2023-10-15,,2026-07-29T17:52:57
18000356,2023-08-02,2023-12-25,,2026-07-29T17:52:57
18001813,2023-08-02,2023-08-04,,2026-07-29T17:52:57
18001866,2023-08-02,2023-09-03,,2026-07-29T17:52:57
18002034,2023-08-02,2023-08-16,,2026-07-29T17:52:57
18002467,2023-08-02,2026-07-19,,2026-07-29T17:52:58
18002813,2023-08-02,2023-08-17,,2026-07-29T17:52:58
18004842,2023-08-03,2023-09-12,,2026-07-29T17:52:58
18005312,2023-08-03,2023-09-17,,2026-07-29T17:52:59
18005664,2023-08-03,2023-09-02,,2026-07-29T17:52:59
18006153,2023-08-03,2023-08-30,,2026-07-29T17:52:59
18006183,2023-08-03,2024-08-01,,2026-07-29T17:52:59
18006475,2023-08-03,2023-11-02,,2026-07-29T17:53:00
18006592,2023-08-03,2025-04-03,,2026-07-29T17:53:00
18007035,2023-08-03,2024-01-17,,2026-07-29T17:53:00
18007694,2023-08-03,2025-12-07,,2026-07-29T17:53:00
18009053,2023-08-03,2023-08-03,,2026-07-29T17:53:01
18012225,2023-08-03,2024-02-11,,2026-07-29T17:53:01
18012934,2023-08-03,2023-09-12,,2026-07-29T17:53:01
18013392,2023-08-03,2026-08-06,,2026-08-08T04:15:20
18013726,2023-08-03,2023-11-09,,2026-07-29T17:53:02
18017554,2023-08-03,2023-08-30,,2026-07-29T17:53:02
18019375,2023-08-03,2024-02-12,,2026-07-29T17:53:02
18020627,2023-08-03,2023-08-03,,2026-07-29T17:53:02
18021627,2023-08-03,2023-11-10,,2026-07-29T17:53:03
18022562,2023-08-03,2025-02-24,,2026-07-29T17:53:03
18023530,2023-08-03,2025-03-18,,2026-07-29T17:53:03
18024316,2023-08-03,2024-08-16,,2026-07-29T17:53:03
18024344,2023-08-03,2024-02-03,,2026-07-29T17:53:04
18024602,2023-08-03,2024-02-20,,2026-07-29T17:53:04
18024750,2023-08-03,2024-05-12,,2026-07-29T17:53:04
18024778,2023-08-03,2024-01-27,,2026-07-29T17:53:04
18025135,2023-08-03,2025-06-30,,2026-07-29T17:53:04
18025431,2023-08-03,2025-03-04,,2026-07-29T17:53:05
18026137,2023-08-04,2024-12-14,,2026-07-29T17:53:05
18026571,2023-08-04,2024-04-20,,2026-07-29T17:53:05
18026601,2023-08-04,2024-08-14,,2026-07-29T17:53:05
18026866,2023-08-04,2023-09-18,,2026-07-29T17:53:05
18027073,2023-08-04,2026-06-16,,2026-07-29T17:53:06
18027128,2023-08-04,2024-06-01,,2026-07-29T17:53:06
18027252,2023-08-04,2023-11-19,,2026-07-29T17:53:06
18027265,2023-08-04,2023-11-13,,2026-07-29T17:53:06
18027483,2023-08-04,2023-09-22,,2026-07-29T17:53:06
18027499,2023-08-04,2023-12-04,,2026-07-29T17:53:07
18027924,2023-08-04,2023-08-14,,2026-07-29T17:53:07
18028486,2023-08-04,2023-08-29,,2026-07-29T17:53:07
18029273,2023-08-04,2023-11-04,,2026-07-29T17:53:07
18029638,2023-08-04,2026-08-03,,2026-08-05T04:13:18
18030460,2023-08-04,2023-12-06,,2026-07-29T17:53:08
18030545,2023-08-04,2023-09-29,,2026-07-29T17:53:08
18032189,2023-08-04,2025-03-20,,2026-07-29T17:53:08
18034505,2023-08-04,2025-12-28,,2026-08-20T08:01:07
18034719,2023-08-04,2024-01-29,,2026-07-29T17:53:09
18036276,2023-08-04,2023-10-24,,2026-07-29T17:53:09
18036543,2023-08-04,2024-06-06,,2026-07-29T17:53:09
18037024,2023-08-04,2024-05-24,,2026-07-29T17:53:09
18037210,2023-08-04,2023-09-04,,2026-07-29T17:53:09
18038304,2023-08-04,2023-08-29,,2026-07-29T17:53:09
18038555,2023-08-04,2024-07-13,,2026-07-29T17:53:10
18038681,2023-08-04,2024-08-27,,2026-07-29T17:53:10
18041006,2023-08-04,2024-01-24,,2026-07-29T17:53:10
18041373,2023-08-04,2024-08-01,,2026-07-29T17:53:10
18041505,2023-08-04,2024-03-13,,2026-07-29T17:53:11
18041560,2023-08-04,2023-09-15,,2026-07-29T17:53:11
18041732,2023-08-04,2023-12-14,,2026-07-29T17:53:11
18041767,2023-08-04,2023-08-10,,2026-07-29T17:53:11
18041878,2023-08-04,2023-10-28,,2026-07-29T17:53:12
18042184,2023-08-04,2026-08-23,,2026-08-23T23:31:45
18042352,2023-08-04,2026-01-21,,2026-07-29T17:53:12
18042986,2023-08-04,2024-04-11,,2026-07-29T17:53:12
18043065,2023-08-04,2023-08-09,,2026-07-29T17:53:12
18043539,2023-08-04,2024-06-17,,2026-07-29T17:53:13
18043787,2023-08-04,2023-08-05,,2026-07-29T17:53:13
18043947,2023-08-04,2023-09-22,,2026-07-29T17:53:13
18044000,2023-08-04,2023-08-06,,2026-07-29T17:53:13
18044077,2023-08-04,2023-08-12,,2026-07-29T17:53:14
18044128,2023-08-05,2026-02-03,,2026-08-16T10:03:31
18044157,2023-08-05,2024-05-23,,2026-07-29T17:53:15
18044167,2023-08-05,2023-09-05,,2026-07-29T17:53:15
18044362,2023-08-05,2026-07-31,,2026-08-02T04:06:42
18044516,2023-08-05,2024-08-21,,2026-07-29T17:53:16
18044555,2023-08-05,2026-03-24,,2026-07-29T17:53:16
18044842,2023-08-05,2023-12-24,,2026-08-16T10:03:31
18044994,2023-08-05,2024-08-24,,2026-07-29T17:53:16
18045042,2023-08-05,2026-06-14,,2026-07-29T17:53:17
18045235,2023-08-05,2023-08-05,,2026-07-29T17:53:17
18045265,2023-08-05,2023-10-21,,2026-07-29T17:53:17
18045277,2023-08-05,2026-08-13,,2026-08-15T04:14:48
18045284,2023-08-05,2026-06-24,,2026-07-29T17:53:19
18045343,2023-08-05,2023-08-14,,2026-07-29T17:53:18
18045346,2023-08-05,2024-01-03,,2026-07-29T17:53:18
18045546,2023-08-05,2023-10-09,,2026-07-29T17:53:18
18045680,2023-08-05,2024-12-08,,2026-07-29T17:53:20
18045755,2023-08-05,2023-09-10,,2026-07-29T17:53:20
18051744,2023-08-05,2025-10-01,,2026-07-29T17:53:20
18052729,2023-08-05,2026-04-09,,2026-07-29T17:53:20
18053573,2023-08-05,2024-05-31,,2026-07-29T17:53:20
18055354,2023-08-05,2024-07-28,,2026-07-29T17:53:20
18055768,2023-08-05,2025-04-01,,2026-07-29T17:53:20
18055921,2023-08-05,2023-10-23,,2026-07-29T17:53:20
18056000,2023-08-05,2023-08-08,,2026-07-29T17:53:20
18056227,2023-08-05,2026-08-09,,2026-08-11T05:04:40
18057376,2023-08-05,2023-08-05,,2026-07-29T17:53:20
18058133,2023-08-05,2023-10-29,,2026-07-29T17:53:21
18058312,2023-08-05,2023-08-06,,2026-07-29T17:53:21
18058344,2023-08-06,2024-02-05,,2026-07-29T17:53:21
18058813,2023-08-06,2023-10-22,,2026-08-16T10:03:31
18062434,2023-08-06,2024-07-12,,2026-07-29T17:53:21
18062586,2023-08-06,2023-08-15,,2026-07-29T17:53:22
18065698,2023-08-06,2023-08-20,,2026-07-29T17:53:22
18067400,2023-08-06,2024-02-14,,2026-07-29T17:53:22
18067970,2023-08-06,2023-08-15,,2026-07-29T17:53:23
18068833,2023-08-06,2024-06-05,,2026-07-29T17:53:23
18069421,2023-08-07,2023-09-29,,2026-07-29T17:53:24
18069607,2023-08-07,2023-10-24,,2026-07-29T17:53:24
18070578,2023-08-07,2023-08-20,,2026-07-29T17:53:24
18076043,2023-08-07,2024-01-16,,2026-07-29T17:53:24
18082648,2023-08-07,2023-09-02,,2026-07-29T17:53:24
18083922,2023-08-07,2023-10-25,,2026-07-29T17:53:24
18085380,2023-08-07,2023-08-07,,2026-07-29T17:53:24
18087121,2023-08-07,2023-09-28,,2026-07-29T17:53:24
18089129,2023-08-07,2023-08-07,,2026-07-29T17:53:24
18090540,2023-08-07,2023-11-17,,2026-07-29T17:53:24
18090611,2023-08-07,2025-02-21,,2026-07-29T17:53:25
18090881,2023-08-07,2023-09-06,,2026-07-29T17:53:25
18090951,2023-08-07,2023-08-07,,2026-07-29T17:53:25
18091651,2023-08-08,2025-07-14,,2026-07-29T17:53:26
18093503,2023-08-08,2023-08-24,,2026-07-29T17:53:26
18095016,2023-08-08,2025-07-02,,2026-07-29T17:53:26
18097200,2023-08-08,2024-07-05,,2026-07-29T17:53:26
18106725,2023-08-08,2023-09-28,,2026-07-29T17:53:26
18107839,2023-08-08,2024-08-08,,2026-07-29T17:53:26
18107910,2023-08-08,2023-08-08,,2026-07-29T17:53:26
18108917,2023-08-08,2024-08-06,,2026-07-29T17:53:26
18109911,2023-08-08,2026-03-19,,2026-07-29T17:53:27
18112186,2023-08-08,2023-10-24,,2026-07-29T17:53:27
18112355,2023-08-08,2023-08-08,,2026-08-11T14:56:24
18113509,2023-08-09,2023-08-13,,2026-07-29T17:53:27
18118958,2023-08-09,2025-08-08,,2026-07-29T17:53:27
18124713,2023-08-09,2024-03-11,,2026-07-29T17:53:27
18125947,2023-08-09,2023-08-12,,2026-07-29T17:53:27
18126523,2023-08-09,2024-01-10,,2026-07-29T17:53:28
18129195,2023-08-09,2024-06-19,,2026-07-29T17:53:28
18129643,2023-08-09,2023-08-29,,2026-07-29T17:53:28
18131151,2023-08-09,2026-02-12,,2026-07-29T17:53:28
18132973,2023-08-09,2023-10-16,,2026-07-29T17:53:28
18133952,2023-08-09,2023-09-03,,2026-07-29T17:53:28
18134635,2023-08-10,2026-03-29,,2026-07-29T17:53:29
18135128,2023-08-10,2025-03-05,,2026-07-29T17:53:29
18140504,2023-08-10,2023-08-26,,2026-07-29T17:53:29
18144699,2023-08-10,2023-10-03,,2026-07-29T17:53:29
18147353,2023-08-10,2023-08-10,,2026-07-29T17:53:29
18150322,2023-08-10,2025-06-07,,2026-07-29T17:53:30
18150526,2023-08-10,2025-02-28,,2026-07-29T17:53:31
18150551,2023-08-10,2023-08-10,,2026-07-29T17:53:31
18151143,2023-08-10,2023-12-13,,2026-07-29T17:53:31
18152029,2023-08-10,2023-09-28,,2026-07-29T17:53:32
18152094,2023-08-10,2023-11-28,,2026-07-29T17:53:32
18152390,2023-08-10,2023-11-01,,2026-07-29T17:53:32
18152839,2023-08-10,2024-02-13,,2026-07-29T17:53:32
18153363,2023-08-10,2026-08-17,,2026-08-19T07:13:08
18154535,2023-08-10,2025-07-08,,2026-07-29T17:53:32
18154696,2023-08-10,2023-10-14,,2026-07-29T17:53:32
18155300,2023-08-11,2024-01-12,,2026-07-29T17:53:33
18155453,2023-08-11,2023-12-13,,2026-07-29T17:53:33
18156166,2023-08-11,2023-08-18,,2026-07-29T17:53:33
18158962,2023-08-11,2023-08-11,,2026-07-29T17:53:33
18159070,2023-08-11,2025-09-23,,2026-07-29T17:53:33
18168082,2023-08-11,2023-09-12,,2026-07-29T17:53:33
18168764,2023-08-11,2024-04-13,,2026-07-29T17:53:34
18168881,2023-08-11,2023-09-04,,2026-07-29T17:53:34
18169594,2023-08-11,2024-02-14,,2026-07-29T17:53:34
18171301,2023-08-11,2025-01-05,,2026-07-29T17:53:34
18171616,2023-08-11,2024-01-15,,2026-07-29T17:53:34
18171810,2023-08-11,2023-08-11,,2026-07-29T17:53:34
18171898,2023-08-11,2024-11-28,,2026-07-29T17:53:35
18172188,2023-08-11,2024-01-31,,2026-07-29T17:53:35
18174300,2023-08-12,2023-08-15,,2026-07-29T17:53:35
18174815,2023-08-12,2023-08-12,,2026-07-29T17:53:35
18182839,2023-08-12,2024-06-01,,2026-07-29T17:53:35
18183164,2023-08-12,2024-02-01,,2026-07-29T17:53:36
18183213,2023-08-12,2023-09-28,,2026-07-29T17:53:36
18183273,2023-08-12,2023-10-29,,2026-07-29T17:53:36
18183315,2023-08-12,2023-09-02,,2026-07-29T17:53:36
18183340,2023-08-12,2023-08-17,,2026-07-29T17:53:36
18183909,2023-08-12,2025-08-13,,2026-07-29T17:53:36
18183951,2023-08-12,2023-10-13,,2026-07-29T17:53:37
18184150,2023-08-12,2025-10-23,,2026-08-22T08:00:50
18184307,2023-08-12,2023-10-17,,2026-07-29T17:53:37
18184569,2023-08-12,2023-09-14,,2026-07-29T17:53:37
18184592,2023-08-12,2024-01-17,,2026-07-29T17:53:37
18185681,2023-08-12,2024-03-03,,2026-07-29T17:53:38
18186099,2023-08-12,2023-08-12,,2026-07-29T17:53:38
18186457,2023-08-12,2023-12-01,,2026-07-29T17:53:38
18187686,2023-08-13,2023-08-25,,2026-07-29T17:53:39
18190368,2023-08-13,2024-01-24,,2026-07-29T17:53:39
18190407,2023-08-13,2023-10-18,,2026-07-29T17:53:39
18190555,2023-08-13,2025-11-27,,2026-07-29T17:53:39
18190566,2023-08-13,2026-02-12,,2026-07-29T17:53:39
18193336,2023-08-13,2023-11-11,,2026-07-29T17:53:39
18194015,2023-08-13,2023-08-13,,2026-07-29T17:53:39
18194476,2023-08-13,2025-11-29,,2026-07-29T17:53:40
18195879,2023-08-13,2026-06-04,,2026-07-29T17:53:40
18196503,2023-08-13,2024-01-10,,2026-07-29T17:53:40
18196719,2023-08-13,2024-08-27,,2026-07-29T17:53:40
18197060,2023-08-13,2023-10-21,,2026-07-29T17:53:40
18197538,2023-08-13,2023-09-15,,2026-07-29T17:53:40
18197737,2023-08-14,2025-03-17,,2026-07-29T17:53:41
18197958,2023-08-14,2026-08-23,,2026-08-25T04:04:22
18198281,2023-08-14,2023-08-19,,2026-07-29T17:53:41
18200050,2023-08-14,2023-09-25,,2026-07-29T17:53:41
18200451,2023-08-14,2023-08-17,,2026-07-29T17:53:41
18201067,2023-08-14,2024-03-25,,2026-07-29T17:53:41
18207513,2023-08-14,2023-12-06,,2026-07-29T17:53:42
18209436,2023-08-14,2023-09-30,,2026-07-29T17:53:42
18209589,2023-08-14,2024-03-02,,2026-07-29T17:53:42
18210909,2023-08-14,2023-08-19,,2026-07-29T17:53:42
18212505,2023-08-14,2024-08-06,,2026-07-29T17:53:43
18212582,2023-08-14,2023-11-03,,2026-07-29T17:53:43
18212945,2023-08-14,2026-08-17,,2026-08-19T04:18:56
18213174,2023-08-14,2023-09-15,,2026-07-29T17:53:43
18213584,2023-08-14,2023-11-17,,2026-07-29T17:53:44
18213749,2023-08-14,2023-08-14,,2026-07-29T17:53:44
18214502,2023-08-14,2026-04-04,,2026-07-29T17:53:44
18215572,2023-08-14,2023-09-01,,2026-07-29T17:53:44
18215873,2023-08-14,2023-08-16,,2026-07-29T17:53:44
18216133,2023-08-14,2023-08-14,,2026-07-29T17:53:44
18216573,2023-08-14,2024-04-10,,2026-07-29T17:53:45
18216883,2023-08-14,2023-08-30,,2026-07-29T17:53:45
18217090,2023-08-14,2024-08-20,,2026-07-29T17:53:45
18217950,2023-08-14,2026-07-21,,2026-07-29T17:53:45
18218242,2023-08-14,2024-07-25,,2026-07-29T17:53:45
18218248,2023-08-14,2023-08-28,,2026-07-29T17:53:46
18218324,2023-08-14,2023-08-19,,2026-07-29T17:53:46
18220462,2023-08-15,2026-04-13,,2026-07-29T17:53:46
18220832,2023-08-15,2023-09-03,,2026-07-29T17:53:46
18221169,2023-08-15,2023-08-18,,2026-07-29T17:53:46
18221986,2023-08-15,2023-08-16,,2026-07-29T17:53:46
18223281,2023-08-15,2023-09-07,,2026-07-29T17:53:47
18225428,2023-08-15,2024-01-05,,2026-07-29T17:53:47
18226788,2023-08-15,2024-01-08,,2026-07-29T17:53:47
18228007,2023-08-15,2023-08-18,,2026-07-29T17:53:48
18228459,2023-08-15,2024-04-27,,2026-07-29T17:53:48
18229128,2023-08-15,2026-07-23,,2026-07-29T17:53:48
18229146,2023-08-15,2023-08-18,,2026-07-29T17:53:48
18229399,2023-08-15,2026-05-27,,2026-07-29T17:53:49
18231679,2023-08-15,2024-06-13,,2026-07-29T17:53:49
18232343,2023-08-15,2023-10-04,,2026-07-29T17:53:49
18233037,2023-08-15,2024-07-10,,2026-07-29T17:53:49
18233057,2023-08-15,2026-08-24,,2026-08-24T19:46:32
18233203,2023-08-15,2023-10-30,,2026-07-29T17:53:49
18233502,2023-08-15,2023-08-15,,2026-07-29T17:53:49
18234219,2023-08-15,2023-08-20,,2026-07-29T17:53:50
18234245,2023-08-15,2024-07-28,,2026-07-29T17:53:50
18234600,2023-08-15,2026-07-06,,2026-07-29T17:53:50
18235653,2023-08-15,2024-02-05,,2026-07-29T17:53:50
18238121,2023-08-16,2023-10-10,,2026-07-29T17:53:50
18239078,2023-08-16,2024-01-17,,2026-07-29T17:53:50
18239515,2023-08-16,2023-08-24,,2026-07-29T17:53:51
18239566,2023-08-16,2023-11-30,,2026-07-29T17:53:51
18240268,2023-08-16,2023-08-16,,2026-07-29T17:53:51
18240277,2023-08-16,2023-08-16,,2026-07-29T17:53:51
18245783,2023-08-16,2023-08-26,,2026-07-29T17:53:51
18245931,2023-08-16,2025-10-19,,2026-07-29T17:53:51
18250756,2023-08-16,2023-08-19,,2026-07-29T17:53:52
18254047,2023-08-16,2023-12-09,,2026-07-29T17:53:52
18254479,2023-08-16,2024-09-28,,2026-07-29T17:53:52
18256792,2023-08-16,2024-10-01,,2026-07-29T17:53:52
18258156,2023-08-16,2023-09-12,,2026-07-29T17:53:52
18259837,2023-08-16,2023-10-24,,2026-07-29T17:53:52
18260285,2023-08-17,2023-10-09,,2026-07-29T17:53:53
18260773,2023-08-17,2024-05-18,,2026-07-29T17:53:53
18260800,2023-08-17,2023-10-23,,2026-07-29T17:53:53
18261126,2023-08-17,2025-03-13,,2026-07-29T17:53:53
18261384,2023-08-17,2023-09-22,,2026-07-29T17:53:53
18262212,2023-08-17,2024-07-11,,2026-07-29T17:53:53
18262287,2023-08-17,2024-06-19,,2026-07-29T17:53:54
18267912,2023-08-17,2023-10-08,,2026-07-29T17:53:54
18274003,2023-08-17,2023-12-25,,2026-07-29T17:53:54
18276420,2023-08-17,2024-11-08,,2026-07-29T17:53:54
18277289,2023-08-17,2023-09-05,,2026-07-29T17:53:55
18278390,2023-08-17,2024-01-12,,2026-07-29T17:53:55
18279472,2023-08-17,2026-01-03,,2026-07-29T17:53:55
18279954,2023-08-17,2023-08-23,,2026-08-16T10:03:31
18280358,2023-08-17,2023-09-03,,2026-07-29T17:53:55
18282334,2023-08-17,2023-10-22,,2026-07-29T17:53:56
18282633,2023-08-18,2026-02-02,,2026-07-29T17:53:56
18282734,2023-08-18,2025-06-24,,2026-07-29T17:53:56
18282945,2023-08-18,2023-08-18,,2026-07-29T17:53:56
18283280,2023-08-18,2023-08-18,,2026-07-29T17:53:56
18283326,2023-08-18,2023-09-08,,2026-07-29T17:53:57
18284448,2023-08-18,2023-11-08,,2026-07-29T17:53:57
18289902,2023-08-18,2023-08-18,,2026-07-29T17:53:57
18293606,2023-08-18,2024-01-24,,2026-07-29T17:53:57
18295421,2023-08-18,2023-11-13,,2026-07-29T17:53:57
18296541,2023-08-18,2023-09-14,,2026-07-29T17:53:58
18297278,2023-08-18,2023-08-18,,2026-07-29T17:53:58
18297323,2023-08-18,2026-08-04,,2026-08-06T04:15:59
18299527,2023-08-18,2026-08-25,,2026-08-25T01:18:35
18302162,2023-08-18,2023-10-05,,2026-07-29T17:53:58
18302508,2023-08-18,2023-10-19,,2026-07-29T17:53:59
18303158,2023-08-18,2023-12-09,,2026-07-29T17:53:59
18303180,2023-08-18,2023-10-08,,2026-07-29T17:53:59
18303397,2023-08-18,2023-08-19,,2026-07-29T17:53:59
18304034,2023-08-19,2023-10-10,,2026-07-29T17:53:59
18304044,2023-08-19,2026-08-23,,2026-08-24T04:10:41
18304251,2023-08-19,2023-08-29,,2026-07-29T17:54:00
18304547,2023-08-19,2023-08-20,,2026-07-29T17:54:00
18304639,2023-08-19,2023-08-22,,2026-07-29T17:54:00
18305894,2023-08-19,2024-01-30,,2026-07-29T17:54:00
18307474,2023-08-19,2023-11-22,,2026-07-29T17:54:01
18308833,2023-08-19,2023-11-09,,2026-07-29T17:54:01
18314003,2023-08-19,2023-10-20,,2026-07-29T17:54:01
18314671,2023-08-19,2023-10-16,,2026-07-29T17:54:01
18315059,2023-08-19,2023-09-27,,2026-07-29T17:54:01
18316450,2023-08-19,2023-11-06,,2026-07-29T17:54:02
18316674,2023-08-19,2024-05-13,,2026-07-29T17:54:02
18318446,2023-08-19,2023-09-11,,2026-07-29T17:54:02
18318737,2023-08-19,2023-10-30,,2026-07-29T17:54:02
18319088,2023-08-19,2023-08-19,,2026-07-29T17:54:04
18319181,2023-08-19,2023-11-15,,2026-07-29T17:54:04
18319377,2023-08-19,2024-08-02,,2026-07-29T17:54:04
18319770,2023-08-20,2024-03-02,,2026-08-17T10:03:20
18319969,2023-08-20,2023-12-04,,2026-07-29T17:54:05
18320055,2023-08-20,2024-04-28,,2026-07-29T17:54:05
18320943,2023-08-20,2026-03-16,,2026-07-29T17:54:06
18321815,2023-08-20,2023-09-14,,2026-07-29T17:54:06
18322477,2023-08-20,2024-09-28,,2026-07-29T17:54:06
18324790,2023-08-20,2023-10-23,,2026-07-29T17:54:11
18325664,2023-08-20,2026-04-05,,2026-07-29T17:54:11
18326232,2023-08-20,2025-10-29,,2026-07-29T17:54:11
18326689,2023-08-20,2023-10-09,,2026-07-29T17:54:11
18326871,2023-08-20,2023-09-11,,2026-07-29T17:54:12
18327052,2023-08-20,2023-09-11,,2026-07-29T17:54:12
18327421,2023-08-20,2023-08-23,,2026-07-29T17:54:12
18327649,2023-08-20,2024-01-22,,2026-07-29T17:54:12
18328481,2023-08-20,2024-11-05,,2026-07-29T17:54:12
18329037,2023-08-20,2023-08-31,,2026-07-29T17:54:13
18329500,2023-08-20,2023-10-26,,2026-07-29T17:54:13
18330016,2023-08-20,2023-09-13,,2026-07-29T17:54:13
18330752,2023-08-20,2023-09-04,,2026-07-29T17:54:13
18330801,2023-08-20,2025-09-20,,2026-07-29T17:54:14
18332401,2023-08-21,2023-10-29,,2026-07-29T17:54:14
18332585,2023-08-21,2023-09-22,,2026-07-29T17:54:14
18332731,2023-08-21,2024-01-29,,2026-07-29T17:54:14
18332997,2023-08-21,2023-09-09,,2026-07-29T17:54:14
18333099,2023-08-21,2024-03-09,,2026-07-29T17:54:15
18333120,2023-08-21,2024-01-25,,2026-07-29T17:54:15
18333819,2023-08-21,2024-01-25,,2026-07-29T17:54:15
18333932,2023-08-21,2023-09-29,,2026-07-29T17:54:15
18334733,2023-08-21,2023-09-13,,2026-07-29T17:54:15
18334908,2023-08-21,2023-09-09,,2026-07-29T17:54:15
18336414,2023-08-21,2024-07-30,,2026-07-29T17:54:16
18339167,2023-08-21,2024-08-09,,2026-07-29T17:54:16
18340017,2023-08-21,2023-11-30,,2026-07-29T17:54:16
18347092,2023-08-21,2024-11-12,,2026-07-29T17:54:16
18347616,2023-08-21,2023-10-04,,2026-07-29T17:54:16
18349568,2023-08-21,2024-05-04,,2026-07-29T17:54:17
18352478,2023-08-21,2023-09-10,,2026-07-29T17:54:17
18352920,2023-08-21,2026-04-14,,2026-07-29T17:54:17
18353713,2023-08-21,2024-02-04,,2026-07-29T17:54:17
18354072,2023-08-21,2023-12-22,,2026-07-29T17:54:17
18354136,2023-08-21,2023-11-11,,2026-07-29T17:54:17
18354259,2023-08-21,2023-08-22,,2026-07-29T17:54:18
18354333,2023-08-21,2023-08-24,,2026-07-29T17:54:18
18355801,2023-08-22,2023-12-31,,2026-07-29T17:54:18
18359458,2023-08-22,2024-02-15,,2026-07-29T17:54:18
18362801,2023-08-22,2023-10-15,,2026-07-29T17:54:18
18364065,2023-08-22,2023-10-08,,2026-07-29T17:54:19
18365702,2023-08-22,2024-03-06,,2026-07-29T17:54:19
18368070,2023-08-22,2023-11-10,,2026-07-29T17:54:19
18368360,2023-08-22,2023-11-22,,2026-07-29T17:54:19
18368650,2023-08-22,2024-03-03,,2026-07-29T17:54:19
18372026,2023-08-22,2023-08-24,,2026-07-29T17:54:19
18372509,2023-08-22,2023-08-22,,2026-07-29T17:54:20
18372647,2023-08-22,2025-03-07,,2026-08-11T14:56:24
18373382,2023-08-22,2023-10-10,,2026-07-29T17:54:20
18373554,2023-08-22,2023-08-26,,2026-07-29T17:54:20
18375826,2023-08-22,2025-02-23,,2026-08-16T10:03:31
18376113,2023-08-22,2023-10-28,,2026-07-29T17:54:21
18376331,2023-08-22,2025-11-21,,2026-07-29T17:54:21
18376793,2023-08-23,2023-10-06,,2026-07-29T17:54:21
18376985,2023-08-23,2023-08-26,,2026-07-29T17:54:21
18379263,2023-08-23,2023-09-16,,2026-07-29T17:54:21
18388735,2023-08-23,2024-03-28,,2026-07-29T17:54:21
18388801,2023-08-23,2023-09-14,,2026-07-29T17:54:21
18388972,2023-08-23,2023-11-11,,2026-07-29T17:54:22
18390117,2023-08-23,2024-02-14,,2026-07-29T17:54:22
18390198,2023-08-23,2023-12-05,,2026-07-29T17:54:22
18391196,2023-08-23,2024-06-01,,2026-07-29T17:54:25
18392098,2023-08-23,2023-09-28,,2026-07-29T17:54:23
18396053,2023-08-23,2023-09-26,,2026-07-29T17:54:23
18397740,2023-08-23,2025-03-10,,2026-07-29T17:54:24
18401606,2023-08-24,2023-11-04,,2026-07-29T17:54:24
18415032,2023-08-24,2023-09-11,,2026-07-29T17:54:24
18415147,2023-08-24,2026-05-23,,2026-07-29T17:54:24
18416589,2023-08-24,2026-07-28,,2026-07-30T05:03:35
18418456,2023-08-24,2024-11-14,,2026-07-29T17:54:25
18418470,2023-08-24,2024-01-05,,2026-07-29T17:54:25
18418649,2023-08-24,2023-08-24,,2026-07-29T17:54:25
18419937,2023-08-24,2023-09-16,,2026-07-29T17:54:26
18424225,2023-08-25,2026-08-15,,2026-08-17T04:07:49
18434608,2023-08-25,2023-10-19,,2026-07-29T17:54:26
18435208,2023-08-25,2023-10-12,,2026-07-29T17:54:26
18435571,2023-08-25,2025-07-03,,2026-07-29T17:54:26
18435700,2023-08-25,2024-06-28,,2026-07-29T17:54:27
18437926,2023-08-25,2023-09-04,,2026-07-29T17:54:27
18439351,2023-08-25,2024-04-19,,2026-07-29T17:54:28
18439875,2023-08-25,2026-08-04,,2026-08-06T04:15:57
18439877,2023-08-25,2023-11-16,,2026-07-29T17:54:29
18439962,2023-08-25,2023-11-18,,2026-07-29T17:54:29
18440742,2023-08-25,2025-10-29,,2026-07-29T17:54:33
18441133,2023-08-25,2024-11-10,,2026-07-29T17:54:35
18441492,2023-08-26,2025-09-28,,2026-07-29T17:54:36
18441835,2023-08-26,2023-08-26,,2026-07-29T17:54:36
18442210,2023-08-26,2023-10-27,,2026-07-29T17:54:36
18442766,2023-08-26,2023-09-23,,2026-07-29T17:54:36
18443768,2023-08-26,2026-02-07,,2026-07-29T17:54:37
18446473,2023-08-26,2024-09-06,,2026-07-29T17:54:37
18450980,2023-08-26,2025-10-01,,2026-07-29T17:54:37
18453148,2023-08-26,2023-12-07,,2026-07-29T17:54:37
18453252,2023-08-26,2023-09-02,,2026-07-29T17:54:38
18454413,2023-08-26,2023-09-05,,2026-07-29T17:54:38
18454441,2023-08-26,2023-09-20,,2026-07-29T17:54:38
18456161,2023-08-26,2023-09-19,,2026-07-29T17:54:40
18463568,2023-08-27,2024-01-14,,2026-07-29T17:54:39
18464164,2023-08-27,2023-11-05,,2026-07-29T17:54:39
18467282,2023-08-27,2024-06-21,,2026-07-29T17:55:06
18467723,2023-08-27,2023-11-06,,2026-07-29T17:55:08
18468412,2023-08-27,2025-05-21,,2026-07-29T17:55:09
18469394,2023-08-28,2026-07-10,,2026-07-29T17:55:12
18469799,2023-08-28,2023-10-30,,2026-07-29T17:55:12
18469924,2023-08-28,2025-08-21,,2026-07-29T17:55:19
18470574,2023-08-28,2026-05-11,,2026-07-29T17:55:20
18470918,2023-08-28,2023-10-04,,2026-07-29T17:55:20
18481893,2023-08-28,2024-03-03,,2026-07-29T17:55:20
18482095,2023-08-28,2023-08-29,,2026-07-29T17:55:20
18485757,2023-08-28,2023-08-30,,2026-07-29T17:55:20
18486198,2023-08-28,2023-09-17,,2026-07-29T17:55:21
18486459,2023-08-28,2023-09-06,,2026-07-29T17:55:21
18486678,2023-08-28,2023-09-04,,2026-07-29T17:55:25
18489017,2023-08-28,2024-03-19,,2026-07-29T17:55:26
18490633,2023-08-29,2023-10-03,,2026-07-29T17:55:27
18491370,2023-08-29,2023-08-29,,2026-07-29T17:55:26
18491665,2023-08-29,2023-08-29,,2026-07-29T17:55:24
18493033,2023-08-29,2023-08-29,,2026-07-29T17:55:25
18493262,2023-08-29,2023-09-04,,2026-07-29T17:55:26
18496583,2023-08-29,2023-09-10,,2026-07-29T17:55:31
18496672,2023-08-29,2023-12-21,,2026-07-29T17:55:32
18498574,2023-08-29,2025-01-24,,2026-07-29T17:55:32
18500837,2023-08-29,2023-09-18,,2026-07-29T17:55:33
18505141,2023-08-29,2023-09-08,,2026-07-29T17:55:33
18506580,2023-08-29,2024-02-09,,2026-07-29T17:55:33
18507207,2023-08-29,2023-10-27,,2026-07-29T17:55:34
18508298,2023-08-29,2024-03-05,,2026-07-29T17:55:33
18508406,2023-08-29,2023-08-29,,2026-07-29T17:55:33
18508471,2023-08-29,2025-07-30,,2026-07-29T17:55:35
18508845,2023-08-29,2023-09-08,,2026-07-29T17:55:35
18509616,2023-08-29,2023-09-16,,2026-07-29T17:55:33
18511329,2023-08-29,2023-09-22,,2026-07-29T17:55:33
18511884,2023-08-29,2023-09-12,,2026-07-29T17:55:33
18513066,2023-08-29,2023-09-24,,2026-07-29T17:55:34
18515146,2023-08-30,2026-02-15,,2026-07-29T17:55:35
18516152,2023-08-30,2024-10-31,,2026-07-29T17:55:36
18516170,2023-08-30,2023-12-22,,2026-07-29T17:55:34
18517001,2023-08-30,2023-09-08,,2026-07-29T17:55:35
18517921,2023-08-30,2025-02-13,,2026-08-11T14:56:24
18519964,2023-08-30,2026-02-24,,2026-07-29T17:55:35
18522704,2023-08-30,2023-10-23,,2026-07-29T17:55:35
18526515,2023-08-30,2026-08-16,,2026-08-17T07:11:00
18527029,2023-08-30,2023-11-14,,2026-07-29T17:55:37
18527522,2023-08-30,2024-04-02,,2026-07-29T17:55:37
18527793,2023-08-30,2023-08-30,,2026-07-29T17:55:37
18528180,2023-08-30,2023-08-30,,2026-07-29T17:55:37
18528552,2023-08-30,2024-01-18,,2026-07-29T17:55:38
18530939,2023-08-30,2023-09-28,,2026-07-29T17:55:38
18531147,2023-08-30,2026-06-10,,2026-07-29T17:55:39
18532151,2023-08-30,2025-02-18,,2026-07-29T17:55:39
18534276,2023-08-30,2024-02-11,,2026-07-29T17:55:39
18535914,2023-08-31,2023-09-06,,2026-07-29T17:55:39
18536750,2023-08-31,2024-02-29,,2026-07-29T17:55:39
18536751,2023-08-31,2025-04-22,,2026-07-29T17:55:39
18537192,2023-08-31,2024-04-17,,2026-07-29T17:55:39
18537358,2023-08-31,2026-03-20,,2026-07-29T17:55:39
18537684,2023-08-31,2026-08-23,,2026-08-25T04:08:46
18538353,2023-08-31,2024-03-12,,2026-07-29T17:55:40
18541727,2023-08-31,2023-10-03,,2026-07-29T17:55:40
18543893,2023-08-31,2023-09-30,,2026-07-29T17:55:40
18546815,2023-08-31,2025-04-18,,2026-07-29T17:55:40
18547680,2023-08-31,2024-10-09,,2026-07-29T17:55:41
18548132,2023-08-31,2024-09-25,,2026-07-29T17:55:41
18548521,2023-08-31,2023-09-15,,2026-07-29T17:55:41
18548853,2023-08-31,2023-09-03,,2026-07-29T17:55:42
18549364,2023-08-31,2023-12-01,,2026-07-29T17:55:41
18550215,2023-08-31,2026-04-21,,2026-07-29T17:55:41
18550874,2023-08-31,2026-03-23,,2026-07-29T17:55:42
18551508,2023-08-31,2023-09-05,,2026-07-29T17:55:42
18551811,2023-08-31,2025-11-08,,2026-07-29T17:55:42
18552482,2023-08-31,2023-09-04,,2026-07-29T17:55:42
18552974,2023-08-31,2023-10-17,,2026-07-29T17:55:42
18554220,2023-08-31,2026-02-05,,2026-07-29T17:55:42
18554783,2023-08-31,2025-10-18,,2026-07-29T17:55:42
18555147,2023-09-01,2026-01-03,,2026-07-29T17:55:43
18555975,2023-09-01,2025-10-05,,2026-07-29T17:55:43
18557486,2023-09-01,2023-09-30,,2026-07-29T17:55:43
18558415,2023-09-01,2024-01-29,,2026-07-29T17:55:43
18559136,2023-09-01,2026-07-11,,2026-07-29T17:55:44
18563122,2023-09-01,2023-12-25,,2026-07-29T17:55:45
18564146,2023-09-01,2024-01-04,,2026-07-29T17:55:44
18565059,2023-09-01,2026-06-24,,2026-07-29T17:55:47
18565881,2023-09-01,2023-10-03,,2026-07-29T17:55:45
18568185,2023-09-01,2023-10-06,,2026-07-29T17:55:45
18569532,2023-09-01,2023-11-11,,2026-07-29T17:55:46
18573324,2023-09-01,2023-12-17,,2026-07-29T17:55:46
18574780,2023-09-01,2023-09-07,,2026-07-29T17:55:46
18574866,2023-09-01,2023-09-01,,2026-07-29T17:55:46
18575565,2023-09-02,2024-05-13,,2026-07-29T17:55:46
18576355,2023-09-02,2023-11-06,,2026-07-29T17:55:46
18581568,2023-09-02,2023-09-21,,2026-07-29T17:55:47
18583785,2023-09-02,2023-10-20,,2026-07-29T17:55:47
18586590,2023-09-02,2026-07-04,,2026-07-29T17:55:48
18587538,2023-09-02,2023-10-03,,2026-07-29T17:55:48
18588421,2023-09-02,2023-12-15,,2026-07-29T17:55:48
18588521,2023-09-02,2026-03-12,,2026-07-29T17:55:48
18589366,2023-09-02,2024-09-14,,2026-07-29T17:55:48
18589845,2023-09-02,2023-09-06,,2026-07-29T17:55:49
18590744,2023-09-03,2025-02-19,,2026-07-29T17:55:49
18590798,2023-09-03,2023-09-26,,2026-07-29T17:56:05
18590891,2023-09-03,2023-09-17,,2026-07-29T17:56:05
18590956,2023-09-03,2023-09-26,,2026-07-29T17:56:05
18591326,2023-09-03,2025-05-19,,2026-07-29T17:56:05
18591583,2023-09-03,2023-11-01,,2026-07-29T17:56:05
18591918,2023-09-03,2023-09-22,,2026-07-29T17:56:06
18592287,2023-09-03,2025-01-29,,2026-07-29T17:56:06
18593078,2023-09-03,2023-10-15,,2026-07-29T17:56:06
18594027,2023-09-03,2024-06-07,,2026-07-29T17:56:06
18594515,2023-09-03,2024-03-26,,2026-07-29T17:56:06
18595015,2023-09-03,2025-08-28,,2026-07-29T17:56:07
18595332,2023-09-03,2026-01-24,,2026-07-29T17:56:07
18596009,2023-09-03,2026-07-21,,2026-07-29T17:56:07
18596045,2023-09-03,2025-01-07,,2026-07-29T17:56:07
18596956,2023-09-03,2023-12-25,,2026-07-29T17:56:07
18598328,2023-09-03,2024-09-15,,2026-07-29T17:56:08
18598517,2023-09-03,2024-08-28,,2026-07-29T17:56:08
18598934,2023-09-03,2023-10-05,,2026-07-29T17:56:08
18600088,2023-09-03,2023-09-24,,2026-07-29T17:56:08
18600467,2023-09-03,2023-09-11,,2026-07-29T17:56:08
18600927,2023-09-03,2024-05-04,,2026-07-29T17:56:09
18601520,2023-09-03,2025-01-11,,2026-07-29T17:56:09
18601624,2023-09-03,2023-09-21,,2026-07-29T17:56:10
18601666,2023-09-03,2023-10-18,,2026-07-29T17:56:10
18601908,2023-09-03,2023-10-10,,2026-07-29T17:56:10
18602926,2023-09-03,2025-01-13,,2026-07-29T17:56:10
18603496,2023-09-03,2026-07-04,,2026-07-29T17:56:10
18603975,2023-09-04,2023-09-23,,2026-07-29T17:56:10
18604645,2023-09-04,2025-06-24,,2026-07-29T17:56:10
18604853,2023-09-04,2023-10-03,,2026-07-29T17:56:11
18604915,2023-09-04,2024-02-16,,2026-07-29T17:56:11
18605162,2023-09-04,2023-09-21,,2026-07-29T17:56:11
18605340,2023-09-04,2025-04-22,,2026-07-29T17:56:11
18605673,2023-09-04,2023-11-14,,2026-07-29T17:56:11
18606427,2023-09-04,2023-09-09,,2026-07-29T17:56:12
18606649,2023-09-04,2023-11-14,,2026-07-29T17:56:12
18608747,2023-09-04,2024-02-19,,2026-07-29T17:56:12
18616617,2023-09-04,2025-05-02,,2026-07-29T17:56:12
18617193,2023-09-04,2024-11-02,,2026-07-29T17:56:12
18618486,2023-09-04,2026-07-01,,2026-07-29T17:56:12
18619502,2023-09-04,2024-01-10,,2026-07-29T17:56:13
18620311,2023-09-04,2024-02-21,,2026-07-29T17:56:13
18621310,2023-09-04,2023-09-13,,2026-07-29T17:56:13
18621413,2023-09-04,2023-09-04,,2026-07-29T17:56:13
18621560,2023-09-04,2023-10-12,,2026-07-29T17:56:14
18622083,2023-09-04,2024-03-10,,2026-07-29T17:56:14
18623168,2023-09-04,2024-03-06,,2026-07-29T17:56:14
18623934,2023-09-04,2025-03-22,,2026-07-29T17:56:14
18624569,2023-09-04,2024-04-04,,2026-07-29T17:56:15
18624807,2023-09-04,2025-06-08,,2026-07-29T17:56:15
18625338,2023-09-04,2023-11-19,,2026-07-29T17:56:15
18625569,2023-09-04,2023-10-17,,2026-07-29T17:56:15
18625716,2023-09-04,2023-09-05,,2026-07-29T17:56:15
18626533,2023-09-05,2024-02-15,,2026-07-29T17:56:15
18626539,2023-09-05,2023-11-27,,2026-07-29T17:56:16
18626576,2023-09-05,2026-05-31,,2026-07-29T17:56:16
18626731,2023-09-05,2023-11-29,,2026-07-29T17:56:16
18626943,2023-09-05,2024-08-25,,2026-07-29T17:56:16
18627164,2023-09-05,2024-06-23,,2026-07-29T17:56:17
18627299,2023-09-05,2023-09-22,,2026-07-29T17:56:17
18627308,2023-09-05,2024-06-20,,2026-07-31T13:00:10
18627440,2023-09-05,2024-02-27,,2026-07-29T17:56:18
18627490,2023-09-05,2023-11-14,,2026-07-29T17:56:18
18627679,2023-09-05,2024-04-01,,2026-07-29T17:56:18
18627687,2023-09-05,2024-01-10,,2026-07-29T17:56:18
18627705,2023-09-05,2023-12-27,,2026-07-29T17:56:18
18627712,2023-09-05,2025-06-24,,2026-07-29T17:56:18
18627734,2023-09-05,2026-08-24,,2026-08-24T13:42:00
18627856,2023-09-05,2023-12-10,,2026-07-29T17:56:18
18627904,2023-09-05,2026-08-04,,2026-08-05T04:23:04
18627963,2023-09-05,2023-09-05,,2026-07-29T17:56:19
18628472,2023-09-05,2023-12-05,,2026-07-29T17:56:19
18628501,2023-09-05,2023-10-29,,2026-07-29T17:56:20
18629691,2023-09-05,2024-06-01,,2026-07-29T17:56:19
18634898,2023-09-05,2026-03-15,,2026-07-29T17:56:20
18636885,2023-09-05,2023-09-05,,2026-07-29T17:56:20
18637694,2023-09-05,2024-04-05,,2026-07-29T17:56:20
18639496,2023-09-05,2026-05-19,,2026-07-29T17:56:20
18642991,2023-09-05,2025-03-17,,2026-07-29T17:56:20
18643173,2023-09-05,2023-10-23,,2026-07-29T17:56:20
18643782,2023-09-05,2023-10-24,,2026-07-29T17:56:21
18645422,2023-09-05,2023-09-22,,2026-07-29T17:56:21
18645472,2023-09-05,2025-10-04,,2026-07-29T17:56:21
18645929,2023-09-05,2023-09-12,,2026-07-29T17:56:21
18645949,2023-09-05,2023-09-28,,2026-07-29T17:56:22
18646900,2023-09-05,2023-10-04,,2026-07-29T17:56:22
18648057,2023-09-05,2023-09-23,,2026-07-29T17:56:23
18648138,2023-09-05,2023-10-18,,2026-07-29T17:56:23
18648372,2023-09-05,2024-01-06,,2026-07-29T17:56:24
18648760,2023-09-05,2024-02-02,,2026-07-29T17:56:23
18651914,2023-09-06,2024-07-02,,2026-07-29T17:56:23
18652685,2023-09-06,2023-12-12,,2026-07-29T17:56:23
18653464,2023-09-06,2024-06-08,,2026-07-29T17:56:24
18663148,2023-09-06,2023-10-03,,2026-07-29T17:56:24
18673577,2023-09-07,2023-12-14,,2026-07-29T17:56:24
18684945,2023-09-07,2024-10-28,,2026-07-29T17:56:25
18687616,2023-09-07,2025-08-28,,2026-07-29T17:56:25
18687854,2023-09-07,2023-09-17,,2026-07-29T17:56:25
18690898,2023-09-07,2023-09-11,,2026-07-29T17:56:29
18690990,2023-09-07,2023-09-26,,2026-07-29T17:56:29
18692785,2023-09-07,2024-06-08,,2026-07-29T17:56:30
18694461,2023-09-07,2026-08-20,,2026-08-22T07:13:39
18695172,2023-09-07,2024-12-20,,2026-07-29T17:56:30
18696239,2023-09-08,2023-09-08,,2026-07-29T17:56:31
18697936,2023-09-08,2023-09-09,,2026-07-29T17:56:32
18701902,2023-09-08,2023-09-18,,2026-07-29T17:56:32
18705401,2023-09-08,2023-10-25,,2026-07-29T17:56:32
18706719,2023-09-08,2023-09-09,,2026-07-29T17:56:32
18708016,2023-09-08,2026-07-04,,2026-07-29T17:56:32
18710096,2023-09-08,2026-08-22,,2026-08-24T07:07:16
18710175,2023-09-08,2023-09-08,,2026-07-29T17:56:32
18711479,2023-09-08,2023-12-15,,2026-07-29T17:56:32
18715464,2023-09-08,2026-08-06,,2026-08-08T05:08:09
18715927,2023-09-08,2023-09-14,,2026-07-29T17:56:32
18716137,2023-09-09,2023-09-09,,2026-07-29T17:56:32
18717677,2023-09-09,2024-07-09,,2026-07-29T17:56:33
18718160,2023-09-09,2023-09-16,,2026-07-29T17:56:33
18719512,2023-09-09,2026-06-08,,2026-07-29T17:56:33
18724752,2023-09-09,2023-11-11,,2026-07-29T17:56:33
18724940,2023-09-09,2024-03-17,,2026-07-29T17:56:34
18728605,2023-09-09,2023-10-08,,2026-07-29T17:56:33
18728673,2023-09-09,2024-03-26,,2026-07-29T17:56:34
18728969,2023-09-09,2024-01-01,,2026-07-29T17:56:34
18729314,2023-09-09,2025-12-09,,2026-07-29T17:56:34
18733797,2023-09-10,2024-02-02,,2026-07-29T17:56:34
18736093,2023-09-10,2024-03-21,,2026-07-29T17:56:34
18742838,2023-09-10,2023-09-15,,2026-07-29T17:56:35
18743613,2023-09-10,2023-09-10,,2026-07-29T17:56:35
18744940,2023-09-10,2026-07-07,,2026-07-29T17:56:35
18744969,2023-09-10,2023-09-11,,2026-07-29T17:56:35
18746300,2023-09-11,2024-01-17,,2026-07-29T17:56:35
18746514,2023-09-11,2024-03-20,,2026-07-29T17:56:36
18746869,2023-09-11,2024-09-28,,2026-07-29T17:56:36
18747401,2023-09-11,2023-10-26,,2026-07-29T17:56:36
18748079,2023-09-11,2024-01-28,,2026-07-29T17:56:36
18750367,2023-09-11,2023-11-28,,2026-07-29T17:56:36
18758134,2023-09-11,2024-01-20,,2026-07-29T17:56:37
18758360,2023-09-11,2026-03-28,,2026-07-29T17:56:37
18760607,2023-09-11,2023-10-27,,2026-08-23T08:01:18
18762409,2023-09-11,2023-09-24,,2026-07-29T17:56:37
18763753,2023-09-11,2023-12-15,,2026-07-29T17:56:37
18763891,2023-09-11,2023-09-13,,2026-07-29T17:56:37
18764262,2023-09-11,2024-12-05,,2026-07-29T17:56:37
18764483,2023-09-11,2023-12-21,,2026-07-29T17:56:37
18764647,2023-09-11,2023-09-28,,2026-07-29T17:56:37
18764746,2023-09-11,2024-10-17,,2026-07-29T17:56:38
18765850,2023-09-11,2023-10-22,,2026-07-29T17:56:38
18767134,2023-09-11,2023-09-12,,2026-07-29T17:56:38
18767326,2023-09-11,2026-04-27,,2026-07-29T17:56:39
18767935,2023-09-11,2024-03-06,,2026-07-29T17:56:38
18769006,2023-09-11,2024-10-25,,2026-07-29T17:56:41
18769126,2023-09-11,2023-09-12,,2026-07-29T17:56:41
18770112,2023-09-12,2023-09-12,,2026-07-29T17:56:39
18772610,2023-09-12,2023-10-25,,2026-07-29T17:56:39
18773522,2023-09-12,2023-09-22,,2026-07-29T17:56:40
18773754,2023-09-12,2024-03-09,,2026-07-29T17:56:42
18783223,2023-09-12,2023-10-31,,2026-07-29T17:56:40
18784859,2023-09-12,2024-01-04,,2026-07-29T17:56:41
18784950,2023-09-12,2023-09-30,,2026-07-29T17:56:41
18786327,2023-09-12,2024-05-17,,2026-07-29T17:56:42
18789662,2023-09-12,2023-10-09,,2026-07-29T17:56:42
18790057,2023-09-12,2026-07-22,,2026-07-29T17:56:42
18790968,2023-09-12,2026-07-06,,2026-07-29T17:56:42
18791192,2023-09-12,2023-09-21,,2026-07-29T17:56:44
18793181,2023-09-13,2026-08-17,,2026-08-19T07:13:24
18793496,2023-09-13,2023-10-17,,2026-07-29T17:56:43
18793680,2023-09-13,2026-08-13,,2026-08-15T04:10:39
18793778,2023-09-13,2024-01-30,,2026-07-29T17:56:43
18794317,2023-09-13,2026-03-16,,2026-07-29T17:56:43
18795383,2023-09-13,2026-03-21,,2026-07-29T17:56:44
18795456,2023-09-13,2024-08-20,,2026-07-29T17:56:45
18795674,2023-09-13,2025-03-17,,2026-07-29T17:56:44
18797798,2023-09-13,2024-04-06,,2026-07-29T17:56:44
18798541,2023-09-13,2023-09-19,,2026-07-29T17:56:44
18800064,2023-09-13,2024-03-26,,2026-07-29T17:56:46
18806740,2023-09-13,2024-09-04,,2026-07-29T17:56:46
18808912,2023-09-13,2024-04-07,,2026-07-29T17:56:45
18809005,2023-09-13,2024-04-19,,2026-07-29T17:56:45
18813114,2023-09-13,2025-12-10,,2026-07-29T17:56:46
18813230,2023-09-13,2023-09-19,,2026-07-29T17:56:47
18813721,2023-09-13,2024-10-29,,2026-07-29T17:56:48
18814547,2023-09-13,2023-11-05,,2026-07-29T17:56:46
18815051,2023-09-13,2026-03-02,,2026-07-29T17:56:47
18816025,2023-09-14,2023-09-17,,2026-07-29T17:56:47
18817153,2023-09-14,2024-05-05,,2026-07-29T17:56:48
18818298,2023-09-14,2023-09-14,,2026-07-29T17:56:47
18821035,2023-09-14,2023-09-14,,2026-07-29T17:56:47
18822540,2023-09-14,2026-04-16,,2026-07-29T17:56:48
18835161,2023-09-14,2024-09-28,,2026-07-29T17:56:48
18836825,2023-09-14,2023-09-15,,2026-07-29T17:56:48
18837277,2023-09-14,2025-03-18,,2026-07-29T17:56:48
18837867,2023-09-14,2024-01-15,,2026-07-29T17:56:48
18838081,2023-09-14,2023-11-01,,2026-07-29T17:56:48
18838500,2023-09-14,2023-10-30,,2026-07-29T17:56:49
18838564,2023-09-14,2024-09-27,,2026-07-29T17:56:49
18838834,2023-09-14,2026-04-02,,2026-07-29T17:56:50
18839590,2023-09-14,2023-12-02,,2026-07-29T17:56:51
18841339,2023-09-14,2024-03-08,,2026-07-29T17:56:51
18842030,2023-09-14,2023-12-27,,2026-07-29T17:56:53
18845205,2023-09-15,2024-03-28,,2026-07-29T17:56:53
18853576,2023-09-15,2023-09-15,,2026-07-29T17:56:53
18858582,2023-09-15,2024-08-03,,2026-07-29T17:56:53
18862826,2023-09-15,2023-10-14,,2026-08-16T10:03:31
18863738,2023-09-15,2023-10-10,,2026-07-29T17:56:54
18864062,2023-09-15,2023-11-08,,2026-07-29T17:56:54
18865244,2023-09-15,2023-09-15,,2026-07-29T17:56:54
18867717,2023-09-15,2024-02-20,,2026-07-29T17:56:54
18867971,2023-09-15,2024-02-09,,2026-07-29T17:56:54
18870292,2023-09-15,2023-10-26,,2026-07-29T17:56:54
18872855,2023-09-16,2023-09-16,,2026-07-29T17:56:54
18873568,2023-09-16,2024-09-01,,2026-08-11T21:07:09
18882841,2023-09-16,2023-09-18,,2026-07-29T17:56:55
18884552,2023-09-16,2024-02-28,,2026-07-29T17:56:55
18885037,2023-09-16,2024-06-28,,2026-07-29T17:56:55
18887525,2023-09-16,2024-03-06,,2026-07-29T17:56:55
18888861,2023-09-17,2023-09-19,,2026-07-29T17:56:55
18888952,2023-09-17,2023-10-16,,2026-07-29T17:56:55
18889674,2023-09-17,2025-02-13,,2026-07-29T17:56:57
18897414,2023-09-17,2023-09-27,,2026-07-29T17:56:57
18897951,2023-09-17,2023-12-29,,2026-07-29T17:56:57
18898716,2023-09-17,2023-09-17,,2026-07-29T17:56:57
18900157,2023-09-17,2025-09-12,,2026-07-29T17:56:58
18902085,2023-09-18,2025-02-10,,2026-07-29T17:56:57
18902349,2023-09-18,2023-10-03,,2026-07-29T17:56:57
18902680,2023-09-18,2023-11-05,,2026-07-29T17:56:57
18912927,2023-09-18,2024-01-01,,2026-07-29T17:56:57
18917899,2023-09-18,2023-09-26,,2026-07-29T17:56:58
18918343,2023-09-18,2023-09-18,,2026-07-29T17:56:59
18919889,2023-09-18,2023-09-22,,2026-07-29T17:56:58
18921760,2023-09-18,2024-04-06,,2026-07-29T17:56:58
18922601,2023-09-18,2026-08-13,,2026-08-15T04:16:03
18922953,2023-09-18,2024-10-24,,2026-07-29T17:56:59
18924134,2023-09-19,2024-02-18,,2026-08-16T10:03:31
18924270,2023-09-19,2026-07-20,,2026-08-16T10:03:31
18924529,2023-09-19,2024-03-22,,2026-07-29T17:56:59
18925715,2023-09-19,2024-01-04,,2026-07-29T17:56:59
18928820,2023-09-19,2026-05-24,,2026-07-29T17:56:59
18935275,2023-09-19,2023-11-10,,2026-07-29T17:57:00
18936217,2023-09-19,2024-04-20,,2026-07-29T17:57:00
18936846,2023-09-19,2023-10-27,,2026-07-29T17:57:00
18938452,2023-09-19,2023-11-14,,2026-07-29T17:57:01
18941633,2023-09-19,2024-05-25,,2026-07-29T17:57:01
18943994,2023-09-19,2023-11-12,,2026-07-29T17:57:01
18945273,2023-09-19,2023-10-20,,2026-07-29T17:57:01
18945547,2023-09-19,2023-09-19,,2026-07-29T17:57:01
18945898,2023-09-19,2023-11-09,,2026-07-29T17:57:01
18945911,2023-09-19,2024-06-11,,2026-07-29T17:57:01
18946258,2023-09-20,2024-02-23,,2026-07-29T17:57:02
18948469,2023-09-20,2024-03-11,,2026-07-29T17:57:02
18952562,2023-09-20,2024-05-09,,2026-07-29T17:57:02
18955072,2023-09-20,2024-12-12,,2026-07-29T17:57:02
18958211,2023-09-20,2023-12-09,,2026-07-29T17:57:03
18960086,2023-09-20,2025-09-20,,2026-08-09T14:44:15
18960350,2023-09-20,2023-11-08,,2026-07-29T17:57:03
18962575,2023-09-20,2024-05-07,,2026-07-29T17:57:03
18962833,2023-09-20,2023-10-22,,2026-07-29T17:57:03
18964039,2023-09-20,2025-04-05,,2026-07-29T17:57:04
18964419,2023-09-20,2026-07-31,,2026-08-02T04:22:17
18964911,2023-09-20,2024-03-14,,2026-07-29T17:57:04
18964993,2023-09-20,2024-12-21,,2026-07-29T17:57:04
18965753,2023-09-20,2023-09-21,,2026-07-29T17:57:04
18965785,2023-09-20,2024-10-01,,2026-07-29T17:57:05
18965985,2023-09-20,2026-02-05,,2026-07-29T17:57:05
18966116,2023-09-20,2024-02-15,,2026-07-29T17:57:05
18966680,2023-09-20,2023-09-20,,2026-07-29T17:57:05
18966868,2023-09-20,2023-10-24,,2026-07-29T17:57:05
18966891,2023-09-20,2024-02-17,,2026-07-29T17:57:06
18966921,2023-09-20,2026-07-20,,2026-07-29T17:57:06
18967324,2023-09-20,2024-02-21,,2026-07-29T17:57:06
18967440,2023-09-20,2023-10-07,,2026-07-29T17:57:06
18967592,2023-09-20,2024-07-29,,2026-07-29T17:57:06
18967776,2023-09-20,2025-01-25,,2026-07-29T17:57:07
18967929,2023-09-21,2024-02-02,,2026-07-29T17:57:07
18968389,2023-09-21,2023-11-05,,2026-07-29T17:57:14
18969118,2023-09-21,2024-09-19,,2026-07-29T17:57:15
18969141,2023-09-21,2026-07-19,,2026-07-29T17:57:15
18969148,2023-09-21,2025-10-06,,2026-07-29T17:57:15
18969299,2023-09-21,2024-03-13,,2026-07-29T17:57:15
18969434,2023-09-21,2025-07-28,,2026-07-29T17:57:16
18969558,2023-09-21,2023-11-29,,2026-07-29T17:57:17
18969660,2023-09-21,2023-09-26,,2026-07-29T17:57:17
18969934,2023-09-21,2025-08-09,,2026-07-29T17:57:17
18970104,2023-09-21,2025-09-23,,2026-07-29T17:57:17
18970116,2023-09-21,2023-09-21,,2026-07-29T17:57:18
18970305,2023-09-21,2025-03-05,,2026-07-29T17:57:18
18970306,2023-09-21,2025-09-08,,2026-07-29T17:57:18
18970467,2023-09-21,2023-10-18,,2026-07-29T17:57:18
18970937,2023-09-21,2025-10-07,,2026-07-29T17:57:18
18972396,2023-09-21,2024-03-07,,2026-07-29T17:57:18
18972461,2023-09-21,2023-09-21,,2026-07-29T17:57:19
18975170,2023-09-21,2026-04-03,,2026-07-29T17:57:19
18980444,2023-09-21,2023-09-27,,2026-07-29T17:57:19
18982560,2023-09-21,2025-05-01,,2026-07-29T17:57:19
18983232,2023-09-21,2023-09-21,,2026-07-29T17:57:23
18988524,2023-09-21,2024-09-10,,2026-07-29T17:57:23
18991690,2023-09-21,2026-08-09,,2026-08-11T05:06:29
18992422,2023-09-21,2023-10-20,,2026-07-29T17:57:23
18995303,2023-09-21,2024-01-30,,2026-07-29T17:57:23
18997067,2023-09-22,2026-02-15,,2026-07-29T17:57:24
18997377,2023-09-22,2024-10-19,,2026-07-29T17:57:24
18998500,2023-09-22,2024-02-05,,2026-07-29T17:57:24
19010106,2023-09-22,2023-09-22,,2026-07-29T17:57:24
19010979,2023-09-22,2023-09-22,,2026-07-29T17:57:25
19011395,2023-09-22,2025-02-23,,2026-07-29T17:57:25
19012069,2023-09-22,2023-09-22,,2026-07-29T17:57:25
19012338,2023-09-22,2024-09-07,,2026-07-29T17:57:25
19014106,2023-09-22,2024-03-02,,2026-07-29T17:57:25
19014641,2023-09-22,2024-01-09,,2026-07-29T17:57:26
19017135,2023-09-22,2024-02-21,,2026-07-29T17:57:26
19017399,2023-09-22,2023-09-25,,2026-07-29T17:57:26
19018532,2023-09-22,2023-10-23,,2026-07-29T17:57:26
19018660,2023-09-22,2024-09-22,,2026-07-29T17:57:26
19020613,2023-09-23,2023-11-13,,2026-08-16T10:03:31
19020816,2023-09-23,2025-09-27,,2026-07-29T17:57:27
19020938,2023-09-23,2023-10-26,,2026-07-29T17:57:27
19023022,2023-09-23,2025-07-28,,2026-07-29T17:57:28
19030223,2023-09-23,2024-08-25,,2026-07-29T17:57:28
19030592,2023-09-23,2026-08-22,,2026-08-24T05:05:41
19031798,2023-09-23,2026-05-14,,2026-07-29T17:57:29
19032941,2023-09-23,2024-12-30,,2026-07-29T17:57:29
19033870,2023-09-23,2023-10-02,,2026-07-29T17:57:30
19034141,2023-09-23,2023-09-24,,2026-07-29T17:57:30
19034449,2023-09-23,2026-03-26,,2026-07-29T17:57:30
19034687,2023-09-23,2023-10-01,,2026-07-29T17:57:30
19035534,2023-09-24,2024-03-25,,2026-07-29T17:57:30
19035870,2023-09-24,2023-09-24,,2026-07-29T17:57:30
19036031,2023-09-24,2023-09-24,,2026-07-29T17:57:31
19036450,2023-09-24,2025-05-07,,2026-07-29T17:57:31
19036514,2023-09-24,2024-10-05,,2026-07-29T17:57:31
19042411,2023-09-24,2026-08-21,,2026-08-22T07:14:22
19042657,2023-09-24,2026-05-12,,2026-07-29T17:57:32
19043454,2023-09-24,2023-09-26,,2026-07-29T17:57:32
19044482,2023-09-24,2026-06-16,,2026-07-29T17:57:32
19045097,2023-09-24,2023-09-24,,2026-07-29T17:57:32
19047628,2023-09-25,2026-03-22,,2026-07-29T17:57:33
19049215,2023-09-25,2024-06-19,,2026-07-29T17:57:33
19049225,2023-09-25,2023-11-16,,2026-07-29T17:57:33
19059546,2023-09-25,2023-11-21,,2026-07-29T17:57:33
19060455,2023-09-25,2023-10-27,,2026-07-29T17:57:33
19061171,2023-09-25,2026-08-20,,2026-08-22T04:14:25
19063661,2023-09-25,2024-03-13,,2026-07-29T17:57:34
19063953,2023-09-25,2026-05-20,,2026-07-29T17:57:34
19064843,2023-09-25,2026-08-17,,2026-08-19T04:19:17
19064969,2023-09-25,2024-05-02,,2026-07-29T17:57:34
19065023,2023-09-25,2023-10-18,,2026-07-29T17:57:35
19066398,2023-09-25,2023-11-02,,2026-07-29T17:57:35
19066634,2023-09-25,2023-12-26,,2026-07-29T17:57:35
19066681,2023-09-25,2023-10-04,,2026-07-29T17:57:35
19067913,2023-09-25,2024-06-21,,2026-08-16T10:03:31
19069150,2023-09-25,2024-02-08,,2026-07-29T17:57:35
19070256,2023-09-25,2023-12-20,,2026-07-29T17:57:36
19070615,2023-09-25,2023-11-01,,2026-07-29T17:57:36
19074071,2023-09-26,2024-02-06,,2026-07-29T17:57:36
19077136,2023-09-26,2024-01-12,,2026-07-29T17:57:36
19082816,2023-09-26,2023-09-26,,2026-07-29T17:57:36
19086736,2023-09-26,2023-10-26,,2026-07-29T17:57:36
19088228,2023-09-26,2023-09-27,,2026-07-29T17:57:37
19089925,2023-09-26,2025-01-29,,2026-07-29T17:57:37
19089981,2023-09-26,2024-01-17,,2026-07-29T17:57:38
19090083,2023-09-26,2026-07-18,,2026-07-29T17:57:37
19092286,2023-09-26,2025-11-24,,2026-08-16T10:03:32
19093274,2023-09-26,2024-01-04,,2026-07-29T17:57:38
19093878,2023-09-26,2026-08-24,,2026-08-24T12:02:35
19094826,2023-09-26,2024-07-04,,2026-07-29T17:57:38
19101145,2023-09-27,2023-10-27,,2026-07-29T17:57:38
19101195,2023-09-27,2024-03-16,,2026-07-29T17:57:38
19112761,2023-09-27,2025-07-20,,2026-07-29T17:57:39
19114250,2023-09-27,2023-10-02,,2026-07-29T17:57:39
19116905,2023-09-27,2026-08-04,,2026-08-05T05:14:20
19117026,2023-09-27,2023-09-27,,2026-07-29T17:57:39
19117342,2023-09-27,2023-09-27,,2026-07-29T17:57:39
19120044,2023-09-27,2023-09-27,,2026-07-29T17:57:39
19120762,2023-09-27,2023-09-27,,2026-07-29T17:57:39
19123428,2023-09-27,2026-08-21,,2026-08-22T04:07:58
19123891,2023-09-27,2023-12-29,,2026-07-29T17:57:40
19124061,2023-09-28,2024-07-18,,2026-07-29T17:57:40
19124124,2023-09-28,2025-12-27,,2026-07-29T17:57:41
19124415,2023-09-28,2023-11-29,,2026-07-29T17:57:41
19132508,2023-09-28,2023-10-13,,2026-07-29T17:57:42
19133105,2023-09-28,2024-06-01,,2026-07-29T17:57:42
19134467,2023-09-28,2024-08-13,,2026-07-29T17:57:42
19134762,2023-09-28,2026-08-20,,2026-08-22T05:07:48
19144196,2023-09-28,2023-11-07,,2026-07-29T17:57:42
19145709,2023-09-28,2023-11-10,,2026-07-29T17:57:42
19146690,2023-09-28,2025-08-23,,2026-07-29T17:57:43
19147787,2023-09-29,2024-02-10,,2026-07-29T17:57:43
19149350,2023-09-29,2025-11-08,,2026-07-29T17:57:43
19149926,2023-09-29,2023-12-25,,2026-07-29T17:57:43
19158803,2023-09-29,2023-12-05,,2026-07-29T17:57:43
19158847,2023-09-29,2023-10-30,,2026-07-29T17:57:43
19158919,2023-09-29,2024-04-12,,2026-07-29T17:57:44
19162364,2023-09-29,2024-07-28,,2026-07-29T17:57:44
19162854,2023-09-29,2023-09-29,,2026-07-29T17:57:44
19167343,2023-09-29,2023-10-30,,2026-07-29T17:57:44
19167665,2023-09-29,2023-11-01,,2026-07-29T17:57:45
19169856,2023-09-30,2023-10-14,,2026-07-29T17:57:45
19170373,2023-09-30,2023-10-12,,2026-07-29T17:57:45
19171132,2023-09-30,2023-10-16,,2026-07-29T17:57:45
19177407,2023-09-30,2024-02-13,,2026-07-29T17:57:45
19179016,2023-09-30,2023-10-21,,2026-07-29T17:57:46
19179087,2023-09-30,2023-12-13,,2026-07-29T17:57:46
19180680,2023-09-30,2024-01-30,,2026-07-29T17:57:46
19182357,2023-09-30,2026-07-06,,2026-07-29T17:57:46
19182528,2023-09-30,2025-09-20,,2026-07-29T17:57:46
19182534,2023-09-30,2024-01-03,,2026-07-29T17:57:46
19182665,2023-09-30,2023-10-07,,2026-07-29T17:57:46
19184021,2023-09-30,2026-08-20,,2026-08-22T04:17:19
19184208,2023-09-30,2023-10-31,,2026-07-29T17:57:47
19184668,2023-09-30,2024-05-06,,2026-07-29T17:57:47
19185385,2023-09-30,2025-03-09,,2026-07-29T17:57:47
19185933,2023-09-30,2023-10-03,,2026-07-29T17:57:47
19186029,2023-09-30,2026-03-01,,2026-07-29T17:57:48
19186561,2023-10-01,2023-11-12,,2026-07-29T17:57:48
19187403,2023-10-01,2023-11-11,,2026-07-29T17:57:48
19187731,2023-10-01,2023-10-25,,2026-07-29T17:57:48
19187732,2023-10-01,2023-10-01,,2026-07-29T17:57:49
19187965,2023-10-01,2023-12-05,,2026-07-29T17:57:49
19188204,2023-10-01,2023-12-19,,2026-07-29T17:57:49
19189406,2023-10-01,2025-04-26,,2026-07-29T17:57:49
19189448,2023-10-01,2023-10-01,,2026-07-29T17:57:49
19192635,2023-10-01,2023-11-25,,2026-07-29T17:57:49
19197034,2023-10-01,2023-12-01,,2026-07-29T17:57:50
19197871,2023-10-01,2024-03-30,,2026-07-29T17:57:50
19200621,2023-10-01,2025-02-24,,2026-07-29T17:57:50
19202303,2023-10-01,2024-03-04,,2026-07-29T17:57:50
19202729,2023-10-01,2024-12-21,,2026-07-29T17:57:50
19204955,2023-10-02,2024-07-17,,2026-07-29T17:57:51
19205801,2023-10-02,2025-01-08,,2026-07-29T17:57:51
19207159,2023-10-02,2025-08-18,,2026-07-29T17:57:51
19207804,2023-10-02,2023-10-02,,2026-07-29T17:57:51
19208225,2023-10-02,2023-10-12,,2026-07-29T17:57:51
19210079,2023-10-02,2023-10-28,,2026-07-29T17:57:52
19210429,2023-10-02,2023-10-08,,2026-07-29T17:57:52
19214698,2023-10-02,2024-04-04,,2026-07-29T17:57:52
19216449,2023-10-02,2024-09-07,,2026-07-29T17:57:52
19221963,2023-10-02,2024-02-18,,2026-07-29T17:57:53
19221998,2023-10-02,2023-12-31,,2026-07-29T17:57:53
19223433,2023-10-02,2026-08-13,,2026-08-15T05:06:13
19223982,2023-10-02,2023-10-11,,2026-07-29T17:57:53
19224603,2023-10-02,2023-10-02,,2026-07-29T17:57:53
19224897,2023-10-02,2023-10-02,,2026-07-29T17:57:54
19226449,2023-10-02,2023-11-05,,2026-07-29T17:57:54
19226670,2023-10-02,2024-08-21,,2026-07-29T17:57:55
19227730,2023-10-02,2023-11-17,,2026-07-29T17:57:55
19229795,2023-10-02,2024-03-27,,2026-07-29T17:57:55
19229833,2023-10-02,2024-08-13,,2026-07-29T17:57:55
19242066,2023-10-03,2024-03-10,,2026-07-29T17:57:55
19244763,2023-10-03,2023-10-16,,2026-07-29T17:57:56
19245422,2023-10-03,2025-06-09,,2026-07-29T17:57:56
19245504,2023-10-03,2023-10-07,,2026-07-29T17:57:56
19253677,2023-10-03,2026-02-14,,2026-07-29T17:57:56
19253683,2023-10-03,2024-02-15,,2026-07-29T17:57:57
19254007,2023-10-03,2024-06-21,,2026-07-29T17:57:57
19255117,2023-10-03,2023-10-03,,2026-07-29T17:57:57
19255241,2023-10-03,2024-11-20,,2026-07-29T17:57:58
19255282,2023-10-03,2023-10-03,,2026-07-29T17:57:58
19255361,2023-10-03,2023-12-09,,2026-07-29T17:57:58
19255800,2023-10-03,2024-08-07,,2026-07-29T17:57:58
19255871,2023-10-03,2024-07-28,,2026-07-29T17:57:59
19255879,2023-10-03,2023-11-10,,2026-07-29T17:57:59
19256080,2023-10-03,2025-12-10,,2026-07-29T17:57:59
19256407,2023-10-03,2025-06-11,,2026-07-29T17:58:00
19257189,2023-10-04,2026-08-23,,2026-08-25T04:09:57
19257906,2023-10-04,2024-03-01,,2026-07-29T17:58:01
19258104,2023-10-04,2026-08-05,,2026-08-07T04:01:29
19259726,2023-10-04,2024-07-05,,2026-07-29T17:58:02
19260589,2023-10-04,2023-12-03,,2026-07-29T17:58:02
19262551,2023-10-04,2023-10-29,,2026-07-29T17:58:03
19272177,2023-10-04,2024-07-15,,2026-07-29T17:58:03
19272239,2023-10-04,2024-01-05,,2026-07-29T17:58:03
19272268,2023-10-04,2024-03-14,,2026-07-29T17:58:04
19274778,2023-10-04,2023-11-01,,2026-07-29T17:58:04
19274940,2023-10-04,2023-10-18,,2026-07-29T17:58:05
19277777,2023-10-04,2023-11-30,,2026-07-29T17:58:05
19277841,2023-10-04,2023-10-05,,2026-07-29T17:58:06
19278424,2023-10-04,2024-12-09,,2026-07-29T17:58:06
19278572,2023-10-04,2023-11-10,,2026-07-29T17:58:06
19279327,2023-10-04,2023-11-23,,2026-07-29T17:58:06
19279465,2023-10-04,2023-10-11,,2026-07-29T17:58:06
19280038,2023-10-04,2024-04-08,,2026-07-29T17:58:06
19281457,2023-10-04,2025-10-31,,2026-07-29T17:58:07
19281603,2023-10-04,2025-11-05,,2026-07-29T17:58:07
19281788,2023-10-04,2023-10-05,,2026-07-29T17:58:07
19282246,2023-10-04,2023-12-09,,2026-07-29T17:58:07
19282850,2023-10-04,2024-01-18,,2026-07-29T17:58:07
19283052,2023-10-04,2023-10-16,,2026-07-29T17:58:08
19283126,2023-10-04,2024-10-25,,2026-07-29T17:58:08
19283519,2023-10-05,2024-11-08,,2026-07-29T17:58:08
19283778,2023-10-05,2023-10-07,,2026-07-29T17:58:08
19283819,2023-10-05,2023-10-10,,2026-07-29T17:58:08
19283867,2023-10-05,2024-04-22,,2026-07-29T17:58:22
19284117,2023-10-05,2024-01-29,,2026-07-29T17:58:22
19284284,2023-10-05,2024-03-21,,2026-07-29T17:58:24
19284512,2023-10-05,2023-10-24,,2026-07-29T17:58:23
19284520,2023-10-05,2026-08-12,,2026-08-13T04:08:06
19284565,2023-10-05,2025-03-02,,2026-07-29T17:58:23
19285018,2023-10-05,2025-04-16,,2026-07-29T17:58:23
19285233,2023-10-05,2023-10-05,,2026-07-29T17:58:24
19285540,2023-10-05,2023-10-14,,2026-07-29T17:58:24
19285582,2023-10-05,2025-11-25,,2026-07-29T17:58:24
19285685,2023-10-05,2024-01-06,,2026-07-29T17:58:25
19285771,2023-10-05,2023-10-09,,2026-07-29T17:58:25
19285861,2023-10-05,2025-05-12,,2026-07-29T17:58:25
19285954,2023-10-05,2023-10-05,,2026-07-29T17:58:25
19286146,2023-10-05,2023-12-24,,2026-07-29T17:58:26
19286428,2023-10-05,2024-12-10,,2026-07-29T17:58:26
19288424,2023-10-05,2023-10-05,,2026-07-29T17:58:27
19289112,2023-10-05,2025-12-27,,2026-07-29T17:58:28
19290655,2023-10-05,2024-01-08,,2026-07-29T17:58:28
19292060,2023-10-05,2024-11-03,,2026-07-29T17:58:29
19292600,2023-10-05,2023-10-05,,2026-07-29T17:58:29
19306393,2023-10-05,2024-05-21,,2026-07-29T17:58:29
19306775,2023-10-05,2026-06-14,,2026-07-29T17:58:29
19308613,2023-10-05,2024-06-18,,2026-07-29T17:58:29
19310083,2023-10-05,2024-05-01,,2026-07-29T17:58:29
19311002,2023-10-05,2023-11-07,,2026-07-29T17:58:29
19311451,2023-10-05,2024-01-31,,2026-07-29T17:58:29
19313848,2023-10-06,2025-09-11,,2026-07-29T17:58:30
19314067,2023-10-06,2023-10-22,,2026-07-29T17:58:30
19333998,2023-10-06,2023-11-02,,2026-07-29T17:58:30
19335471,2023-10-06,2023-11-14,,2026-07-29T17:58:30
19339321,2023-10-07,2025-01-08,,2026-07-29T17:58:31
19339336,2023-10-07,2024-01-28,,2026-07-29T17:58:31
19339509,2023-10-07,2024-05-19,,2026-07-29T17:58:32
19340621,2023-10-07,2024-03-11,,2026-07-29T17:58:32
19348880,2023-10-07,2023-10-07,,2026-07-29T17:58:33
19351229,2023-10-07,2026-01-10,,2026-07-29T17:58:33
19351606,2023-10-07,2023-10-17,,2026-07-29T17:58:33
19351895,2023-10-07,2023-11-16,,2026-07-29T17:58:33
19354414,2023-10-08,2023-12-14,,2026-07-29T17:58:33
19355651,2023-10-08,2025-09-25,,2026-07-29T17:58:34
19356422,2023-10-08,2024-03-09,,2026-07-29T17:58:34
19359285,2023-10-08,2023-10-10,,2026-07-29T17:58:34
19359555,2023-10-08,2023-10-25,,2026-07-29T17:58:34
19361998,2023-10-08,2023-10-21,,2026-07-29T17:58:35
19363586,2023-10-08,2023-12-08,,2026-08-05T23:22:17
19364534,2023-10-08,2023-10-17,,2026-07-29T17:58:35
19364787,2023-10-08,2023-10-08,,2026-07-29T17:58:37
19371954,2023-10-09,2023-10-20,,2026-07-29T17:58:37
19374259,2023-10-09,2024-07-18,,2026-07-29T17:58:37
19377755,2023-10-09,2026-07-08,,2026-07-29T17:58:38
19383939,2023-10-09,2025-12-02,,2026-07-29T17:58:38
19385655,2023-10-09,2023-12-03,,2026-07-29T17:58:38
19387163,2023-10-09,2025-08-08,,2026-07-29T17:58:38
19390644,2023-10-09,2023-10-19,,2026-07-29T17:58:38
19390939,2023-10-09,2024-01-11,,2026-07-29T17:58:39
19392647,2023-10-10,2023-12-14,,2026-07-29T17:58:39
19393989,2023-10-10,2023-12-26,,2026-07-29T17:58:39
19400332,2023-10-10,2024-04-18,,2026-07-29T17:58:39
19407030,2023-10-10,2024-05-31,,2026-07-29T17:58:39
19414737,2023-10-10,2023-11-14,,2026-07-29T17:58:39
19416737,2023-10-10,2023-11-23,,2026-07-29T17:58:40
19416753,2023-10-10,2023-10-20,,2026-07-29T17:58:41
19417432,2023-10-10,2023-10-10,,2026-07-29T17:58:45
19417781,2023-10-11,2023-11-07,,2026-07-29T17:58:45
19419398,2023-10-11,2024-09-22,,2026-07-29T17:58:45
19431128,2023-10-11,2023-11-08,,2026-07-29T17:58:45
19433907,2023-10-11,2024-09-19,,2026-07-29T17:58:46
19437014,2023-10-11,2026-03-18,,2026-07-29T17:58:47
19439381,2023-10-11,2026-06-26,,2026-07-29T17:58:47
19439625,2023-10-11,2024-07-15,,2026-07-29T17:58:46
19440257,2023-10-11,2025-10-29,,2026-07-29T17:58:48
19440322,2023-10-11,2024-07-06,,2026-07-29T17:58:48
19443232,2023-10-12,2025-08-06,,2026-07-29T17:58:48
19443389,2023-10-12,2026-08-12,,2026-08-14T07:13:30
19449573,2023-10-12,2026-07-16,,2026-07-29T17:58:50
19454778,2023-10-12,2023-10-17,,2026-07-29T17:58:50
19455941,2023-10-12,2024-08-26,,2026-07-29T17:58:51
19456456,2023-10-12,2023-10-30,,2026-07-29T17:58:50
19456748,2023-10-12,2023-10-18,,2026-07-29T17:58:51
19456796,2023-10-12,2024-12-14,,2026-07-29T17:58:51
19457891,2023-10-12,2026-04-18,,2026-07-29T17:58:52
19458944,2023-10-12,2026-07-20,,2026-07-29T17:58:52
19461644,2023-10-12,2025-02-04,,2026-07-29T17:58:52
19461976,2023-10-12,2024-08-05,,2026-07-29T17:58:52
19464086,2023-10-12,2023-11-19,,2026-07-29T17:58:53
19464925,2023-10-13,2025-05-03,,2026-07-29T17:58:53
19465925,2023-10-13,2025-04-13,,2026-07-29T17:58:53
19466459,2023-10-13,2023-10-31,,2026-07-29T17:58:53
19479232,2023-10-13,2025-06-28,,2026-08-11T14:56:25
19481012,2023-10-13,2023-10-16,,2026-07-29T17:58:54
19481659,2023-10-13,2023-11-25,,2026-07-29T17:58:54
19485297,2023-10-13,2023-10-23,,2026-07-29T17:58:54
19487299,2023-10-14,2023-10-17,,2026-07-29T17:58:54
19491942,2023-10-14,2023-11-10,,2026-07-29T17:58:55
19492424,2023-10-14,2024-03-19,,2026-07-29T17:58:55
19495048,2023-10-14,2023-10-16,,2026-07-29T17:58:55
19495098,2023-10-14,2026-05-25,,2026-07-29T17:58:56
19496325,2023-10-14,2023-10-14,,2026-07-29T17:58:57
19500317,2023-10-14,2024-10-16,,2026-07-29T17:58:56
19501400,2023-10-14,2023-11-08,,2026-07-29T17:58:56
19501730,2023-10-15,2025-08-23,,2026-07-29T17:58:58
19501894,2023-10-15,2024-09-24,,2026-07-29T17:58:58
19503024,2023-10-15,2024-03-22,,2026-07-29T17:58:58
19510402,2023-10-15,2023-10-23,,2026-07-29T17:58:59
19516583,2023-10-16,2024-03-04,,2026-07-29T17:58:59
19516927,2023-10-16,2023-11-18,,2026-07-29T17:58:59
19522984,2023-10-16,2025-04-27,,2026-07-29T17:58:59
19530724,2023-10-16,2023-10-25,,2026-07-29T17:58:59
19530781,2023-10-16,2026-07-22,,2026-07-29T17:59:00
19532388,2023-10-16,2025-11-05,,2026-07-29T17:59:01
19532515,2023-10-16,2024-09-24,,2026-07-29T17:59:02
19533967,2023-10-16,2025-07-24,,2026-08-16T10:03:31
19534469,2023-10-16,2023-12-29,,2026-07-29T17:59:03
19534599,2023-10-16,2024-01-19,,2026-07-29T17:59:03
19537885,2023-10-16,2025-11-30,,2026-07-29T17:59:03
19538583,2023-10-17,2025-02-10,,2026-08-16T10:03:31
19539032,2023-10-17,2023-12-04,,2026-07-29T17:59:04
19549763,2023-10-17,2024-06-06,,2026-07-29T17:59:04
19555172,2023-10-17,2026-06-22,,2026-07-29T17:59:05
19555457,2023-10-17,2024-05-28,,2026-07-29T17:59:06
19555655,2023-10-17,2023-10-23,,2026-07-29T17:59:06
19557448,2023-10-17,2025-06-26,,2026-07-29T17:59:07
19559102,2023-10-17,2024-03-28,,2026-07-29T17:59:07
19562478,2023-10-18,2024-09-10,,2026-07-29T17:59:09
19563749,2023-10-18,2023-10-18,,2026-07-29T17:59:10
19564358,2023-10-18,2026-04-23,,2026-07-29T17:59:11
19564634,2023-10-18,2024-04-20,,2026-07-29T17:59:11
19572991,2023-10-18,2024-05-04,,2026-07-29T17:59:11
19573029,2023-10-18,2023-10-18,,2026-07-29T17:59:12
19577685,2023-10-18,2023-12-05,,2026-07-29T17:59:13
19578901,2023-10-18,2025-03-21,,2026-07-29T17:59:13
19579044,2023-10-18,2024-02-24,,2026-07-29T17:59:14
19581332,2023-10-18,2023-10-18,,2026-07-29T17:59:14
19581343,2023-10-18,2024-02-22,,2026-07-29T17:59:15
19582562,2023-10-19,2024-12-05,,2026-07-29T17:59:15
19582937,2023-10-19,2023-11-30,,2026-07-29T17:59:16
19584138,2023-10-19,2024-02-17,,2026-07-29T17:59:16
19591680,2023-10-19,2023-11-06,,2026-07-29T17:59:16
19597994,2023-10-19,2024-03-20,,2026-07-29T17:59:17
19602558,2023-10-19,2026-01-02,,2026-07-29T17:59:18
19603738,2023-10-19,2026-08-16,,2026-08-18T05:06:16
19603857,2023-10-19,2024-01-31,,2026-07-29T17:59:19
19603989,2023-10-19,2023-12-25,,2026-07-29T17:59:19
19604941,2023-10-20,2024-01-28,,2026-07-29T17:59:19
19607018,2023-10-20,2023-11-23,,2026-07-29T17:59:20
19607712,2023-10-20,2023-11-01,,2026-07-29T17:59:20
19609979,2023-10-20,2023-12-07,,2026-07-29T17:59:20
19614825,2023-10-20,2024-01-18,,2026-07-29T17:59:21
19617676,2023-10-20,2024-12-15,,2026-07-29T17:59:22
19618317,2023-10-20,2023-11-14,,2026-07-29T17:59:22
19619547,2023-10-20,2024-12-26,,2026-07-29T17:59:22
19621022,2023-10-20,2023-10-31,,2026-07-29T17:59:22
19623737,2023-10-20,2026-04-24,,2026-07-29T17:59:23
19623963,2023-10-20,2023-11-23,,2026-07-29T17:59:23
19624070,2023-10-20,2023-11-15,,2026-07-29T17:59:24
19624298,2023-10-20,2025-10-21,,2026-08-11T14:56:25
19624818,2023-10-20,2024-11-05,,2026-07-29T17:59:24
19625163,2023-10-20,2023-10-25,,2026-07-29T17:59:24
19625590,2023-10-20,2023-10-22,,2026-07-29T17:59:24
19625739,2023-10-20,2024-07-24,,2026-07-29T17:59:24
19625839,2023-10-20,2023-12-12,,2026-07-29T17:59:25
19625980,2023-10-20,2024-09-24,,2026-07-29T17:59:25
19626357,2023-10-21,2023-10-30,,2026-07-29T17:59:25
19626886,2023-10-21,2026-08-24,,2026-08-24T18:39:08
19627005,2023-10-21,2026-08-17,,2026-08-19T06:03:16
19627528,2023-10-21,2023-12-24,,2026-07-29T17:59:26
19628052,2023-10-21,2023-10-21,,2026-07-29T17:59:26
19628455,2023-10-21,2025-05-21,,2026-08-10T10:02:03
19629785,2023-10-21,2024-02-11,,2026-07-29T17:59:27
19629883,2023-10-21,2023-10-29,,2026-07-29T17:59:27
19636655,2023-10-21,2023-12-01,,2026-07-29T17:59:28
19640074,2023-10-21,2023-10-21,,2026-07-29T17:59:28
19644059,2023-10-22,2024-06-03,,2026-07-29T17:59:28
19645471,2023-10-22,2024-01-04,,2026-07-29T17:59:28
19649749,2023-10-22,2026-08-14,,2026-08-16T05:08:15
19650162,2023-10-22,2024-03-07,,2026-07-29T17:59:29
19650173,2023-10-22,2023-11-26,,2026-07-29T17:59:30
19651578,2023-10-22,2023-10-30,,2026-07-29T17:59:30
19652685,2023-10-22,2024-11-19,,2026-07-29T17:59:32
19655286,2023-10-23,2024-01-23,,2026-07-29T17:59:32
19656285,2023-10-23,2025-03-11,,2026-07-29T17:59:33
19656504,2023-10-23,2024-11-13,,2026-07-29T17:59:33
19669849,2023-10-23,2025-05-23,,2026-07-29T17:59:33
19670881,2023-10-23,2023-12-12,,2026-07-29T17:59:33
19674045,2023-10-23,2025-11-17,,2026-07-29T17:59:34
19677722,2023-10-24,2023-12-13,,2026-07-29T17:59:34
19680396,2023-10-24,2024-08-27,,2026-07-29T17:59:34
19687935,2023-10-24,2026-08-20,,2026-08-22T04:15:09
19690856,2023-10-24,2023-10-25,,2026-07-29T17:59:35
19692871,2023-10-24,2024-06-14,,2026-07-29T17:59:35
19693938,2023-10-24,2024-06-02,,2026-07-29T18:00:00
19694339,2023-10-24,2023-12-09,,2026-07-29T18:00:00
19695156,2023-10-24,2023-11-13,,2026-07-29T18:00:00
19696704,2023-10-24,2023-11-21,,2026-07-29T18:00:01
19698030,2023-10-25,2023-10-26,,2026-07-29T18:00:01
19698304,2023-10-25,2023-11-05,,2026-07-29T18:00:01
19699000,2023-10-25,2023-10-25,,2026-07-29T18:00:01
19714387,2023-10-25,2023-11-21,,2026-07-29T18:00:01
19716354,2023-10-25,2023-11-25,,2026-07-29T18:00:01
19716845,2023-10-25,2023-12-02,,2026-07-29T18:00:02
19717764,2023-10-25,2023-10-25,,2026-07-29T18:00:02
19721762,2023-10-26,2026-08-11,,2026-08-13T04:22:45
19722352,2023-10-26,2023-12-10,,2026-07-29T18:00:02
19722491,2023-10-26,2024-12-29,,2026-07-29T18:00:03
19722744,2023-10-26,2024-01-15,,2026-07-29T18:00:03
19722948,2023-10-26,2024-01-29,,2026-07-29T18:00:03
19724661,2023-10-26,2026-03-09,,2026-07-29T18:00:03
19734034,2023-10-26,2023-12-03,,2026-07-29T18:00:03
19735214,2023-10-26,2024-03-09,,2026-07-29T18:00:03
19737243,2023-10-26,2024-02-26,,2026-07-29T18:00:03
19738213,2023-10-26,2023-12-06,,2026-07-29T18:00:04
19738978,2023-10-26,2024-02-29,,2026-07-29T18:00:04
19739671,2023-10-26,2025-02-13,,2026-07-29T18:00:04
19741296,2023-10-26,2025-10-05,,2026-07-29T18:00:04
19741965,2023-10-26,2026-01-22,,2026-07-29T18:00:05
19742232,2023-10-26,2026-05-26,,2026-07-29T18:00:05
19744814,2023-10-26,2025-07-14,,2026-07-29T18:00:05
19746176,2023-10-27,2024-02-08,,2026-07-29T18:00:05
19746709,2023-10-27,2026-03-25,,2026-07-29T18:00:06
19754587,2023-10-27,2025-10-16,,2026-07-29T18:00:06
19758288,2023-10-27,2024-02-17,,2026-08-16T10:03:31
19762236,2023-10-27,2023-10-27,,2026-07-29T18:00:06
19765633,2023-10-27,2023-10-28,,2026-07-29T18:00:07
19765979,2023-10-28,2023-11-09,,2026-07-29T18:00:07
19766311,2023-10-28,2023-11-09,,2026-07-29T18:00:07
19766419,2023-10-28,2026-05-23,,2026-07-29T18:00:09
19767783,2023-10-28,2023-10-28,,2026-07-29T18:00:08
19769490,2023-10-28,2024-11-03,,2026-07-29T18:00:09
19775140,2023-10-28,2024-12-13,,2026-07-29T18:00:10
19777624,2023-10-28,2026-07-29,,2026-07-31T04:19:53
19778345,2023-10-28,2023-11-07,,2026-07-29T18:00:10
19779796,2023-10-28,2023-12-07,,2026-07-29T18:00:10
19779838,2023-10-28,2024-04-04,,2026-07-29T18:00:10
19783491,2023-10-29,2023-11-03,,2026-07-29T18:00:11
19784183,2023-10-29,2023-11-07,,2026-07-29T18:00:11
19788043,2023-10-29,2025-01-13,,2026-07-29T18:00:11
19793247,2023-10-29,2023-10-29,,2026-07-29T18:00:11
19794712,2023-10-29,2023-10-30,,2026-07-29T18:00:11
19795036,2023-10-30,2024-09-21,,2026-07-29T18:00:12
19796315,2023-10-30,2025-02-07,,2026-07-29T18:00:12
19796472,2023-10-30,2023-12-30,,2026-07-29T18:00:12
19807480,2023-10-30,2023-10-31,,2026-07-29T18:00:12
19808245,2023-10-30,2024-03-08,,2026-07-29T18:00:13
19808431,2023-10-30,2023-12-04,,2026-07-29T18:00:13
19809858,2023-10-30,2023-11-09,,2026-07-29T18:00:13
19812075,2023-10-30,2023-11-08,,2026-07-29T18:00:13
19813504,2023-10-30,2024-01-26,,2026-07-29T18:00:13
19814350,2023-10-30,2024-06-06,,2026-07-29T18:00:14
19815229,2023-10-30,2026-08-23,,2026-08-25T04:08:44
19815304,2023-10-30,2023-12-14,,2026-07-29T18:00:14
19815686,2023-10-30,2025-04-30,,2026-08-11T14:56:25
19815929,2023-10-30,2024-01-25,,2026-07-29T18:00:14
19815938,2023-10-30,2026-04-17,,2026-07-29T18:00:15
19818704,2023-10-31,2026-08-22,,2026-08-23T05:12:25
19819282,2023-10-31,2024-07-28,,2026-07-29T18:00:15
19819929,2023-10-31,2026-02-05,,2026-07-29T18:00:15
19821173,2023-10-31,2024-12-03,,2026-07-29T18:00:15
19831126,2023-10-31,2023-12-01,,2026-07-29T18:00:15
19831182,2023-10-31,2026-08-22,,2026-08-24T05:05:40
19832577,2023-10-31,2024-01-13,,2026-07-29T18:00:16
19835663,2023-10-31,2023-12-15,,2026-07-29T18:00:16
19835906,2023-10-31,2023-11-03,,2026-07-29T18:00:16
19835945,2023-10-31,2024-08-13,,2026-07-29T18:00:17
19835959,2023-10-31,2024-10-03,,2026-07-29T18:00:17
19838286,2023-10-31,2023-11-27,,2026-07-29T18:00:17
19839395,2023-11-01,2023-12-11,,2026-07-29T18:00:17
19840941,2023-11-01,2024-01-03,,2026-07-29T18:00:18
19842406,2023-11-01,2023-12-14,,2026-07-29T18:00:18
19845574,2023-11-01,2023-11-01,,2026-07-29T18:00:18
19848940,2023-11-01,2025-07-18,,2026-07-29T18:00:19
19852150,2023-11-01,2023-12-05,,2026-07-29T18:00:19
19853508,2023-11-01,2023-11-01,,2026-07-29T18:00:19
19854979,2023-11-01,2023-11-02,,2026-07-29T18:00:19
19856104,2023-11-01,2026-06-07,,2026-07-29T18:00:19
19856678,2023-11-01,2023-11-30,,2026-07-29T18:00:19
19856729,2023-11-01,2024-01-14,,2026-07-29T18:00:20
19858873,2023-11-01,2023-11-10,,2026-07-29T18:00:20
19858946,2023-11-01,2023-11-01,,2026-07-29T18:00:20
19859026,2023-11-01,2025-10-15,,2026-07-29T18:00:20
19860236,2023-11-01,2024-08-03,,2026-07-29T18:00:21
19860369,2023-11-01,2023-11-01,,2026-07-29T18:00:30
19862322,2023-11-02,2023-12-19,,2026-07-29T18:00:31
19863073,2023-11-02,2025-03-22,,2026-07-29T18:00:31
19865054,2023-11-02,2025-04-03,,2026-07-29T18:00:31
19870573,2023-11-02,2023-11-05,,2026-07-29T18:00:31
19873974,2023-11-02,2024-10-28,,2026-07-29T18:00:31
19877146,2023-11-02,2024-03-28,,2026-07-29T18:00:32
19877335,2023-11-02,2025-05-16,,2026-07-29T18:00:32
19877781,2023-11-02,2024-04-16,,2026-07-29T18:00:32
19878754,2023-11-02,2023-12-06,,2026-07-29T18:00:32
19878779,2023-11-02,2026-08-17,,2026-08-19T04:08:27
19879388,2023-11-02,2024-11-26,,2026-07-29T18:00:33
19881199,2023-11-02,2025-07-24,,2026-07-29T18:00:33
19881807,2023-11-02,2025-02-24,,2026-07-29T18:00:33
19882359,2023-11-02,2023-12-16,,2026-07-29T18:00:34
19883567,2023-11-02,2023-11-21,,2026-07-29T18:00:34
19884072,2023-11-02,2023-11-03,,2026-07-29T18:00:34
19887727,2023-11-03,2023-12-03,,2026-07-29T18:00:34
19887920,2023-11-03,2024-11-11,,2026-07-29T18:00:34
19888207,2023-11-03,2026-07-07,,2026-07-29T18:00:35
19888827,2023-11-03,2025-05-31,,2026-07-29T18:00:35
19888883,2023-11-03,2023-11-03,,2026-07-29T18:00:35
19889433,2023-11-03,2024-01-18,,2026-07-29T18:00:35
19895796,2023-11-03,2023-12-15,,2026-07-29T18:00:36
19899450,2023-11-03,2023-11-09,,2026-07-29T18:00:36
19899931,2023-11-03,2025-06-16,,2026-07-29T18:00:37
19901684,2023-11-03,2026-06-17,,2026-07-29T18:00:37
19904236,2023-11-03,2024-08-18,,2026-07-29T18:00:36
19905682,2023-11-03,2023-11-06,,2026-08-20T14:15:25
19905973,2023-11-03,2024-07-06,,2026-07-29T18:00:37
19906098,2023-11-03,2023-12-08,,2026-07-29T18:00:37
19907980,2023-11-03,2023-12-08,,2026-07-29T18:00:37
19908842,2023-11-03,2026-01-02,,2026-07-29T18:00:37
19909785,2023-11-04,2024-05-14,,2026-07-29T18:00:37
19909835,2023-11-04,2023-12-17,,2026-07-29T18:00:38
19909840,2023-11-04,2024-07-13,,2026-07-29T18:00:38
19909841,2023-11-04,2023-11-04,,2026-07-29T18:00:39
19909884,2023-11-04,2024-08-10,,2026-07-29T18:00:41
19910056,2023-11-04,2024-03-27,,2026-07-29T18:00:39
19910268,2023-11-04,2025-06-21,,2026-07-29T18:00:41
19910935,2023-11-04,2024-01-05,,2026-07-29T18:00:39
19911119,2023-11-04,2024-02-27,,2026-07-29T18:00:41
19911153,2023-11-04,2024-03-10,,2026-07-29T18:00:41
19911304,2023-11-04,2024-02-09,,2026-07-29T18:00:41
19911969,2023-11-04,2023-11-23,,2026-07-29T18:00:41
19912303,2023-11-04,2025-02-08,,2026-07-29T18:00:41
19913939,2023-11-04,2024-10-30,,2026-07-29T18:00:42
19916322,2023-11-04,2023-12-17,,2026-07-29T18:00:42
19916936,2023-11-04,2024-11-02,,2026-07-29T18:00:43
19919152,2023-11-04,2026-01-22,,2026-07-29T18:00:43
19921848,2023-11-04,2023-12-01,,2026-07-29T18:00:43
19922126,2023-11-04,2024-01-03,,2026-07-29T18:00:43
19922325,2023-11-04,2023-11-09,,2026-07-29T18:00:44
19924027,2023-11-04,2024-01-24,,2026-07-29T18:00:43
19925148,2023-11-04,2025-07-19,,2026-07-29T18:00:44
19925182,2023-11-04,2024-06-27,,2026-07-29T18:00:44
19926580,2023-11-04,2024-03-23,,2026-07-29T18:00:44
19926694,2023-11-04,2023-11-17,,2026-07-29T18:00:44
19927599,2023-11-05,2023-11-05,,2026-07-29T18:00:44
19927746,2023-11-05,2024-04-07,,2026-07-29T18:00:45
19928129,2023-11-05,2024-03-05,,2026-07-29T18:00:45
19928392,2023-11-05,2024-03-05,,2026-07-29T18:01:12
19928622,2023-11-05,2024-03-22,,2026-07-29T18:01:13
19928652,2023-11-05,2025-02-14,,2026-07-29T18:01:15
19929520,2023-11-05,2024-06-06,,2026-07-29T18:01:15
19931745,2023-11-05,2026-08-12,,2026-08-13T07:13:42
19932888,2023-11-05,2024-01-18,,2026-07-29T18:01:17
19933299,2023-11-05,2023-12-23,,2026-07-29T18:01:17
19934738,2023-11-05,2023-11-21,,2026-07-29T18:01:17
19936485,2023-11-05,2024-03-04,,2026-07-29T18:01:18
19937268,2023-11-05,2023-12-13,,2026-07-29T18:01:18
19938367,2023-11-05,2026-02-24,,2026-07-29T18:01:18
19938457,2023-11-05,2023-11-23,,2026-07-29T18:01:20
19939722,2023-11-05,2023-12-13,,2026-07-29T18:01:19
19940184,2023-11-05,2025-01-16,,2026-07-29T18:01:19
19940441,2023-11-05,2023-11-27,,2026-07-29T18:01:19
19940752,2023-11-05,2023-11-09,,2026-07-29T18:01:20
19941255,2023-11-05,2025-01-26,,2026-07-29T18:01:21
19941848,2023-11-05,2026-08-23,,2026-08-25T04:12:34
19942866,2023-11-06,2023-12-07,,2026-07-29T18:01:22
19944161,2023-11-06,2024-07-11,,2026-07-29T18:01:24
19944285,2023-11-06,2024-02-18,,2026-07-29T18:01:24
19946560,2023-11-06,2025-02-19,,2026-07-29T18:01:24
19946754,2023-11-06,2024-08-14,,2026-08-11T14:56:25
19952044,2023-11-06,2025-04-15,,2026-07-29T18:01:24
19954583,2023-11-06,2024-08-03,,2026-07-29T18:01:25
19955313,2023-11-06,2024-06-12,,2026-07-29T18:01:26
19958715,2023-11-06,2024-08-17,,2026-07-29T18:01:26
19959277,2023-11-06,2023-12-04,,2026-07-29T18:01:27
19960722,2023-11-06,2023-11-06,,2026-07-29T18:01:27
19961662,2023-11-06,2024-01-15,,2026-07-29T18:01:28
19964901,2023-11-06,2024-04-03,,2026-07-29T18:01:30
19966825,2023-11-06,2025-10-15,,2026-07-29T18:01:28
19966827,2023-11-06,2026-08-22,,2026-08-24T05:06:40
19967709,2023-11-07,2025-10-19,,2026-07-29T18:01:29
19970314,2023-11-07,2024-01-03,,2026-07-29T18:01:29
19970999,2023-11-07,2024-04-08,,2026-07-29T18:01:30
19971420,2023-11-07,2023-11-26,,2026-07-29T18:01:30
19973997,2023-11-07,2023-11-07,,2026-07-29T18:01:30
19974615,2023-11-07,2023-11-08,,2026-07-29T18:01:30
19984898,2023-11-07,2023-12-12,,2026-07-29T18:01:31
19985863,2023-11-07,2024-02-08,,2026-07-29T18:01:31
19986932,2023-11-07,2023-11-12,,2026-07-29T18:01:31
19991165,2023-11-08,2024-05-31,,2026-07-29T18:01:32
19992026,2023-11-08,2025-04-27,,2026-07-29T18:01:32
19992912,2023-11-08,2025-04-09,,2026-07-29T18:01:33
19994407,2023-11-08,2024-11-21,,2026-07-29T18:01:41
19997055,2023-11-08,2024-03-19,,2026-07-29T18:01:41
20002263,2023-11-08,2024-06-08,,2026-07-29T18:01:41
20004624,2023-11-08,2024-01-27,,2026-07-29T18:01:42
20005863,2023-11-08,2024-01-16,,2026-07-29T18:01:42
20006219,2023-11-08,2024-04-27,,2026-07-29T18:01:42
20010293,2023-11-08,2024-05-01,,2026-07-29T18:01:42
20013315,2023-11-08,2023-11-12,,2026-07-29T18:01:42
20014220,2023-11-08,2024-01-01,,2026-07-29T18:01:43
20014772,2023-11-08,2024-02-07,,2026-07-29T18:01:43
20015106,2023-11-08,2023-11-13,,2026-07-29T18:01:43
20015645,2023-11-09,2024-07-10,,2026-07-29T18:01:43
20019738,2023-11-09,2026-05-28,,2026-08-10T10:03:30
20021301,2023-11-09,2024-05-17,,2026-07-29T18:01:44
20022087,2023-11-09,2023-11-09,,2026-07-29T18:01:45
20029464,2023-11-09,2024-07-03,,2026-07-29T18:01:47
20030934,2023-11-09,2023-11-09,,2026-07-29T18:01:48
20031060,2023-11-09,2023-12-24,,2026-07-29T18:01:48
20032699,2023-11-09,2024-01-12,,2026-07-29T18:01:49
20033269,2023-11-09,2024-01-23,,2026-07-29T18:01:49
20033378,2023-11-09,2024-01-14,,2026-07-29T18:01:49
20034077,2023-11-09,2023-12-09,,2026-07-29T18:01:49
20035471,2023-11-09,2024-04-21,,2026-07-29T18:01:49
20036926,2023-11-09,2023-11-23,,2026-07-29T18:01:50
20038127,2023-11-10,2023-11-30,,2026-07-29T18:01:50
20038490,2023-11-10,2023-11-10,,2026-07-29T18:01:50
20038633,2023-11-10,2023-11-10,,2026-07-29T18:01:50
20038969,2023-11-10,2023-12-04,,2026-07-29T18:01:50
20040072,2023-11-10,2025-09-10,,2026-07-29T18:01:51
20040375,2023-11-10,2023-11-15,,2026-07-29T18:01:51
20040978,2023-11-10,2026-07-23,,2026-07-29T18:01:51
20041574,2023-11-10,2026-08-20,,2026-08-22T07:06:28
20044336,2023-11-10,2023-11-10,,2026-07-29T18:01:52
20046453,2023-11-10,2024-01-04,,2026-07-29T18:01:52
20047782,2023-11-10,2024-03-30,,2026-07-29T18:01:52
20048403,2023-11-10,2024-04-24,,2026-07-29T18:01:53
20050205,2023-11-10,2023-11-21,,2026-07-29T18:01:53
20050676,2023-11-10,2023-12-05,,2026-07-29T18:01:53
20051223,2023-11-10,2024-02-06,,2026-07-29T18:01:53
20051502,2023-11-10,2025-09-05,,2026-07-29T18:01:53
20051827,2023-11-10,2023-12-10,,2026-07-29T18:01:54
20051935,2023-11-10,2024-06-02,,2026-07-29T18:01:54
20052700,2023-11-10,2023-11-24,,2026-07-29T18:01:54
20053624,2023-11-10,2024-02-29,,2026-07-29T18:01:54
20053864,2023-11-10,2025-10-29,,2026-07-29T18:01:55
20053943,2023-11-10,2023-11-13,,2026-07-29T18:01:55
20055231,2023-11-10,2024-02-05,,2026-07-29T18:01:55
20056557,2023-11-11,2023-12-18,,2026-07-29T18:01:55
20056823,2023-11-11,2023-11-11,,2026-07-29T18:01:56
20057342,2023-11-11,2023-12-12,,2026-07-29T18:01:57
20058102,2023-11-11,2024-01-03,,2026-07-29T18:01:58
20058296,2023-11-11,2024-06-12,,2026-07-29T18:01:58
20060502,2023-11-11,2024-10-26,,2026-07-29T18:02:16
20060778,2023-11-11,2024-01-27,,2026-07-29T18:02:16
20063857,2023-11-11,2023-11-21,,2026-07-29T18:02:16
20064497,2023-11-11,2023-12-14,,2026-07-29T18:02:16
20070208,2023-11-12,2026-08-18,,2026-08-20T04:09:56
20070737,2023-11-12,2023-12-27,,2026-07-29T18:02:23
20071617,2023-11-12,2023-11-22,,2026-07-29T18:02:23
20072061,2023-11-12,2024-01-08,,2026-07-29T18:02:23
20074632,2023-11-12,2023-12-15,,2026-07-29T18:02:24
20074693,2023-11-12,2023-12-01,,2026-07-29T18:02:24
20075296,2023-11-12,2023-12-08,,2026-07-29T18:02:24
20076862,2023-11-12,2024-08-20,,2026-07-29T18:02:25
20079035,2023-11-12,2024-01-21,,2026-07-29T18:02:25
20081058,2023-11-13,2023-11-13,,2026-07-29T18:02:25
20085639,2023-11-13,2024-02-07,,2026-07-29T18:02:26
20086260,2023-11-13,2024-01-22,,2026-07-29T18:02:26
20089140,2023-11-13,2025-04-15,,2026-07-29T18:02:26
20091457,2023-11-13,2023-11-15,,2026-07-29T18:02:26
20092378,2023-11-13,2026-04-18,,2026-07-29T18:02:27
20093573,2023-11-13,2024-07-14,,2026-07-29T18:02:27
20096313,2023-11-13,2024-01-26,,2026-07-29T18:02:27
20096556,2023-11-13,2023-12-26,,2026-07-29T18:02:28
20098055,2023-11-13,2024-02-28,,2026-07-29T18:02:28
20098253,2023-11-13,2026-06-11,,2026-07-29T18:02:28
20098769,2023-11-14,2024-01-09,,2026-07-29T18:02:28
20102707,2023-11-14,2023-12-11,,2026-07-29T18:02:29
20103904,2023-11-14,2025-01-07,,2026-07-29T18:02:30
20110968,2023-11-14,2024-01-14,,2026-07-29T18:02:32
20114274,2023-11-14,2024-05-03,,2026-07-29T18:02:32
20118082,2023-11-14,2024-03-08,,2026-07-29T18:02:33
20119265,2023-11-14,2023-12-01,,2026-07-29T18:02:33
20119741,2023-11-14,2024-01-03,,2026-07-29T18:02:33
20120456,2023-11-14,2026-07-12,,2026-07-29T18:02:34
20121996,2023-11-14,2023-11-18,,2026-07-29T18:02:34
20122789,2023-11-15,2026-06-20,,2026-07-29T18:02:35
20123566,2023-11-15,2024-07-05,,2026-07-29T18:02:35
20123868,2023-11-15,2023-12-03,,2026-07-29T18:02:36
20130506,2023-11-15,2023-11-15,,2026-07-29T18:02:36
20132336,2023-11-15,2024-05-13,,2026-07-29T18:02:36
20135416,2023-11-15,2024-07-17,,2026-07-29T18:02:36
20140066,2023-11-15,2024-11-25,,2026-07-29T18:02:38
20141693,2023-11-15,2024-02-16,,2026-07-29T18:02:37
20142535,2023-11-15,2024-03-02,,2026-07-29T18:02:38
20143521,2023-11-15,2024-03-26,,2026-07-29T18:02:39
20143999,2023-11-15,2024-02-29,,2026-07-29T18:02:39
20144451,2023-11-15,2025-06-02,,2026-07-29T18:02:40
20144469,2023-11-15,2025-12-09,,2026-07-29T18:02:40
20144771,2023-11-15,2024-02-22,,2026-07-29T18:02:40
20145483,2023-11-16,2023-12-06,,2026-07-29T18:02:41
20145968,2023-11-16,2025-05-29,,2026-07-29T18:02:41
20146353,2023-11-16,2024-01-02,,2026-07-29T18:02:41
20147485,2023-11-16,2023-11-16,,2026-07-29T18:02:41
20147577,2023-11-16,2026-04-30,,2026-07-29T18:02:42
20147646,2023-11-16,2023-11-22,,2026-07-29T18:02:42
20148146,2023-11-16,2023-12-26,,2026-07-29T18:02:42
20148186,2023-11-16,2023-12-14,,2026-07-29T18:02:42
20148969,2023-11-16,2024-03-12,,2026-07-29T18:02:42
20149705,2023-11-16,2025-03-14,,2026-07-29T18:02:43
20153874,2023-11-16,2024-02-21,,2026-07-29T18:02:43
20159223,2023-11-16,2024-12-16,,2026-07-29T18:02:43
20159695,2023-11-16,2024-05-29,,2026-07-29T18:02:43
20160874,2023-11-16,2024-10-11,,2026-07-29T18:02:44
20162119,2023-11-16,2025-02-28,,2026-07-29T18:02:44
20162395,2023-11-16,2023-11-19,,2026-07-29T18:02:44
20162558,2023-11-16,2024-03-03,,2026-07-29T18:02:44
20164010,2023-11-16,2024-01-06,,2026-07-29T18:02:44
20164175,2023-11-16,2024-08-18,,2026-07-29T18:02:44
20164784,2023-11-16,2026-07-10,,2026-07-29T18:02:45
20166145,2023-11-16,2024-02-16,,2026-07-29T18:02:45
20166742,2023-11-16,2023-11-20,,2026-07-29T18:02:45
20170370,2023-11-17,2023-11-17,,2026-07-29T18:02:46
20170598,2023-11-17,2025-05-05,,2026-07-29T18:02:46
20171597,2023-11-17,2024-01-29,,2026-07-29T18:02:47
20171709,2023-11-17,2026-08-13,,2026-08-15T07:12:47
20175159,2023-11-17,2024-07-26,,2026-07-29T18:02:46
20180341,2023-11-17,2023-11-18,,2026-07-29T18:02:47
20181701,2023-11-17,2023-11-22,,2026-07-29T18:02:47
20184587,2023-11-17,2024-06-06,,2026-07-29T18:02:47
20184810,2023-11-17,2023-12-04,,2026-07-29T18:02:48
20186260,2023-11-17,2023-11-25,,2026-07-29T18:02:47
20195272,2023-11-18,2024-04-20,,2026-07-29T18:02:48
20197987,2023-11-18,2024-03-22,,2026-07-29T18:02:49
20202943,2023-11-18,2023-12-10,,2026-07-29T18:02:50
20203282,2023-11-18,2024-05-01,,2026-07-29T18:02:49
20203770,2023-11-18,2024-02-03,,2026-07-29T18:02:50
20204588,2023-11-18,2026-08-18,,2026-08-20T04:07:50
20204937,2023-11-18,2023-11-18,,2026-07-29T18:02:50
20206693,2023-11-18,2023-11-18,,2026-07-29T18:02:51
20208579,2023-11-18,2025-01-18,,2026-07-29T18:02:51
20208704,2023-11-18,2023-12-29,,2026-07-29T18:03:17
20208877,2023-11-18,2023-12-13,,2026-07-29T18:03:17
20209298,2023-11-18,2023-12-05,,2026-07-29T18:03:18
20209485,2023-11-18,2025-11-27,,2026-07-29T18:03:18
20210522,2023-11-19,2023-11-25,,2026-07-29T18:03:18
20210607,2023-11-19,2025-11-10,,2026-07-29T18:03:19
20211352,2023-11-19,2025-08-08,,2026-07-29T18:03:20
20211651,2023-11-19,2026-06-16,,2026-07-29T18:03:20
20212242,2023-11-19,2025-07-31,,2026-07-29T18:03:20
20212547,2023-11-19,2023-12-26,,2026-07-29T18:03:20
20218090,2023-11-19,2025-01-17,,2026-07-29T18:03:20
20218130,2023-11-19,2024-11-19,,2026-07-29T18:03:20
20219607,2023-11-19,2024-06-19,,2026-07-29T18:03:21
20221133,2023-11-19,2024-02-28,,2026-07-29T18:03:21
20221186,2023-11-19,2024-01-04,,2026-07-29T18:03:21
20221266,2023-11-19,2025-12-28,,2026-07-29T18:03:22
20221645,2023-11-19,2023-12-15,,2026-07-29T18:03:22
20222481,2023-11-19,2024-03-31,,2026-07-29T18:03:22
20222773,2023-11-19,2023-11-24,,2026-07-29T18:03:22
20222905,2023-11-20,2024-01-26,,2026-07-29T18:03:22
20223146,2023-11-20,2024-01-14,,2026-07-29T18:03:23
20223523,2023-11-20,2024-01-02,,2026-07-29T18:03:23
20223942,2023-11-20,2026-07-16,,2026-07-29T18:03:24
20224286,2023-11-20,2024-05-25,,2026-07-29T18:03:24
20229990,2023-11-20,2024-10-23,,2026-07-29T18:03:24
20237747,2023-11-20,2023-11-20,,2026-07-29T18:03:24
20239437,2023-11-20,2026-01-27,,2026-07-29T18:03:24
20240331,2023-11-20,2023-12-06,,2026-07-29T18:03:24
20241289,2023-11-20,2024-01-10,,2026-07-29T18:03:25
20244923,2023-11-20,2024-02-18,,2026-07-29T18:03:25
20245051,2023-11-20,2024-04-03,,2026-07-29T18:03:25
20245668,2023-11-20,2024-10-29,,2026-07-29T18:03:25
20247035,2023-11-21,2024-01-22,,2026-07-29T18:03:25
20247887,2023-11-21,2024-01-29,,2026-07-29T18:03:26
20248033,2023-11-21,2025-06-29,,2026-08-16T10:11:27
20248140,2023-11-21,2024-03-03,,2026-07-29T18:03:26
20248987,2023-11-21,2023-12-12,,2026-07-29T18:03:26
20251070,2023-11-21,2026-08-24,,2026-08-24T22:24:43
20253964,2023-11-21,2026-04-26,,2026-07-29T18:03:27
20265009,2023-11-21,2025-09-04,,2026-07-29T18:03:27
20268971,2023-11-22,2025-04-19,,2026-07-29T18:03:27
20269882,2023-11-22,2023-12-06,,2026-07-29T18:03:28
20285138,2023-11-22,2024-02-01,,2026-07-29T18:03:28
20285524,2023-11-22,2024-07-27,,2026-07-29T18:03:29
20285718,2023-11-22,2023-11-26,,2026-07-29T18:03:29
20303063,2023-11-23,2024-02-28,,2026-07-29T18:03:29
20306571,2023-11-23,2025-06-21,,2026-07-29T18:03:29
20309498,2023-11-23,2024-02-11,,2026-07-29T18:03:30
20310751,2023-11-24,2024-08-29,,2026-07-29T18:03:30
20311042,2023-11-24,2026-02-01,,2026-07-29T18:03:30
20313582,2023-11-24,2024-07-28,,2026-07-29T18:03:30
20319990,2023-11-24,2024-05-21,,2026-07-29T18:03:30
20322703,2023-11-24,2024-08-22,,2026-07-29T18:03:31
20324222,2023-11-24,2024-01-13,,2026-07-29T18:03:31
20325033,2023-11-24,2024-01-21,,2026-07-29T18:03:31
20327619,2023-11-24,2024-01-23,,2026-07-29T18:03:31
20328343,2023-11-24,2026-05-04,,2026-07-29T18:03:32
20329210,2023-11-25,2024-01-10,,2026-07-29T18:03:32
20330066,2023-11-25,2025-07-28,,2026-07-29T18:03:32
20331580,2023-11-25,2023-11-25,,2026-07-29T18:03:33
20340906,2023-11-25,2023-12-22,,2026-07-29T18:03:33
20341367,2023-11-25,2024-01-11,,2026-07-29T18:03:34
20343217,2023-11-25,2024-08-04,,2026-07-29T18:03:34
20344908,2023-11-25,2023-11-25,,2026-07-29T18:03:34
20348198,2023-11-26,2025-06-19,,2026-07-29T18:03:34
20353594,2023-11-26,2023-11-29,,2026-07-29T18:03:34
20356110,2023-11-26,2023-11-27,,2026-07-29T18:03:35
20357902,2023-11-26,2025-11-03,,2026-07-29T18:03:35
20359075,2023-11-26,2023-12-20,,2026-07-29T18:03:35
20359083,2023-11-26,2024-06-14,,2026-07-29T18:03:35
20361116,2023-11-27,2023-12-21,,2026-07-29T18:03:36
20362368,2023-11-27,2025-01-05,,2026-08-11T14:56:26
20364904,2023-11-27,2023-11-27,,2026-07-29T18:03:36
20365205,2023-11-27,2024-05-30,,2026-07-29T18:03:36
20368782,2023-11-27,2024-02-15,,2026-07-29T18:03:36
20369200,2023-11-27,2024-01-01,,2026-07-29T18:03:36
20373291,2023-11-27,2026-03-26,,2026-07-29T18:03:37
20377081,2023-11-27,2023-12-08,,2026-07-29T18:03:37
20378021,2023-11-27,2025-01-19,,2026-07-29T18:03:37
20378727,2023-11-27,2024-01-29,,2026-07-29T18:03:37
20384509,2023-11-27,2024-03-10,,2026-07-29T18:03:37
20386740,2023-11-28,2026-04-14,,2026-07-29T18:03:38
20386851,2023-11-28,2023-11-28,,2026-07-29T18:03:38
20387036,2023-11-28,2023-11-28,,2026-07-29T18:03:38
20387826,2023-11-28,2023-12-03,,2026-07-29T18:03:38
20392296,2023-11-28,2024-01-16,,2026-07-29T18:03:39
20392756,2023-11-28,2023-12-20,,2026-07-29T18:03:39
20403732,2023-11-28,2026-08-23,,2026-08-24T05:06:38
20404402,2023-11-28,2024-04-01,,2026-07-29T18:03:39
20406528,2023-11-28,2024-01-29,,2026-07-29T18:03:40
20407292,2023-11-28,2023-11-29,,2026-07-29T18:03:40
20407750,2023-11-28,2026-08-18,,2026-08-20T04:19:11
20408588,2023-11-28,2023-11-28,,2026-07-29T18:03:41
20409702,2023-11-28,2024-01-16,,2026-07-29T18:03:42
20410870,2023-11-28,2026-08-23,,2026-08-25T04:00:29
20416090,2023-11-29,2023-11-29,,2026-07-29T18:03:42
20417671,2023-11-29,2023-12-11,,2026-07-29T18:04:05
20421089,2023-11-29,2024-05-13,,2026-07-29T18:04:05
20425505,2023-11-29,2024-02-17,,2026-07-29T18:04:05
20426549,2023-11-29,2026-08-20,,2026-08-22T04:19:55
20427605,2023-11-29,2026-02-11,,2026-07-29T18:04:07
20427652,2023-11-29,2025-12-20,,2026-07-29T18:04:07
20428943,2023-11-29,2026-03-21,,2026-07-29T18:04:07
20429628,2023-11-29,2024-03-12,,2026-07-29T18:04:08
20430905,2023-11-29,2024-01-20,,2026-07-29T18:04:09
20431686,2023-11-29,2023-12-17,,2026-07-29T18:04:08
20434054,2023-11-29,2026-08-14,,2026-08-16T04:13:49
20435530,2023-11-30,2023-12-09,,2026-07-29T18:04:10
20435627,2023-11-30,2023-11-30,,2026-07-29T18:04:10
20435681,2023-11-30,2024-02-04,,2026-07-29T18:04:11
20436711,2023-11-30,2023-12-14,,2026-07-29T18:04:11
20437191,2023-11-30,2023-11-30,,2026-07-29T18:04:11
20437356,2023-11-30,2024-11-27,,2026-07-29T18:04:11
20437374,2023-11-30,2023-11-30,,2026-07-29T18:04:12
20442922,2023-11-30,2024-02-04,,2026-07-29T18:04:12
20443511,2023-11-30,2023-12-26,,2026-07-29T18:04:12
20444602,2023-11-30,2023-12-27,,2026-07-29T18:04:12
20444858,2023-11-30,2024-01-12,,2026-07-29T18:04:13
20449977,2023-11-30,2023-12-12,,2026-07-29T18:04:13
20450460,2023-11-30,2024-01-18,,2026-07-29T18:04:13
20453836,2023-11-30,2026-01-21,,2026-07-29T18:04:13
20455400,2023-11-30,2024-04-15,,2026-07-29T18:04:13
20456623,2023-11-30,2024-01-06,,2026-07-29T18:04:14
20456993,2023-11-30,2024-01-31,,2026-07-29T18:04:14
20457695,2023-11-30,2024-04-13,,2026-07-29T18:04:14
20458150,2023-11-30,2025-10-20,,2026-07-29T18:04:14
20458788,2023-11-30,2025-08-29,,2026-07-29T18:04:14
20459112,2023-12-01,2024-08-15,,2026-07-29T18:04:15
20459198,2023-12-01,2023-12-17,,2026-07-29T18:04:15
20460014,2023-12-01,2024-02-21,,2026-07-29T18:04:15
20460224,2023-12-01,2023-12-04,,2026-07-29T18:04:15
20460958,2023-12-01,2024-01-20,,2026-07-29T18:04:16
20461299,2023-12-01,2024-10-01,,2026-07-29T18:04:16
20462698,2023-12-01,2024-06-02,,2026-07-29T18:04:16
20463054,2023-12-01,2025-05-11,,2026-07-29T18:04:17
20463953,2023-12-01,2023-12-13,,2026-07-29T18:04:17
20466442,2023-12-01,2025-03-21,,2026-07-29T18:04:17
20466751,2023-12-01,2024-01-06,,2026-07-29T18:04:17
20468024,2023-12-01,2024-01-30,,2026-07-29T18:04:18
20468466,2023-12-01,2026-08-05,,2026-08-07T04:16:57
20469029,2023-12-01,2024-10-29,,2026-07-29T18:04:18
20470909,2023-12-01,2024-05-07,,2026-07-29T18:04:18
20473060,2023-12-01,2024-04-09,,2026-07-29T18:04:18
20474471,2023-12-01,2023-12-28,,2026-07-29T18:04:19
20474581,2023-12-01,2024-07-19,,2026-07-29T18:04:19
20475309,2023-12-01,2026-01-25,,2026-07-29T18:04:19
20475678,2023-12-01,2024-02-02,,2026-07-29T18:04:19
20480661,2023-12-01,2024-03-10,,2026-07-29T18:04:19
20481298,2023-12-01,2024-02-22,,2026-07-29T18:04:20
20481950,2023-12-02,2024-01-11,,2026-07-29T18:04:20
20483665,2023-12-02,2024-08-02,,2026-07-29T18:04:20
20483868,2023-12-02,2024-02-06,,2026-07-29T18:04:20
20484009,2023-12-02,2024-03-17,,2026-07-29T18:04:21
20484502,2023-12-02,2024-01-27,,2026-07-29T18:04:21
20485003,2023-12-02,2024-04-08,,2026-07-29T18:04:21
20485795,2023-12-02,2025-07-05,,2026-07-29T18:04:21
20486761,2023-12-02,2024-07-06,,2026-07-29T18:04:21
20491213,2023-12-02,2024-05-01,,2026-07-29T18:04:22
20493564,2023-12-02,2026-01-10,,2026-07-29T18:04:22
20494023,2023-12-02,2026-03-05,,2026-07-29T18:04:22
20495498,2023-12-02,2023-12-14,,2026-07-29T18:04:22
20495900,2023-12-02,2023-12-12,,2026-07-29T18:04:23
20497342,2023-12-02,2024-01-05,,2026-07-29T18:04:23
20497856,2023-12-03,2024-07-16,,2026-07-29T18:04:23
20498349,2023-12-03,2024-07-27,,2026-07-29T18:04:24
20498727,2023-12-03,2024-06-23,,2026-07-29T18:04:23
20499128,2023-12-03,2024-04-17,,2026-07-29T18:04:24
20499417,2023-12-03,2024-01-14,,2026-07-29T18:04:24
20499442,2023-12-03,2024-05-15,,2026-07-29T18:04:24
20501570,2023-12-03,2024-05-16,,2026-07-29T18:04:24
20501622,2023-12-03,2025-05-24,,2026-08-09T22:36:54
20504442,2023-12-03,2025-02-07,,2026-08-16T10:03:39
20505073,2023-12-03,2024-01-13,,2026-07-29T18:04:25
20505580,2023-12-03,2024-06-18,,2026-07-29T18:04:25
20506031,2023-12-03,2024-08-23,,2026-07-29T18:04:26
20506349,2023-12-03,2026-08-19,,2026-08-21T05:05:49
20507388,2023-12-03,2024-01-23,,2026-07-29T18:04:26
20508445,2023-12-03,2026-06-03,,2026-07-29T18:04:26
20508787,2023-12-03,2024-01-20,,2026-07-29T18:04:26
20509581,2023-12-03,2026-06-29,,2026-07-29T18:04:27
20509692,2023-12-03,2024-02-06,,2026-07-29T18:04:27
20509696,2023-12-03,2023-12-03,,2026-07-29T18:04:27
20510925,2023-12-04,2024-05-17,,2026-07-29T18:04:27
20512727,2023-12-04,2026-07-20,,2026-07-29T18:04:28
20515051,2023-12-04,2024-02-21,,2026-07-29T18:04:28
20524887,2023-12-04,2024-01-06,,2026-07-29T18:04:29
20524966,2023-12-04,2024-05-21,,2026-07-29T18:04:29
20525735,2023-12-04,2024-05-14,,2026-07-29T18:04:29
20527141,2023-12-04,2026-03-28,,2026-08-16T10:11:27
20527424,2023-12-04,2023-12-08,,2026-07-29T18:04:30
20528134,2023-12-04,2025-09-22,,2026-07-29T18:04:30
20528384,2023-12-04,2026-01-23,,2026-08-16T10:08:06
20529137,2023-12-04,2024-03-20,,2026-07-29T18:04:52
20531273,2023-12-04,2023-12-07,,2026-07-29T18:05:02
20531764,2023-12-05,2024-02-16,,2026-07-29T18:05:02
20532186,2023-12-05,2026-02-19,,2026-07-29T18:05:03
20532974,2023-12-05,2026-08-12,,2026-08-14T05:07:00
20533371,2023-12-05,2024-06-03,,2026-07-29T18:05:03
20534008,2023-12-05,2024-01-02,,2026-07-29T18:05:03
20534053,2023-12-05,2024-05-08,,2026-07-29T18:05:03
20534082,2023-12-05,2023-12-09,,2026-07-29T18:05:03
20534510,2023-12-05,2023-12-05,,2026-07-29T18:05:04
20534548,2023-12-05,2025-07-06,,2026-07-29T18:05:04
20534715,2023-12-05,2024-04-24,,2026-07-29T18:05:04
20534952,2023-12-05,2025-08-03,,2026-07-29T18:05:04
20536208,2023-12-05,2024-06-02,,2026-07-29T18:05:04
20542669,2023-12-05,2025-06-30,,2026-07-29T18:05:05
20543632,2023-12-05,2025-03-11,,2026-07-29T18:05:05
20544140,2023-12-05,2023-12-28,,2026-07-29T18:05:05
20550629,2023-12-05,2024-05-25,,2026-07-29T18:05:05
20550946,2023-12-05,2024-01-26,,2026-07-29T18:05:05
20551105,2023-12-05,2025-11-19,,2026-07-29T18:05:06
20553388,2023-12-05,2024-07-15,,2026-07-29T18:05:06
20554773,2023-12-06,2023-12-06,,2026-07-29T18:05:07
20555582,2023-12-06,2023-12-16,,2026-07-29T18:05:07
20555798,2023-12-06,2024-03-13,,2026-07-29T18:05:07
20559899,2023-12-06,2024-02-02,,2026-07-29T18:05:07
20560669,2023-12-06,2024-05-23,,2026-07-29T18:05:08
20561581,2023-12-06,2024-12-25,,2026-07-29T18:05:08
20562391,2023-12-06,2024-12-11,,2026-07-29T18:05:08
20571499,2023-12-06,2026-02-22,,2026-07-29T18:05:08
20574370,2023-12-06,2026-07-23,,2026-07-29T18:05:09
20574395,2023-12-06,2024-01-04,,2026-07-29T18:05:09
20576555,2023-12-07,2023-12-07,,2026-07-29T18:05:09
20587467,2023-12-07,2024-05-04,,2026-07-29T18:05:09
20590975,2023-12-07,2024-07-21,,2026-07-29T18:05:10
20593323,2023-12-07,2024-09-16,,2026-07-29T18:05:10
20593655,2023-12-07,2024-05-05,,2026-07-29T18:05:11
20596440,2023-12-08,2025-08-08,,2026-07-29T18:05:12
20600542,2023-12-08,2024-07-11,,2026-07-29T18:05:12
20606890,2023-12-08,2024-03-03,,2026-07-29T18:05:12
20608038,2023-12-08,2026-08-24,,2026-08-24T19:51:20
20608540,2023-12-08,2024-04-23,,2026-07-29T18:05:12
20609314,2023-12-08,2024-01-30,,2026-07-29T18:05:38
20609402,2023-12-08,2025-06-14,,2026-07-29T18:05:39
20609613,2023-12-08,2024-02-02,,2026-07-29T18:05:39
20612022,2023-12-08,2026-05-02,,2026-08-21T10:01:57
20612769,2023-12-08,2023-12-09,,2026-07-29T18:05:39
20613106,2023-12-08,2024-03-11,,2026-07-29T18:05:39
20613286,2023-12-08,2023-12-10,,2026-07-29T18:05:39
20613612,2023-12-08,2023-12-12,,2026-07-29T18:05:40
20613666,2023-12-08,2024-03-23,,2026-07-29T18:05:40
20614422,2023-12-09,2026-08-07,,2026-08-09T04:16:37
20614979,2023-12-09,2024-02-13,,2026-07-29T18:05:40
20615403,2023-12-09,2023-12-19,,2026-07-29T18:05:41
20615534,2023-12-09,2024-07-04,,2026-07-29T18:05:41
20616585,2023-12-09,2024-11-13,,2026-07-30T16:25:02
20617806,2023-12-09,2026-04-13,,2026-07-29T18:05:41
20617807,2023-12-09,2024-07-13,,2026-07-29T18:05:41
20620029,2023-12-09,2024-11-25,,2026-07-29T18:05:41
20623716,2023-12-09,2024-01-14,,2026-07-29T18:05:43
20625671,2023-12-09,2024-09-16,,2026-07-29T18:05:43
20625930,2023-12-09,2025-04-15,,2026-07-29T18:05:43
20627316,2023-12-09,2023-12-09,,2026-07-29T18:05:43
20627321,2023-12-09,2024-12-01,,2026-07-29T18:05:43
20627811,2023-12-09,2023-12-09,,2026-07-29T18:05:43
20628497,2023-12-10,2025-03-09,,2026-07-29T18:05:45
20628655,2023-12-10,2024-01-10,,2026-07-29T18:05:45
20629049,2023-12-10,2026-08-15,,2026-08-17T04:09:38
20629972,2023-12-10,2023-12-11,,2026-07-29T18:05:45
20630052,2023-12-10,2024-01-07,,2026-07-29T18:05:45
20630597,2023-12-10,2024-01-03,,2026-07-29T18:05:45
20631040,2023-12-10,2024-01-10,,2026-07-29T18:05:45
20632190,2023-12-10,2023-12-19,,2026-07-29T18:05:45
20632490,2023-12-10,2024-03-12,,2026-07-29T18:05:45
20634753,2023-12-10,2024-08-23,,2026-07-29T18:05:48
20635363,2023-12-10,2026-07-21,,2026-07-29T18:05:48
20638307,2023-12-10,2026-02-25,,2026-07-29T18:05:48
20639296,2023-12-10,2026-07-19,,2026-07-29T18:05:48
20639948,2023-12-10,2023-12-10,,2026-08-21T07:10:49
20640056,2023-12-10,2024-02-02,,2026-07-29T18:05:48
20642236,2023-12-11,2023-12-29,,2026-07-29T18:05:48
20647371,2023-12-11,2023-12-22,,2026-07-29T18:05:48
20649257,2023-12-11,2024-03-22,,2026-07-29T18:05:48
20650571,2023-12-11,2024-05-20,,2026-07-29T18:05:48
20652800,2023-12-11,2024-04-13,,2026-07-29T18:05:48
20656321,2023-12-11,2025-01-11,,2026-07-29T18:05:48
20656593,2023-12-11,2026-07-22,,2026-07-29T18:05:50
20657446,2023-12-11,2025-03-04,,2026-07-29T18:05:50
20661820,2023-12-11,2023-12-25,,2026-07-29T18:05:50
20662306,2023-12-12,2024-06-15,,2026-07-29T18:05:50
20662575,2023-12-12,2024-07-26,,2026-07-29T18:05:50
20662679,2023-12-12,2024-04-19,,2026-07-29T18:05:50
20663061,2023-12-12,2026-08-23,,2026-08-25T04:08:50
20663797,2023-12-12,2024-01-10,,2026-07-29T18:05:50
20664082,2023-12-12,2024-01-10,,2026-07-29T18:05:50
20666606,2023-12-12,2024-01-10,,2026-07-29T18:05:50
20666773,2023-12-12,2024-03-10,,2026-07-29T18:05:50
20669461,2023-12-12,2023-12-16,,2026-07-29T18:05:53
20669967,2023-12-12,2026-08-18,,2026-08-20T07:06:30
20670891,2023-12-12,2026-07-16,,2026-07-29T18:05:53
20674464,2023-12-12,2023-12-13,,2026-07-29T18:05:53
20678239,2023-12-12,2023-12-14,,2026-07-29T18:05:53
20678660,2023-12-12,2024-01-09,,2026-07-29T18:05:53
20679338,2023-12-12,2024-02-22,,2026-07-29T18:05:53
20680308,2023-12-12,2024-05-17,,2026-07-29T18:05:53
20680364,2023-12-12,2024-02-13,,2026-07-29T18:05:53
20683134,2023-12-13,2024-09-15,,2026-07-29T18:05:53
20685261,2023-12-13,2024-01-05,,2026-07-29T18:05:53
20688124,2023-12-13,2024-03-11,,2026-07-29T18:05:53
20688569,2023-12-13,2023-12-18,,2026-07-29T18:05:57
20693830,2023-12-13,2023-12-14,,2026-07-29T18:05:57
20697493,2023-12-13,2024-03-15,,2026-07-29T18:05:57
20698171,2023-12-13,2024-11-25,,2026-07-29T18:05:57
20704705,2023-12-13,2024-07-27,,2026-07-29T18:05:57
20705464,2023-12-14,2026-07-06,,2026-07-29T18:05:57
20705859,2023-12-14,2024-05-07,,2026-07-29T18:05:57
20707123,2023-12-14,2024-05-08,,2026-07-29T18:05:57
20708889,2023-12-14,2025-01-14,,2026-07-29T18:05:57
20711963,2023-12-14,2024-01-07,,2026-07-29T18:05:57
20712694,2023-12-14,2024-03-18,,2026-07-29T18:05:57
20715293,2023-12-14,2024-10-22,,2026-07-29T18:05:57
20721798,2023-12-14,2024-06-23,,2026-07-29T18:05:57
20722361,2023-12-14,2023-12-25,,2026-07-29T18:05:57
20723936,2023-12-14,2023-12-16,,2026-07-29T18:05:57
20723950,2023-12-14,2023-12-14,,2026-07-29T18:05:58
20724407,2023-12-14,2025-07-28,,2026-07-29T18:05:57
20725665,2023-12-14,2025-09-05,,2026-07-29T18:06:01
20726253,2023-12-15,2026-04-16,,2026-07-29T18:06:01
20726385,2023-12-15,2024-05-04,,2026-07-29T18:06:01
20727173,2023-12-15,2024-11-18,,2026-07-29T18:06:01
20728015,2023-12-15,2025-12-19,,2026-07-29T18:06:01
20728863,2023-12-15,2026-05-25,,2026-07-29T18:06:01
20729102,2023-12-15,2026-02-20,,2026-07-29T18:06:01
20737540,2023-12-15,2024-01-20,,2026-07-29T18:06:01
20739441,2023-12-15,2026-04-09,,2026-07-29T18:06:01
20740146,2023-12-15,2024-02-01,,2026-07-29T18:06:01
20741214,2023-12-15,2024-01-20,,2026-07-29T18:06:01
20742337,2023-12-15,2024-02-29,,2026-07-29T18:06:01
20744065,2023-12-15,2025-03-11,,2026-07-29T18:06:01
20744084,2023-12-15,2024-07-17,,2026-07-29T18:06:01
20745354,2023-12-16,2023-12-16,,2026-07-29T18:06:01
20745670,2023-12-16,2024-08-22,,2026-07-29T18:06:01
20747569,2023-12-16,2024-06-03,,2026-07-29T18:06:01
20751340,2023-12-16,2023-12-29,,2026-07-29T18:06:06
20754709,2023-12-16,2026-03-31,,2026-07-29T18:06:06
20756416,2023-12-16,2024-03-15,,2026-07-29T18:06:06
20757461,2023-12-16,2025-05-05,,2026-07-29T18:06:06
20757692,2023-12-16,2023-12-20,,2026-07-29T18:06:06
20758067,2023-12-16,2024-02-25,,2026-07-29T18:06:06
20758372,2023-12-16,2026-06-26,,2026-07-29T18:06:06
20758976,2023-12-17,2024-01-10,,2026-07-29T18:06:06
20759087,2023-12-17,2024-01-26,,2026-07-29T18:06:06
20762490,2023-12-17,2024-02-07,,2026-07-29T18:06:06
20764878,2023-12-17,2025-10-28,,2026-07-29T18:06:06
20769175,2023-12-17,2023-12-19,,2026-07-29T18:06:06
20770597,2023-12-18,2024-04-06,,2026-07-29T18:06:06
20770671,2023-12-18,2023-12-26,,2026-07-29T18:06:06
20770916,2023-12-18,2025-03-12,,2026-07-29T18:06:06
20780925,2023-12-18,2026-06-11,,2026-07-29T18:06:11
20784633,2023-12-18,2024-01-22,,2026-07-29T18:06:11
20784741,2023-12-18,2024-04-23,,2026-07-29T18:06:11
20785734,2023-12-18,2024-07-19,,2026-07-29T18:06:11
20787136,2023-12-18,2023-12-18,,2026-07-29T18:06:11
20787238,2023-12-18,2023-12-28,,2026-07-29T18:06:11
20787885,2023-12-18,2026-07-07,,2026-07-29T18:06:11
20788132,2023-12-18,2023-12-28,,2026-07-29T18:06:11
20788385,2023-12-18,2024-08-23,,2026-07-29T18:06:11
20789114,2023-12-18,2024-01-22,,2026-07-29T18:06:11
20789740,2023-12-18,2024-04-01,,2026-07-29T18:06:11
20791050,2023-12-18,2024-01-01,,2026-07-29T18:06:11
20791287,2023-12-19,2026-06-25,,2026-07-29T18:06:11
20792316,2023-12-19,2024-01-11,,2026-07-29T18:06:11
20793027,2023-12-19,2026-02-25,,2026-07-29T18:06:11
20793646,2023-12-19,2023-12-19,,2026-07-29T18:06:11
20798343,2023-12-19,2023-12-19,,2026-07-29T18:06:11
20804383,2023-12-19,2026-04-12,,2026-07-29T18:06:11
20806174,2023-12-19,2024-01-26,,2026-07-29T18:06:11
20807422,2023-12-19,2023-12-26,,2026-07-29T18:06:11
20808268,2023-12-19,2024-02-23,,2026-07-29T18:06:11
20810423,2023-12-19,2024-01-12,,2026-07-29T18:06:11
20811959,2023-12-19,2024-01-13,,2026-07-29T18:06:16
20813147,2023-12-20,2025-03-20,,2026-07-29T18:06:16
20813301,2023-12-20,2025-10-20,,2026-07-29T18:06:16
20813714,2023-12-20,2024-11-08,,2026-07-29T18:06:16
20816537,2023-12-20,2026-08-14,,2026-08-16T10:05:01
20817646,2023-12-20,2025-11-08,,2026-07-29T18:06:16
20818156,2023-12-20,2024-01-05,,2026-07-29T18:06:16
20819144,2023-12-20,2024-01-21,,2026-07-29T18:06:16
20827893,2023-12-20,2024-01-09,,2026-07-29T18:06:16
20827902,2023-12-20,2025-07-01,,2026-07-29T18:06:16
20828139,2023-12-20,2026-03-26,,2026-07-29T18:06:16
20828425,2023-12-20,2023-12-20,,2026-07-29T18:06:16
20828637,2023-12-20,2025-02-25,,2026-07-29T18:06:16
20828938,2023-12-20,2023-12-21,,2026-07-29T18:06:16
20829229,2023-12-20,2026-03-31,,2026-07-29T18:06:16
20830068,2023-12-20,2024-05-06,,2026-07-29T18:06:16
20830112,2023-12-20,2024-01-02,,2026-07-29T18:06:16
20830177,2023-12-20,2024-01-10,,2026-07-29T18:06:16
20831029,2023-12-20,2024-01-30,,2026-07-29T18:06:16
20831401,2023-12-20,2026-07-25,,2026-07-29T18:06:22
20831454,2023-12-20,2024-05-10,,2026-07-29T18:06:22
20832209,2023-12-20,2024-01-01,,2026-07-29T18:06:22
20832567,2023-12-20,2024-01-19,,2026-07-29T18:06:22
20832841,2023-12-20,2023-12-23,,2026-07-29T18:06:46
20833099,2023-12-20,2024-01-01,,2026-07-29T18:06:46
20834288,2023-12-21,2024-01-04,,2026-07-29T18:06:49
20834384,2023-12-21,2024-04-20,,2026-07-29T18:06:49
20835473,2023-12-21,2023-12-28,,2026-07-29T18:06:53
20835487,2023-12-21,2025-09-29,,2026-07-29T18:06:53
20835830,2023-12-21,2024-06-03,,2026-07-29T18:06:55
20835906,2023-12-21,2024-09-10,,2026-07-29T18:06:56
20836817,2023-12-21,2026-05-04,,2026-07-29T18:07:03
20837472,2023-12-21,2024-04-04,,2026-07-29T18:07:13
20842813,2023-12-21,2024-01-13,,2026-07-29T18:07:12
20847219,2023-12-21,2025-12-13,,2026-07-29T18:07:22
20847838,2023-12-21,2024-02-06,,2026-07-29T18:07:27
20847990,2023-12-21,2024-05-03,,2026-07-29T18:07:27
20851111,2023-12-21,2024-05-21,,2026-07-29T18:07:28
20852599,2023-12-21,2024-12-30,,2026-07-29T18:07:32
20853493,2023-12-21,2024-12-25,,2026-07-29T18:07:35
20854142,2023-12-21,2024-01-26,,2026-07-29T18:07:36
20854901,2023-12-22,2024-03-25,,2026-07-29T18:07:37
20855157,2023-12-22,2023-12-29,,2026-07-29T18:07:37
20855481,2023-12-22,2023-12-31,,2026-07-29T18:07:37
20855488,2023-12-22,2023-12-23,,2026-07-29T18:07:38
20872752,2023-12-23,2023-12-27,,2026-07-29T18:07:38
20872924,2023-12-23,2024-01-03,,2026-07-29T18:07:39
20873164,2023-12-23,2025-01-29,,2026-07-29T18:07:40
20874612,2023-12-23,2024-01-24,,2026-07-29T18:07:40
20883776,2023-12-23,2025-01-04,,2026-07-29T18:07:41
20885935,2023-12-23,2024-07-14,,2026-07-29T18:07:44
20886098,2023-12-23,2024-02-22,,2026-07-29T18:07:45
20886618,2023-12-24,2023-12-24,,2026-07-29T18:07:46
20888159,2023-12-24,2024-03-18,,2026-07-29T18:07:47
20888940,2023-12-24,2026-02-10,,2026-07-29T18:07:48
20890556,2023-12-24,2024-04-17,,2026-07-29T18:07:49
20890595,2023-12-24,2025-02-18,,2026-07-29T18:07:50
20890992,2023-12-24,2024-04-01,,2026-07-29T18:07:50
20894134,2023-12-24,2024-05-23,,2026-07-29T18:07:52
20894765,2023-12-24,2025-03-10,,2026-07-29T18:07:53
20895480,2023-12-25,2024-11-17,,2026-07-29T18:07:53
20898556,2023-12-25,2025-07-03,,2026-07-29T18:07:54
20904205,2023-12-25,2024-02-06,,2026-07-29T18:07:55
20906129,2023-12-25,2023-12-25,,2026-07-29T18:07:56
20906793,2023-12-26,2024-02-14,,2026-07-29T18:07:57
20907114,2023-12-26,2025-05-31,,2026-07-29T18:08:00
20908104,2023-12-26,2024-07-13,,2026-07-29T18:07:59
20909530,2023-12-26,2024-01-24,,2026-07-29T18:08:01
20917919,2023-12-26,2025-01-14,,2026-07-29T18:08:02
20918390,2023-12-26,2024-12-17,,2026-07-29T18:08:01
20920966,2023-12-26,2024-08-23,,2026-07-29T18:08:02
20924231,2023-12-26,2024-04-26,,2026-07-29T18:08:03
20924384,2023-12-27,2026-05-08,,2026-07-29T18:08:04
20925044,2023-12-27,2026-01-28,,2026-07-29T18:08:06
20925866,2023-12-27,2025-09-27,,2026-07-29T18:08:10
20927320,2023-12-27,2026-06-27,,2026-07-29T18:08:11
20927894,2023-12-27,2024-01-14,,2026-07-29T18:08:12
20930050,2023-12-27,2024-03-05,,2026-07-29T18:08:12
20932090,2023-12-27,2024-09-13,,2026-07-29T18:08:13
20933250,2023-12-27,2024-05-30,,2026-07-29T18:08:13
20935894,2023-12-27,2026-07-31,,2026-08-02T04:23:00
20940296,2023-12-27,2024-08-15,,2026-07-29T18:08:14
20941459,2023-12-27,2024-07-16,,2026-07-29T18:08:14
20946414,2023-12-28,2024-11-06,,2026-07-29T18:08:15
20954080,2023-12-28,2024-01-23,,2026-07-29T18:08:16
20954238,2023-12-28,2024-02-12,,2026-07-29T18:08:17
20954364,2023-12-28,2025-03-18,,2026-07-29T18:08:17
20956855,2023-12-28,2025-03-09,,2026-07-29T18:08:18
20957081,2023-12-28,2026-08-16,,2026-08-18T04:03:03
20958814,2023-12-28,2024-01-20,,2026-07-29T18:08:19
20959315,2023-12-28,2024-01-12,,2026-07-29T18:08:19
20959876,2023-12-28,2024-01-18,,2026-07-29T18:08:20
20960934,2023-12-28,2026-08-17,,2026-08-19T07:11:10
20961459,2023-12-28,2024-03-11,,2026-07-29T18:08:20
20961750,2023-12-28,2024-10-25,,2026-07-29T18:08:20
20961930,2023-12-28,2024-05-30,,2026-07-29T18:08:21
20962241,2023-12-28,2024-01-07,,2026-07-29T18:08:22
20964570,2023-12-29,2026-03-02,,2026-07-29T18:08:25
20966641,2023-12-29,2024-01-03,,2026-07-29T18:08:24
20967719,2023-12-29,2025-01-25,,2026-07-29T18:08:25
20968443,2023-12-29,2024-01-25,,2026-07-29T18:08:25
20969516,2023-12-29,2024-01-13,,2026-07-29T18:08:26
20970202,2023-12-29,2024-02-01,,2026-07-29T18:08:26
20974122,2023-12-29,2024-01-20,,2026-07-29T18:08:27
20978431,2023-12-29,2023-12-30,,2026-07-29T18:08:27
20978989,2023-12-29,2024-03-15,,2026-07-29T18:08:27
20979569,2023-12-29,2024-02-08,,2026-07-29T18:08:28
20983389,2023-12-30,2024-01-10,,2026-07-29T18:08:28
20984081,2023-12-30,2025-04-26,,2026-07-29T18:08:29
20984343,2023-12-30,2023-12-31,,2026-07-29T18:08:30
20985421,2023-12-30,2024-05-30,,2026-07-29T18:08:30
20986016,2023-12-30,2026-08-20,,2026-08-22T08:00:06
20987035,2023-12-30,2024-01-12,,2026-07-29T18:08:30
20987983,2023-12-30,2024-06-09,,2026-07-29T18:08:31
20992717,2023-12-30,2024-01-01,,2026-07-29T18:08:32
20994439,2023-12-30,2023-12-30,,2026-07-29T18:08:32
20995595,2023-12-30,2024-09-06,,2026-07-29T18:08:33
20996060,2023-12-30,2024-04-08,,2026-07-29T18:08:33
20996256,2023-12-30,2024-01-26,,2026-07-29T18:08:50
20996446,2023-12-30,2024-04-03,,2026-07-29T18:08:51
20998109,2023-12-30,2026-07-12,,2026-07-29T18:08:51
20998135,2023-12-30,2024-02-21,,2026-07-29T18:08:51
20998299,2023-12-30,2024-01-15,,2026-07-29T18:08:51
20999934,2023-12-31,2025-01-29,,2026-07-29T18:08:52
20999949,2023-12-31,2024-06-08,,2026-07-29T18:08:52
21000059,2023-12-31,2024-08-12,,2026-07-29T18:08:52
21000506,2023-12-31,2025-05-27,,2026-07-29T18:08:53
21000588,2023-12-31,2024-10-23,,2026-07-29T18:08:53
21000875,2023-12-31,2024-01-01,,2026-07-29T18:08:53
21000931,2023-12-31,2024-05-11,,2026-07-29T18:08:53
21001424,2023-12-31,2025-06-30,,2026-07-29T18:08:53
21002543,2023-12-31,2024-02-18,,2026-07-29T18:08:54
21005734,2023-12-31,2025-02-06,,2026-07-29T18:08:54
21006808,2023-12-31,2024-05-12,,2026-07-29T18:08:54
21009024,2023-12-31,2023-12-31,,2026-07-29T18:08:55
21009436,2023-12-31,2026-08-22,,2026-08-24T04:07:23
21010368,2023-12-31,2025-09-01,,2026-07-29T18:08:55
21010376,2023-12-31,2024-05-28,,2026-07-29T18:08:55
21010963,2023-12-31,2024-04-02,,2026-07-29T18:08:55
21010969,2023-12-31,2024-01-13,,2026-07-29T18:08:56
21011103,2023-12-31,2024-03-28,,2026-07-29T18:08:56
21011985,2023-12-31,2025-07-02,,2026-07-29T18:08:56
21012832,2024-01-01,2024-02-16,,2026-07-29T18:08:56
21016232,2024-01-01,2024-09-29,,2026-07-29T18:08:56
21016303,2024-01-01,2024-02-03,,2026-07-29T18:08:57
21020145,2024-01-01,2026-06-21,,2026-07-29T18:08:57
21026598,2024-01-01,2025-02-04,,2026-07-29T18:08:57
21032990,2024-01-02,2025-12-17,,2026-07-29T18:08:58
21041329,2024-01-02,2024-01-04,,2026-07-29T18:08:58
21046660,2024-01-02,2026-08-18,,2026-08-19T04:19:48
21046809,2024-01-02,2025-11-29,,2026-07-29T18:08:58
21047431,2024-01-02,2024-01-02,,2026-07-29T18:08:58
21051795,2024-01-02,2024-08-23,,2026-08-18T15:34:07
21051805,2024-01-02,2024-01-15,,2026-07-29T18:08:59
21054821,2024-01-02,2024-01-02,,2026-07-29T18:08:59
21055007,2024-01-02,2026-08-21,,2026-08-23T04:12:36
21055953,2024-01-03,2025-06-28,,2026-07-29T18:08:59
21055960,2024-01-03,2026-04-21,,2026-07-29T18:08:59
21057784,2024-01-03,2026-05-29,,2026-07-29T18:09:00
21059333,2024-01-03,2024-01-05,,2026-07-29T18:09:00
21060406,2024-01-03,2025-10-22,,2026-07-29T18:09:00
21063200,2024-01-03,2026-08-08,,2026-08-10T07:08:54
21068643,2024-01-03,2024-01-05,,2026-07-29T18:09:00
21070754,2024-01-03,2025-01-23,,2026-07-29T18:09:01
21074220,2024-01-03,2025-02-23,,2026-07-29T18:09:01
21077110,2024-01-03,2025-06-22,,2026-07-29T18:09:01
21077938,2024-01-03,2024-01-04,,2026-07-29T18:09:01
21082568,2024-01-04,2024-05-04,,2026-07-29T18:09:02
21082681,2024-01-04,2024-01-09,,2026-07-29T18:09:02
21083273,2024-01-04,2024-01-25,,2026-07-29T18:09:02
21083786,2024-01-04,2025-05-14,,2026-07-29T18:09:02
21084046,2024-01-04,2024-01-04,,2026-07-29T18:09:02
21084378,2024-01-04,2024-01-09,,2026-07-29T18:09:02
21084669,2024-01-04,2024-01-12,,2026-07-29T18:09:03
21085206,2024-01-04,2024-01-14,,2026-07-29T18:09:03
21085438,2024-01-04,2024-04-19,,2026-07-29T18:09:03
21086864,2024-01-04,2024-01-04,,2026-07-29T18:09:03
21092000,2024-01-04,2024-08-20,,2026-07-29T18:09:03
21096838,2024-01-04,2026-04-14,,2026-07-29T18:09:04
21096934,2024-01-04,2024-01-05,,2026-07-29T18:09:04
21097952,2024-01-04,2024-04-04,,2026-07-29T18:09:04
21099400,2024-01-04,2026-05-22,,2026-07-29T18:09:05
21099710,2024-01-04,2024-03-29,,2026-07-29T18:09:05
21099922,2024-01-04,2024-09-24,,2026-07-29T18:09:05
21100163,2024-01-04,2024-07-19,,2026-07-29T18:09:05
21102122,2024-01-04,2024-02-01,,2026-07-29T18:09:05
21103247,2024-01-04,2026-08-13,,2026-08-15T04:20:12
21105451,2024-01-05,2025-04-21,,2026-07-29T18:09:06
21105618,2024-01-05,2025-04-22,,2026-07-29T18:09:06
21105688,2024-01-05,2024-02-11,,2026-07-29T18:09:06
21106151,2024-01-05,2024-01-05,,2026-07-29T18:09:06
21106255,2024-01-05,2025-02-01,,2026-07-29T18:09:06
21106340,2024-01-05,2024-04-06,,2026-07-29T18:09:06
21106525,2024-01-05,2024-08-31,,2026-07-29T18:09:07
21106657,2024-01-05,2026-06-11,,2026-07-29T18:09:07
21106764,2024-01-05,2024-01-05,,2026-07-29T18:09:07
21106771,2024-01-05,2025-06-16,,2026-07-29T18:09:07
21106947,2024-01-05,2024-02-02,,2026-07-29T18:09:08
21106992,2024-01-05,2025-01-16,,2026-07-29T18:09:08
21107061,2024-01-05,2024-01-05,,2026-07-29T18:09:08
21107356,2024-01-05,2024-10-15,,2026-07-29T18:09:08
21107422,2024-01-05,2024-02-15,,2026-07-29T18:09:08
21107561,2024-01-05,2026-08-07,,2026-08-09T05:03:14
21107892,2024-01-05,2025-01-23,,2026-07-29T18:09:09
21108063,2024-01-05,2025-09-12,,2026-07-29T18:09:09
21108228,2024-01-05,2024-02-11,,2026-07-29T18:09:09
21108256,2024-01-05,2026-04-09,,2026-07-29T18:09:09
21108341,2024-01-05,2026-08-22,,2026-08-24T05:03:32
21108544,2024-01-05,2026-08-12,,2026-08-14T05:08:48
21108841,2024-01-05,2025-05-15,,2026-07-29T18:09:10
21108974,2024-01-05,2024-01-16,,2026-07-29T18:09:10
21109222,2024-01-05,2024-04-03,,2026-07-29T18:09:11
21111803,2024-01-05,2024-03-13,,2026-07-29T18:09:11
21120694,2024-01-05,2025-12-08,,2026-07-29T18:09:12
21120985,2024-01-05,2024-03-19,,2026-07-29T18:09:33
21121238,2024-01-05,2025-01-26,,2026-07-29T18:09:34
21121357,2024-01-05,2024-03-10,,2026-07-29T18:09:34
21125253,2024-01-05,2026-02-24,,2026-07-29T18:09:34
21126291,2024-01-05,2024-01-05,,2026-07-29T18:09:35
21127557,2024-01-05,2024-03-08,,2026-07-29T18:09:35
21128318,2024-01-05,2024-12-23,,2026-07-29T18:09:35
21129609,2024-01-06,2025-06-07,,2026-07-29T18:09:37
21130197,2024-01-06,2026-05-31,,2026-07-29T18:09:37
21130350,2024-01-06,2024-02-04,,2026-07-29T18:09:38
21132838,2024-01-06,2024-03-30,,2026-07-29T18:09:40
21133250,2024-01-06,2025-03-10,,2026-07-29T18:09:39
21134999,2024-01-06,2024-01-31,,2026-07-29T18:09:39
21144882,2024-01-06,2024-01-31,,2026-07-29T18:09:40
21145456,2024-01-06,2024-11-04,,2026-07-29T18:09:40
21148889,2024-01-06,2026-08-07,,2026-08-08T07:12:40
21151691,2024-01-07,2024-01-18,,2026-07-29T18:09:40
21152684,2024-01-07,2025-06-21,,2026-07-29T18:09:40
21154873,2024-01-07,2024-05-14,,2026-07-29T18:09:41
21155108,2024-01-07,2024-02-09,,2026-07-29T18:09:41
21157440,2024-01-07,2025-02-02,,2026-07-29T18:09:41
21157483,2024-01-07,2024-05-04,,2026-07-29T18:09:41
21159608,2024-01-07,2026-04-12,,2026-07-29T18:09:42
21160649,2024-01-07,2024-01-09,,2026-07-29T18:09:42
21161827,2024-01-07,2025-06-19,,2026-07-29T18:09:42
21163930,2024-01-07,2026-06-15,,2026-07-29T18:09:42
21163944,2024-01-07,2024-01-11,,2026-07-29T18:09:43
21165228,2024-01-08,2024-05-19,,2026-07-29T18:09:43
21165603,2024-01-08,2025-02-26,,2026-07-29T18:09:44
21166130,2024-01-08,2024-01-08,,2026-07-29T18:09:45
21167455,2024-01-08,2024-02-01,,2026-07-29T18:09:45
21167649,2024-01-08,2024-01-22,,2026-07-29T18:09:45
21169490,2024-01-08,2024-01-09,,2026-07-29T18:09:45
21169601,2024-01-08,2024-01-18,,2026-07-29T18:09:46
21180252,2024-01-08,2026-04-03,,2026-07-29T18:09:46
21181979,2024-01-08,2024-02-10,,2026-07-29T18:09:46
21183410,2024-01-08,2024-01-08,,2026-07-29T18:09:46
21184767,2024-01-08,2025-01-06,,2026-07-29T18:09:46
21186605,2024-01-08,2025-05-25,,2026-07-29T18:09:47
21186608,2024-01-08,2024-01-08,,2026-07-29T18:09:47
21188872,2024-01-08,2025-06-06,,2026-07-29T18:09:47
21189017,2024-01-08,2026-08-16,,2026-08-17T07:11:51
21189249,2024-01-08,2025-02-08,,2026-07-29T18:09:48
21192471,2024-01-09,2024-01-19,,2026-07-29T18:09:49
21193412,2024-01-09,2026-08-10,,2026-08-12T04:16:57
21195155,2024-01-09,2024-01-25,,2026-07-29T18:09:49
21197145,2024-01-09,2024-02-19,,2026-07-29T18:09:49
21198318,2024-01-09,2024-06-08,,2026-07-29T18:09:49
21213596,2024-01-09,2024-01-09,,2026-07-29T18:09:49
21215003,2024-01-09,2024-01-28,,2026-07-29T18:09:50
21218384,2024-01-09,2024-01-28,,2026-07-29T18:09:50
21219867,2024-01-09,2024-03-15,,2026-07-29T18:09:50
21223366,2024-01-10,2024-01-19,,2026-07-29T18:09:50
21224079,2024-01-10,2024-01-31,,2026-07-29T18:09:51
21234288,2024-01-10,2024-02-12,,2026-07-29T18:09:51
21244437,2024-01-10,2024-01-30,,2026-07-29T18:09:51
21245328,2024-01-10,2024-01-17,,2026-07-29T18:09:51
21247321,2024-01-10,2024-01-10,,2026-07-29T18:09:51
21247789,2024-01-10,2024-02-08,,2026-07-29T18:09:52
21248700,2024-01-10,2024-08-21,,2026-07-29T18:09:52
21249637,2024-01-10,2024-01-10,,2026-07-29T18:09:52
21250277,2024-01-11,2024-06-14,,2026-07-29T18:09:52
21251670,2024-01-11,2024-01-11,,2026-07-29T18:09:53
21254053,2024-01-11,2024-04-11,,2026-07-29T18:09:53
21254079,2024-01-11,2026-01-06,,2026-08-09T22:36:23
21256769,2024-01-11,2024-01-18,,2026-07-29T18:09:53
21269215,2024-01-11,2025-05-11,,2026-07-29T18:09:53
21270694,2024-01-11,2024-05-08,,2026-07-29T18:09:53
21271149,2024-01-11,2024-01-30,,2026-07-29T18:09:54
21272757,2024-01-11,2025-08-22,,2026-07-29T18:09:54
21273811,2024-01-11,2026-01-21,,2026-07-29T18:09:54
21275173,2024-01-11,2026-07-21,,2026-07-29T18:09:54
21278139,2024-01-12,2024-02-08,,2026-07-29T18:09:55
21278968,2024-01-12,2024-03-20,,2026-07-29T18:09:55
21279588,2024-01-12,2024-01-22,,2026-07-29T18:09:55
21281422,2024-01-12,2026-06-02,,2026-07-29T18:09:56
21283255,2024-01-12,2024-01-14,,2026-07-29T18:09:56
21283707,2024-01-12,2024-05-04,,2026-07-29T18:09:56
21298028,2024-01-12,2024-01-20,,2026-07-29T18:09:56
21299544,2024-01-12,2024-01-18,,2026-07-29T18:09:56
21299810,2024-01-12,2025-05-24,,2026-07-29T18:09:56
21300396,2024-01-12,2024-01-17,,2026-07-29T18:09:57
21315753,2024-01-13,2024-01-14,,2026-07-29T18:09:57
21318267,2024-01-13,2026-08-22,,2026-08-23T06:04:36
21320087,2024-01-13,2025-01-13,,2026-07-29T18:09:57
21322097,2024-01-14,2024-05-13,,2026-07-29T18:09:57
21322364,2024-01-14,2024-03-15,,2026-07-29T18:09:57
21323521,2024-01-14,2024-08-26,,2026-07-29T18:09:58
21323667,2024-01-14,2024-06-26,,2026-07-29T18:09:58
21334366,2024-01-14,2024-09-26,,2026-07-29T18:09:58
21336112,2024-01-14,2026-01-18,,2026-07-29T18:09:58
21336859,2024-01-14,2024-06-07,,2026-07-29T18:09:59
21338429,2024-01-14,2025-10-10,,2026-07-29T18:09:59
21339618,2024-01-15,2025-06-20,,2026-07-29T18:09:59
21341375,2024-01-15,2025-05-15,,2026-07-29T18:09:59
21341633,2024-01-15,2026-08-23,,2026-08-25T04:03:19
21341733,2024-01-15,2024-02-23,,2026-07-29T18:10:00
21342778,2024-01-15,2024-07-13,,2026-07-29T18:10:00
21343124,2024-01-15,2026-02-27,,2026-08-16T10:10:32
21344658,2024-01-15,2024-01-15,,2026-07-29T18:10:00
21349078,2024-01-15,2026-07-09,,2026-07-29T18:10:00
21358832,2024-01-15,2024-01-16,,2026-07-29T18:10:01
21362169,2024-01-15,2024-02-09,,2026-07-29T18:10:01
21362614,2024-01-15,2024-10-16,,2026-07-29T18:10:01
21364254,2024-01-15,2024-09-15,,2026-07-29T18:10:01
21365771,2024-01-15,2026-01-10,,2026-07-29T18:10:02
21365930,2024-01-15,2026-08-12,,2026-08-13T05:04:47
21366107,2024-01-15,2024-04-02,,2026-07-29T18:10:02
21366124,2024-01-15,2024-05-17,,2026-07-29T18:10:02
21368516,2024-01-16,2024-02-01,,2026-07-29T18:10:07
21369427,2024-01-16,2025-06-07,,2026-07-29T18:10:07
21370355,2024-01-16,2024-01-16,,2026-07-29T18:10:08
21370854,2024-01-16,2024-12-17,,2026-07-29T18:10:08
21371348,2024-01-16,2024-05-16,,2026-07-29T18:10:08
21372254,2024-01-16,2024-01-29,,2026-07-29T18:10:09
21383298,2024-01-16,2024-12-17,,2026-07-29T18:10:09
21383825,2024-01-16,2025-09-16,,2026-07-29T18:10:09
21385347,2024-01-16,2024-01-18,,2026-07-29T18:10:10
21390550,2024-01-16,2024-01-16,,2026-07-29T18:10:10
21393321,2024-01-16,2026-03-16,,2026-07-29T18:10:12
21394970,2024-01-16,2024-02-06,,2026-07-29T18:10:12
21399107,2024-01-17,2024-05-06,,2026-07-29T18:10:13
21400295,2024-01-17,2025-09-21,,2026-07-29T18:10:13
21400526,2024-01-17,2024-12-24,,2026-07-29T18:10:13
21402240,2024-01-17,2024-01-17,,2026-07-29T18:10:13
21402831,2024-01-17,2025-05-28,,2026-07-29T18:10:14
21403227,2024-01-17,2024-03-11,,2026-07-29T18:10:14
21411119,2024-01-17,2026-05-19,,2026-07-29T18:10:15
21413124,2024-01-17,2025-12-02,,2026-07-29T18:10:15
21422008,2024-01-17,2024-01-18,,2026-07-29T18:10:15
21423553,2024-01-17,2025-07-12,,2026-07-29T18:10:15
21426429,2024-01-18,2024-05-18,,2026-07-29T18:10:15
21427698,2024-01-18,2025-08-20,,2026-07-29T18:10:16
21444627,2024-01-18,2024-05-25,,2026-07-29T18:10:16
21451503,2024-01-18,2024-01-18,,2026-07-29T18:10:16
21452158,2024-01-18,2024-02-24,,2026-07-29T18:10:16
21452808,2024-01-18,2024-01-18,,2026-07-29T18:10:16
21453716,2024-01-19,2026-07-01,,2026-07-29T18:10:18
21454492,2024-01-19,2024-05-19,,2026-07-29T18:10:18
21455641,2024-01-19,2024-07-18,,2026-07-29T18:10:18
21459525,2024-01-19,2025-04-15,,2026-07-29T18:10:18
21468269,2024-01-19,2024-01-27,,2026-07-29T18:10:18
21470731,2024-01-19,2024-03-31,,2026-07-29T18:10:18
21473292,2024-01-19,2024-04-14,,2026-07-29T18:10:18
21473814,2024-01-19,2024-09-18,,2026-07-29T18:10:19
21475327,2024-01-19,2024-01-20,,2026-07-29T18:10:19
21476001,2024-01-19,2024-09-08,,2026-07-29T18:10:19
21477229,2024-01-19,2024-08-03,,2026-07-29T18:10:19
21480444,2024-01-20,2024-07-16,,2026-07-29T18:10:19
21480597,2024-01-20,2025-07-10,,2026-07-29T18:10:19
21481091,2024-01-20,2025-09-06,,2026-07-29T18:10:21
21485603,2024-01-20,2025-10-16,,2026-07-29T18:10:21
21489738,2024-01-20,2024-01-27,,2026-07-29T18:10:21
21490688,2024-01-20,2025-01-29,,2026-07-29T18:10:21
21497387,2024-01-21,2025-12-24,,2026-07-29T18:10:21
21497476,2024-01-21,2024-03-13,,2026-07-29T18:10:23
21497524,2024-01-21,2024-08-07,,2026-07-29T18:10:23
21498190,2024-01-21,2024-01-23,,2026-07-29T18:10:23
21498204,2024-01-21,2024-01-21,,2026-07-29T18:10:23
21500025,2024-01-21,2024-10-09,,2026-07-29T18:10:23
21500141,2024-01-21,2026-03-25,,2026-07-29T23:30:08
21500196,2024-01-21,2026-04-09,,2026-07-29T18:10:23
21500291,2024-01-21,2025-07-11,,2026-07-29T18:10:23
21507387,2024-01-21,2025-01-19,,2026-07-29T18:10:23
21510467,2024-01-21,2024-04-14,,2026-07-29T18:10:23
21510473,2024-01-21,2025-07-25,,2026-07-29T18:10:25
21513491,2024-01-21,2024-01-22,,2026-07-29T18:10:25
21514252,2024-01-22,2024-12-14,,2026-07-29T18:10:25
21515601,2024-01-22,2024-01-22,,2026-07-29T18:10:25
21516562,2024-01-22,2025-05-29,,2026-07-29T18:10:25
21516615,2024-01-22,2024-03-02,,2026-07-29T18:10:27
21517858,2024-01-22,2024-03-04,,2026-07-29T18:10:27
21526644,2024-01-22,2026-05-13,,2026-07-29T18:10:27
21534127,2024-01-22,2024-02-26,,2026-07-29T18:10:27
21537342,2024-01-22,2026-07-14,,2026-07-29T18:10:27
21539993,2024-01-22,2024-01-22,,2026-07-29T18:10:27
21540298,2024-01-22,2024-02-05,,2026-07-29T18:10:27
21542998,2024-01-23,2024-01-23,,2026-07-29T18:10:27
21543732,2024-01-23,2025-04-29,,2026-07-29T18:10:27
21543871,2024-01-23,2024-07-17,,2026-07-29T18:10:27
21545543,2024-01-23,2025-06-24,,2026-07-29T18:10:27
21547893,2024-01-23,2024-07-12,,2026-07-29T18:10:30
21552116,2024-01-23,2026-02-08,,2026-07-29T18:10:30
21557975,2024-01-23,2024-03-20,,2026-07-29T18:10:30
21565386,2024-01-23,2026-08-22,,2026-08-24T05:04:00
21569957,2024-01-23,2024-08-05,,2026-07-29T18:10:30
21570621,2024-01-23,2026-08-21,,2026-08-23T04:21:38
21571672,2024-01-23,2024-02-03,,2026-07-29T18:10:30
21571677,2024-01-23,2024-01-23,,2026-07-29T18:10:30
21572159,2024-01-23,2024-06-27,,2026-07-29T18:10:30
21574310,2024-01-23,2024-05-06,,2026-07-29T18:10:30
21577929,2024-01-24,2024-09-23,,2026-07-29T18:10:30
21578237,2024-01-24,2026-08-18,,2026-08-20T10:03:15
21580751,2024-01-24,2025-12-07,,2026-07-29T18:10:34
21580848,2024-01-24,2024-08-15,,2026-07-29T18:10:34
21586988,2024-01-24,2024-03-17,,2026-07-29T18:10:34
21597717,2024-01-24,2025-07-29,,2026-07-29T18:10:34
21599058,2024-01-24,2026-06-17,,2026-07-29T18:10:34
21601215,2024-01-24,2024-03-14,,2026-07-29T18:10:34
21613741,2024-01-25,2025-11-15,,2026-07-29T18:10:34
21624158,2024-01-25,2025-04-23,,2026-07-29T18:10:34
21624189,2024-01-25,2024-01-25,,2026-07-29T18:10:34
21624749,2024-01-25,2024-02-29,,2026-07-29T18:10:34
21625350,2024-01-25,2024-12-24,,2026-07-29T18:10:34
21626197,2024-01-25,2024-07-07,,2026-07-29T18:10:34
21629840,2024-01-25,2024-12-05,,2026-07-29T18:10:34
21630857,2024-01-25,2024-02-15,,2026-07-29T18:10:34
21631796,2024-01-25,2024-01-25,,2026-07-29T18:10:34
21633468,2024-01-25,2024-02-22,,2026-07-29T18:10:37
21634290,2024-01-25,2024-11-14,,2026-07-29T18:10:37
21634327,2024-01-25,2024-01-26,,2026-07-29T18:10:37
21640431,2024-01-26,2025-02-08,,2026-07-29T18:10:37
21646028,2024-01-26,2024-01-26,,2026-07-29T18:10:37
21656724,2024-01-27,2024-11-29,,2026-07-29T18:10:37
21657912,2024-01-27,2024-08-04,,2026-07-29T18:10:37
21661043,2024-01-27,2024-10-21,,2026-07-29T18:10:37
21661521,2024-01-27,2024-05-21,,2026-07-29T18:10:37
21665104,2024-01-27,2024-03-02,,2026-07-29T18:10:37
21669350,2024-01-27,2024-12-16,,2026-07-29T18:10:37
21670133,2024-01-27,2024-01-27,,2026-07-29T18:10:37
21671346,2024-01-27,2024-06-27,,2026-07-29T18:10:37
21674769,2024-01-27,2024-01-29,,2026-07-29T18:10:37
21675952,2024-01-28,2024-02-06,,2026-07-29T18:10:37
21677692,2024-01-28,2026-03-18,,2026-07-29T18:10:41
21681622,2024-01-28,2024-04-08,,2026-07-29T18:10:41
21683331,2024-01-28,2026-07-22,,2026-07-29T18:10:41
21685292,2024-01-28,2024-03-30,,2026-07-29T18:10:41
21686776,2024-01-28,2024-09-23,,2026-07-29T18:10:41
21688051,2024-01-28,2026-02-15,,2026-07-29T18:10:41
21688777,2024-01-28,2026-08-18,,2026-08-20T05:06:49
21690929,2024-01-29,2026-08-10,,2026-08-12T04:18:37
21703321,2024-01-29,2024-06-02,,2026-07-29T18:10:41
21705117,2024-01-29,2026-04-26,,2026-07-29T18:10:41
21710245,2024-01-29,2025-03-31,,2026-07-29T18:10:41
21714161,2024-01-29,2024-01-29,,2026-07-29T18:10:41
21715936,2024-01-29,2024-03-21,,2026-07-29T18:10:41
21716435,2024-01-29,2024-10-12,,2026-07-29T18:10:41
21716709,2024-01-29,2024-01-29,,2026-07-29T18:10:44
21717274,2024-01-29,2024-02-15,,2026-07-29T18:10:44
21717741,2024-01-29,2024-03-20,,2026-07-29T18:10:44
21718895,2024-01-30,2026-01-03,,2026-07-29T18:10:44
21719615,2024-01-30,2024-02-16,,2026-07-29T18:10:44
21720696,2024-01-30,2025-08-08,,2026-07-29T18:10:44
21721880,2024-01-30,2026-08-16,,2026-08-18T04:07:21
21723323,2024-01-30,2025-05-21,,2026-07-29T18:10:44
21723575,2024-01-30,2024-06-26,,2026-07-29T18:10:44
21724300,2024-01-30,2026-07-30,,2026-08-01T05:08:02
21737476,2024-01-30,2024-02-07,,2026-07-29T18:10:44
21738443,2024-01-30,2026-08-12,,2026-08-13T22:02:46
21739777,2024-01-30,2024-09-04,,2026-07-29T18:10:44
21741205,2024-01-30,2024-05-24,,2026-07-29T18:10:44
21741666,2024-01-30,2024-04-12,,2026-07-29T18:10:44
21741678,2024-01-30,2024-04-05,,2026-07-29T18:10:47
21742676,2024-01-30,2024-02-07,,2026-07-29T18:10:47
21742872,2024-01-30,2024-03-31,,2026-07-29T18:10:47
21743373,2024-01-30,2024-03-21,,2026-07-29T18:10:47
21743577,2024-01-30,2024-05-13,,2026-07-29T18:10:47
21743751,2024-01-30,2024-03-22,,2026-07-29T18:10:47
21744051,2024-01-30,2024-02-23,,2026-07-29T18:10:47
21744448,2024-01-30,2024-02-19,,2026-07-29T18:10:47
21745455,2024-01-30,2024-04-26,,2026-07-29T18:10:47
21745802,2024-01-31,2025-02-10,,2026-07-29T18:10:47
21746774,2024-01-31,2025-11-12,,2026-07-29T18:10:47
21747052,2024-01-31,2024-07-03,,2026-07-29T18:10:47
21747873,2024-01-31,2025-01-01,,2026-07-29T18:10:47
21751751,2024-01-31,2024-07-07,,2026-07-29T18:10:47
21762889,2024-01-31,2024-03-25,,2026-07-29T18:10:49
21764396,2024-01-31,2026-08-21,,2026-08-23T04:08:29
21765568,2024-01-31,2024-05-17,,2026-07-29T18:10:49
21768262,2024-01-31,2024-03-23,,2026-07-29T18:10:49
21771232,2024-02-01,2024-06-04,,2026-07-29T18:10:49
21771353,2024-02-01,2025-06-18,,2026-07-29T18:10:49
21774324,2024-02-01,2026-03-04,,2026-07-29T18:10:49
21785249,2024-02-01,2024-02-01,,2026-07-29T18:10:49
21788599,2024-02-01,2025-06-20,,2026-07-29T18:10:50
21789663,2024-02-01,2024-02-05,,2026-07-29T18:10:51
21789870,2024-02-01,2024-04-29,,2026-07-29T18:10:51
21790267,2024-02-01,2025-07-29,,2026-07-29T18:10:51
21790671,2024-02-01,2024-03-27,,2026-07-29T18:10:51
21791853,2024-02-01,2024-07-10,,2026-07-29T18:10:51
21792023,2024-02-01,2024-05-19,,2026-07-29T18:10:51
21792095,2024-02-01,2025-01-10,,2026-07-29T18:10:51
21795533,2024-02-01,2024-02-05,,2026-07-29T18:10:53
21795598,2024-02-01,2025-01-30,,2026-07-29T18:10:53
21797526,2024-02-02,2024-02-27,,2026-07-29T18:10:53
21798127,2024-02-02,2024-05-31,,2026-07-29T18:10:53
21798915,2024-02-02,2024-05-12,,2026-07-29T18:10:53
21798919,2024-02-02,2026-07-14,,2026-07-29T18:10:54
21800082,2024-02-02,2025-10-15,,2026-07-29T18:10:54
21802228,2024-02-02,2025-07-15,,2026-07-29T18:10:54
21804662,2024-02-02,2024-02-15,,2026-07-29T18:10:54
21815505,2024-02-02,2024-02-17,,2026-07-29T18:10:55
21816251,2024-02-02,2024-02-03,,2026-07-29T18:10:55
21817268,2024-02-02,2025-03-15,,2026-07-29T18:10:55
21817949,2024-02-02,2024-07-29,,2026-07-29T18:10:56
21819687,2024-02-02,2026-08-05,,2026-08-07T04:16:03
21820597,2024-02-02,2025-03-13,,2026-07-29T18:10:56
21821189,2024-02-02,2024-03-18,,2026-07-29T18:10:56
21821774,2024-02-02,2024-02-06,,2026-07-29T18:10:57
21821860,2024-02-02,2024-08-17,,2026-07-29T18:10:57
21821916,2024-02-02,2024-02-06,,2026-07-29T18:10:57
21822284,2024-02-03,2024-02-04,,2026-07-29T18:10:58
21822501,2024-02-03,2024-02-03,,2026-07-29T18:10:58
21823888,2024-02-03,2024-09-12,,2026-07-29T18:10:59
21824856,2024-02-03,2026-02-11,,2026-07-29T18:10:59
21825383,2024-02-03,2024-04-22,,2026-07-29T18:10:59
21832379,2024-02-03,2024-09-12,,2026-07-29T18:11:00
21833435,2024-02-03,2024-06-23,,2026-07-29T18:11:00
21834650,2024-02-03,2025-02-04,,2026-07-29T18:11:00
21835275,2024-02-03,2025-08-24,,2026-07-29T18:11:00
21835597,2024-02-03,2024-02-05,,2026-07-29T18:11:01
21836061,2024-02-03,2025-02-23,,2026-07-29T18:11:01
21836678,2024-02-03,2026-03-15,,2026-07-29T18:11:01
21837419,2024-02-03,2024-02-22,,2026-07-29T18:11:01
21837511,2024-02-03,2026-07-13,,2026-07-29T18:11:02
21838029,2024-02-03,2024-02-06,,2026-07-29T18:11:02
21839135,2024-02-03,2024-07-21,,2026-07-29T18:11:02
21839321,2024-02-03,2025-06-01,,2026-07-29T18:11:02
21840631,2024-02-04,2024-02-23,,2026-07-29T18:11:02
21840718,2024-02-04,2024-03-20,,2026-07-29T18:11:03
21840772,2024-02-04,2025-07-14,,2026-07-29T18:11:03
21841527,2024-02-04,2024-02-05,,2026-07-29T18:11:03
21842233,2024-02-04,2025-01-27,,2026-07-29T18:11:03
21843104,2024-02-04,2025-01-08,,2026-08-11T14:56:26
21844312,2024-02-04,2024-08-16,,2026-07-29T18:11:04
21844539,2024-02-04,2025-04-13,,2026-07-29T18:11:04
21846101,2024-02-04,2024-02-22,,2026-07-29T18:11:04
21847108,2024-02-04,2026-08-19,,2026-08-21T04:09:26
21848730,2024-02-04,2024-02-07,,2026-07-29T18:11:04
21849499,2024-02-04,2024-03-05,,2026-07-29T18:11:05
21850806,2024-02-04,2024-02-18,,2026-07-29T18:11:05
21851138,2024-02-04,2024-08-21,,2026-07-29T18:11:05
21851436,2024-02-04,2024-02-23,,2026-07-29T18:11:05
21851524,2024-02-04,2024-02-20,,2026-07-29T18:11:06
21851774,2024-02-04,2026-03-15,,2026-07-29T18:11:06
21852421,2024-02-04,2024-03-24,,2026-07-29T18:11:06
21852613,2024-02-04,2025-01-23,,2026-07-29T18:11:06
21853756,2024-02-04,2024-02-05,,2026-07-29T18:11:07
21854440,2024-02-05,2026-08-25,,2026-08-25T05:15:58
21854448,2024-02-05,2024-02-28,,2026-07-29T18:11:07
21855870,2024-02-05,2025-05-13,,2026-07-29T18:11:08
21855993,2024-02-05,2026-02-14,,2026-07-29T18:11:09
21856905,2024-02-05,2026-01-08,,2026-07-29T18:11:11
21857323,2024-02-05,2024-02-07,,2026-07-29T18:11:11
21868463,2024-02-05,2025-10-01,,2026-08-16T10:03:15
21871161,2024-02-05,2024-05-14,,2026-07-29T18:11:12
21873164,2024-02-05,2024-06-19,,2026-07-29T18:11:12
21873253,2024-02-05,2024-12-16,,2026-07-29T18:11:13
21874516,2024-02-05,2026-03-20,,2026-07-29T18:11:14
21874821,2024-02-05,2024-05-01,,2026-07-29T18:11:14
21874889,2024-02-05,2024-11-13,,2026-07-29T18:11:14
21875113,2024-02-05,2026-07-22,,2026-08-12T23:21:43
21876548,2024-02-05,2024-02-06,,2026-07-29T18:11:14
21879088,2024-02-05,2024-02-13,,2026-07-29T18:11:14
21882899,2024-02-06,2025-03-17,,2026-07-29T18:11:14
21883192,2024-02-06,2025-10-17,,2026-07-29T18:11:15
21884183,2024-02-06,2024-09-03,,2026-07-29T18:11:15
21884667,2024-02-06,2025-05-21,,2026-07-29T18:11:16
21894082,2024-02-06,2024-08-07,,2026-07-29T18:11:17
21895596,2024-02-06,2024-04-23,,2026-07-29T18:11:17
21896417,2024-02-06,2024-05-26,,2026-07-29T18:11:17
21897350,2024-02-06,2024-04-03,,2026-07-29T18:11:17
21897421,2024-02-06,2024-02-24,,2026-07-29T18:11:17
21897946,2024-02-06,2024-02-14,,2026-07-29T18:11:17
21898405,2024-02-06,2026-05-13,,2026-07-29T18:11:17
21899286,2024-02-06,2024-03-11,,2026-07-29T18:11:17
21900303,2024-02-06,2024-02-10,,2026-07-29T18:11:19
21902984,2024-02-06,2026-05-24,,2026-07-29T18:11:19
21903939,2024-02-06,2025-01-14,,2026-07-29T18:11:20
21904352,2024-02-06,2024-06-18,,2026-07-29T18:11:20
21904591,2024-02-06,2024-10-04,,2026-07-29T18:11:20
21906426,2024-02-07,2024-02-07,,2026-07-29T18:11:20
21906513,2024-02-07,2024-08-03,,2026-07-29T18:11:20
21906674,2024-02-07,2024-02-07,,2026-07-29T18:11:20
21907088,2024-02-07,2024-02-23,,2026-07-29T18:11:20
21907231,2024-02-07,2024-07-18,,2026-07-29T18:11:20
21908557,2024-02-07,2025-02-27,,2026-07-29T18:11:20
21910001,2024-02-07,2026-01-31,,2026-07-29T18:11:20
21919971,2024-02-07,2024-02-24,,2026-07-29T18:11:20
21921251,2024-02-07,2024-02-07,,2026-07-29T18:11:20
21925308,2024-02-07,2024-04-02,,2026-07-29T18:11:20
21925940,2024-02-07,2024-12-29,,2026-07-29T18:11:21
21926133,2024-02-07,2024-11-21,,2026-07-29T18:11:21
21926966,2024-02-07,2024-04-15,,2026-07-29T18:11:21
21927764,2024-02-07,2024-02-21,,2026-07-29T18:11:22
21927923,2024-02-07,2025-01-06,,2026-07-29T18:11:21
21929427,2024-02-07,2024-02-08,,2026-07-29T18:11:22
21931127,2024-02-08,2025-05-10,,2026-07-29T18:11:22
21931645,2024-02-08,2024-02-25,,2026-07-29T18:11:22
21931934,2024-02-08,2024-12-17,,2026-07-29T18:11:22
21932422,2024-02-08,2024-02-08,,2026-07-29T18:11:22
21933082,2024-02-08,2026-03-12,,2026-07-29T18:11:23
21933179,2024-02-08,2024-08-15,,2026-07-29T18:11:23
21937886,2024-02-08,2026-07-29,,2026-07-31T04:20:32
21944668,2024-02-08,2026-08-17,,2026-08-19T07:08:56
21947532,2024-02-08,2025-01-24,,2026-07-29T18:11:23
21947980,2024-02-08,2024-02-08,,2026-07-29T18:11:24
21950800,2024-02-08,2024-08-09,,2026-07-29T18:11:24
21951786,2024-02-08,2024-06-27,,2026-08-11T14:56:26
21951911,2024-02-08,2026-08-15,,2026-08-17T05:05:21
21952866,2024-02-08,2024-03-29,,2026-07-29T18:11:24
21952902,2024-02-08,2025-02-03,,2026-07-29T18:11:25
21954646,2024-02-09,2026-03-23,,2026-07-29T18:11:25
21955198,2024-02-09,2026-03-26,,2026-07-29T18:11:25
21958321,2024-02-09,2024-07-13,,2026-07-29T18:11:25
21958697,2024-02-09,2024-08-09,,2026-07-29T18:11:26
21967681,2024-02-09,2024-03-04,,2026-07-29T18:11:26
21968668,2024-02-09,2025-05-01,,2026-07-29T18:11:26
21970928,2024-02-09,2024-07-18,,2026-07-29T18:11:26
21973441,2024-02-09,2024-02-15,,2026-07-29T18:11:27
21973499,2024-02-09,2024-11-05,,2026-07-29T18:11:28
21974462,2024-02-09,2024-03-17,,2026-07-29T18:11:27
21975398,2024-02-10,2025-12-28,,2026-07-29T18:11:27
21978796,2024-02-10,2024-03-11,,2026-07-29T18:11:27
21982099,2024-02-10,2026-01-17,,2026-07-29T18:11:28
21984529,2024-02-10,2025-03-03,,2026-07-29T18:11:28
21987794,2024-02-10,2024-03-18,,2026-07-29T18:11:28
21988876,2024-02-10,2025-10-19,,2026-07-29T18:11:28
21992010,2024-02-10,2024-03-31,,2026-07-29T18:11:29
21994441,2024-02-11,2025-07-30,,2026-07-29T18:11:29
21999565,2024-02-11,2024-02-11,,2026-08-13T13:20:29
22000468,2024-02-11,2025-02-12,,2026-07-29T18:11:29
22000515,2024-02-11,2024-03-18,,2026-07-29T18:11:29
22003150,2024-02-11,2026-02-26,,2026-07-29T18:11:30
22004655,2024-02-11,2024-08-15,,2026-07-29T18:11:30
22005742,2024-02-11,2024-07-15,,2026-07-29T18:11:30
22006531,2024-02-12,2024-09-17,,2026-07-29T18:11:31
22007429,2024-02-12,2026-04-15,,2026-07-29T18:11:31
22008280,2024-02-12,2024-09-16,,2026-07-29T18:11:31
22018646,2024-02-12,2024-02-15,,2026-07-29T18:11:31
22021968,2024-02-12,2024-03-01,,2026-07-29T18:11:31
22023137,2024-02-12,2025-10-08,,2026-07-29T18:11:32
22026104,2024-02-12,2024-07-08,,2026-07-29T18:11:32
22026321,2024-02-12,2026-06-12,,2026-07-29T18:11:32
22027344,2024-02-12,2025-07-21,,2026-07-29T18:11:32
22027386,2024-02-12,2024-05-25,,2026-07-29T18:11:32
22028082,2024-02-12,2025-09-05,,2026-07-29T18:11:33
22028463,2024-02-12,2024-02-18,,2026-07-29T18:11:33
22029771,2024-02-12,2024-07-13,,2026-07-29T18:11:33
22029788,2024-02-12,2024-02-14,,2026-07-29T18:11:33
22029896,2024-02-12,2024-03-16,,2026-07-29T18:11:33
22029898,2024-02-12,2024-02-13,,2026-07-29T18:11:34
22030576,2024-02-13,2025-10-16,,2026-07-29T18:11:34
22031113,2024-02-13,2024-06-05,,2026-07-29T18:11:34
22031716,2024-02-13,2026-08-11,,2026-08-13T05:00:54
22032410,2024-02-13,2024-05-29,,2026-07-29T18:11:36
22032477,2024-02-13,2024-03-21,,2026-07-29T18:11:37
22035161,2024-02-13,2024-04-30,,2026-07-29T18:11:37
22035389,2024-02-13,2024-03-01,,2026-07-29T18:11:37
22045279,2024-02-13,2025-09-12,,2026-07-29T18:11:37
22046965,2024-02-13,2024-07-31,,2026-07-29T18:11:37
22048257,2024-02-13,2024-02-19,,2026-07-29T18:11:38
22048724,2024-02-13,2025-02-17,,2026-07-29T18:11:38
22048867,2024-02-13,2026-02-27,,2026-07-29T18:11:38
22051012,2024-02-13,2024-02-21,,2026-07-29T18:11:38
22052331,2024-02-13,2025-10-13,,2026-07-29T18:11:39
22053404,2024-02-13,2024-02-23,,2026-07-29T18:11:39
22053856,2024-02-13,2024-03-06,,2026-07-29T18:11:39
22053991,2024-02-13,2024-02-14,,2026-07-29T18:11:39
22054925,2024-02-14,2024-02-16,,2026-07-29T18:11:39
22055182,2024-02-14,2024-04-15,,2026-07-29T18:11:39
22055289,2024-02-14,2024-02-17,,2026-07-29T18:11:40
22055735,2024-02-14,2024-10-03,,2026-07-29T18:11:40
22055895,2024-02-14,2026-08-04,,2026-08-05T04:14:10
22056300,2024-02-14,2024-03-10,,2026-07-29T18:11:40
22056621,2024-02-14,2024-03-13,,2026-07-29T18:11:42
22056699,2024-02-14,2024-03-30,,2026-07-29T18:11:42
22056945,2024-02-14,2025-01-07,,2026-07-29T18:11:42
22057287,2024-02-14,2024-02-14,,2026-07-29T18:11:42
22057994,2024-02-14,2025-09-23,,2026-07-29T18:11:43
22059849,2024-02-14,2024-02-14,,2026-07-29T18:11:44
22060093,2024-02-14,2025-01-13,,2026-07-29T18:11:43
22060334,2024-02-14,2024-06-04,,2026-07-29T18:11:43
22062498,2024-02-14,2024-06-12,,2026-07-29T18:11:43
22066682,2024-02-14,2025-06-20,,2026-07-29T18:11:44
22066683,2024-02-14,2026-04-29,,2026-07-29T18:11:45
22067529,2024-02-14,2024-12-16,,2026-07-29T18:11:44
22067531,2024-02-14,2026-08-18,,2026-08-20T07:10:42
22069291,2024-02-14,2024-05-01,,2026-07-29T18:11:45
22070187,2024-02-14,2024-03-16,,2026-07-29T18:11:46
22070361,2024-02-14,2024-02-14,,2026-07-29T18:11:46
22070631,2024-02-14,2026-03-27,,2026-07-29T18:11:45
22071000,2024-02-14,2024-04-17,,2026-07-29T18:11:46
22071640,2024-02-14,2025-10-29,,2026-07-29T18:11:46
22071981,2024-02-14,2024-04-15,,2026-07-29T18:11:47
22072819,2024-02-14,2026-08-04,,2026-08-05T07:17:54
22072847,2024-02-14,2024-02-15,,2026-07-29T18:11:47
22073232,2024-02-14,2024-02-16,,2026-07-29T18:11:47
22073478,2024-02-14,2024-04-02,,2026-07-29T18:11:47
22073841,2024-02-14,2025-12-02,,2026-07-29T18:11:47
22074461,2024-02-14,2025-10-27,,2026-07-29T18:11:48
22074488,2024-02-14,2024-03-29,,2026-07-29T18:11:48
22074499,2024-02-14,2024-07-12,,2026-07-29T18:11:48
22074699,2024-02-14,2024-05-01,,2026-07-29T18:11:48
22074837,2024-02-14,2025-06-06,,2026-07-29T18:11:48
22075047,2024-02-14,2024-05-30,,2026-07-29T18:11:49
22075225,2024-02-14,2025-03-29,,2026-07-29T18:11:49
22075790,2024-02-14,2024-03-26,,2026-07-29T18:11:49
22075819,2024-02-14,2024-05-04,,2026-07-29T18:11:49
22076094,2024-02-14,2024-02-15,,2026-07-29T18:11:49
22076244,2024-02-14,2024-02-16,,2026-07-29T18:11:50
22076247,2024-02-14,2024-02-14,,2026-07-29T18:11:50
22076348,2024-02-14,2025-07-28,,2026-07-29T18:11:50
22076389,2024-02-14,2024-03-07,,2026-07-29T18:11:51
22076411,2024-02-14,2025-03-18,,2026-07-29T18:11:51
22076571,2024-02-14,2025-07-20,,2026-07-29T18:11:51
22076737,2024-02-14,2024-04-08,,2026-07-29T18:11:51
22076759,2024-02-14,2026-07-25,,2026-07-29T18:11:52
22076827,2024-02-14,2026-02-19,,2026-07-29T18:11:52
22077231,2024-02-14,2025-05-26,,2026-07-29T18:11:52
22077472,2024-02-14,2024-03-05,,2026-07-29T18:11:52
22077515,2024-02-14,2025-02-08,,2026-07-29T18:11:54
22077749,2024-02-14,2024-02-19,,2026-07-29T18:11:54
22077837,2024-02-14,2024-09-02,,2026-07-29T18:11:54
22078004,2024-02-14,2024-02-18,,2026-07-29T18:11:54
22078111,2024-02-14,2025-05-04,,2026-07-29T18:11:54
22078182,2024-02-15,2024-05-11,,2026-07-29T18:11:54
22078410,2024-02-15,2024-03-13,,2026-07-29T18:11:54
22078564,2024-02-15,2025-05-15,,2026-07-29T18:11:54
22078823,2024-02-15,2024-03-12,,2026-07-29T18:11:54
22079115,2024-02-15,2026-07-22,,2026-07-29T18:11:55
22079158,2024-02-15,2026-02-15,,2026-07-29T18:11:55
22079425,2024-02-15,2026-08-25,,2026-08-25T05:47:15
22079502,2024-02-15,2024-02-16,,2026-07-29T18:11:56
22079564,2024-02-15,2025-01-04,,2026-07-29T18:11:56
22079775,2024-02-15,2026-02-16,,2026-07-29T18:11:57
22079822,2024-02-15,2024-08-19,,2026-07-29T18:11:57
22080037,2024-02-15,2024-02-15,,2026-07-29T18:11:57
22080233,2024-02-15,2025-07-14,,2026-07-29T18:11:57
22080357,2024-02-15,2024-02-15,,2026-07-29T18:11:58
22080570,2024-02-15,2024-09-23,,2026-07-29T18:11:59
22080626,2024-02-15,2026-01-22,,2026-07-29T18:12:00
22080706,2024-02-15,2024-03-18,,2026-07-29T18:12:01
22080848,2024-02-15,2024-09-27,,2026-07-29T18:12:01
22080871,2024-02-15,2025-01-17,,2026-07-29T18:12:01
22080921,2024-02-15,2026-01-05,,2026-07-29T18:12:01
22081185,2024-02-15,2024-02-19,,2026-07-29T18:12:02
22081417,2024-02-15,2025-03-08,,2026-07-29T18:12:02
22081667,2024-02-15,2024-02-15,,2026-07-29T18:12:02
22083047,2024-02-15,2024-03-05,,2026-07-29T18:12:02
22088172,2024-02-15,2026-05-21,,2026-07-29T18:12:03
22089291,2024-02-15,2024-03-04,,2026-07-29T18:12:03
22090824,2024-02-15,2025-03-05,,2026-07-29T18:12:03
22091273,2024-02-15,2026-02-04,,2026-07-29T18:12:03
22091303,2024-02-15,2024-02-16,,2026-07-29T18:12:04
22092447,2024-02-15,2026-06-22,,2026-07-29T18:12:04
22093248,2024-02-15,2026-02-19,,2026-07-29T18:12:04
22094442,2024-02-15,2025-05-22,,2026-07-29T18:12:04
22095874,2024-02-15,2024-02-19,,2026-07-29T18:12:05
22096699,2024-02-15,2024-02-15,,2026-07-29T18:12:05
22096971,2024-02-15,2024-03-14,,2026-07-29T18:12:05
22097146,2024-02-15,2024-02-16,,2026-07-29T18:12:05
22097196,2024-02-15,2024-02-20,,2026-07-29T18:12:06
22097588,2024-02-15,2024-03-27,,2026-07-29T18:12:07
22098235,2024-02-15,2024-08-05,,2026-07-29T18:12:08
22098785,2024-02-15,2025-07-02,,2026-07-29T18:12:08
22099305,2024-02-15,2024-03-15,,2026-07-29T18:12:08
22099740,2024-02-15,2024-04-17,,2026-07-29T18:12:11
22099784,2024-02-15,2024-03-20,,2026-07-29T18:12:13
22100098,2024-02-15,2024-03-01,,2026-07-29T18:12:13
22100107,2024-02-15,2024-07-20,,2026-07-29T18:12:14
22100193,2024-02-15,2025-02-12,,2026-07-29T18:12:15
22100290,2024-02-15,2025-04-08,,2026-07-29T18:12:14
22100912,2024-02-15,2024-11-16,,2026-07-29T18:12:15
22101021,2024-02-15,2024-02-24,,2026-07-29T18:12:15
22101099,2024-02-15,2025-09-30,,2026-07-29T18:12:15
22101171,2024-02-15,2025-09-07,,2026-07-29T18:12:16
22101364,2024-02-15,2024-12-29,,2026-07-29T18:12:17
22101521,2024-02-15,2024-02-20,,2026-07-29T18:12:17
22101793,2024-02-15,2025-12-03,,2026-07-29T18:12:17
22102194,2024-02-16,2026-04-21,,2026-07-29T18:12:17
22102274,2024-02-16,2024-06-18,,2026-07-29T18:12:17
22102804,2024-02-16,2024-02-17,,2026-07-29T18:12:17
22103116,2024-02-16,2024-06-20,,2026-07-29T18:12:17
22103250,2024-02-16,2024-07-17,,2026-07-29T18:12:18
22103330,2024-02-16,2024-06-29,,2026-07-29T18:12:20
22103421,2024-02-16,2026-03-22,,2026-07-29T18:12:29
22103588,2024-02-16,2025-05-02,,2026-07-29T18:12:29
22103885,2024-02-16,2026-06-07,,2026-07-29T18:12:29
22104134,2024-02-16,2024-03-08,,2026-07-29T18:12:29
22104188,2024-02-16,2026-02-18,,2026-07-29T18:12:30
22104527,2024-02-16,2024-03-04,,2026-07-29T18:12:30
22104553,2024-02-16,2024-09-26,,2026-07-29T18:12:30
22104840,2024-02-16,2024-03-27,,2026-07-29T18:12:30
22108854,2024-02-16,2024-03-21,,2026-07-29T18:12:30
22109821,2024-02-16,2024-09-18,,2026-07-29T18:12:30
22109904,2024-02-16,2024-03-16,,2026-07-29T18:12:31
22109941,2024-02-16,2025-03-05,,2026-07-29T18:12:31
22110178,2024-02-16,2024-10-20,,2026-07-29T18:12:31
22114271,2024-02-16,2026-08-17,,2026-08-19T04:07:35
22117045,2024-02-16,2024-12-28,,2026-07-29T18:12:32
22117170,2024-02-16,2026-04-20,,2026-07-29T18:12:32
22117571,2024-02-16,2025-09-24,,2026-08-21T10:01:57
22118341,2024-02-16,2024-06-01,,2026-07-29T18:12:32
22120356,2024-02-16,2026-08-08,,2026-08-10T04:09:44
22120532,2024-02-16,2025-01-23,,2026-07-29T18:12:33
22120590,2024-02-16,2024-02-16,,2026-07-29T18:12:33
22121131,2024-02-16,2024-05-20,,2026-07-29T18:12:34
22121816,2024-02-16,2024-08-18,,2026-07-29T18:12:34
22122056,2024-02-16,2024-02-16,,2026-07-29T18:12:34
22122427,2024-02-16,2024-02-17,,2026-07-29T18:12:34
22122612,2024-02-16,2024-05-01,,2026-07-29T18:12:35
22123111,2024-02-16,2025-07-02,,2026-07-29T18:12:35
22123345,2024-02-16,2024-03-24,,2026-07-29T18:12:35
22123536,2024-02-16,2024-10-02,,2026-07-29T18:12:35
22123842,2024-02-16,2026-02-03,,2026-07-29T18:12:35
22124168,2024-02-16,2026-06-27,,2026-07-29T18:12:36
22124988,2024-02-17,2026-05-26,,2026-07-29T18:12:36
22126247,2024-02-17,2024-07-13,,2026-07-29T18:12:36
22126361,2024-02-17,2026-06-23,,2026-07-29T18:12:36
22126698,2024-02-17,2024-03-12,,2026-07-29T18:12:36
22126819,2024-02-17,2026-03-16,,2026-07-29T18:12:37
22130700,2024-02-17,2024-03-15,,2026-07-29T18:12:37
22130724,2024-02-17,2026-02-11,,2026-07-29T18:12:38
22130907,2024-02-17,2025-03-03,,2026-07-29T18:12:37
22130920,2024-02-17,2024-03-04,,2026-07-29T18:12:38
22131125,2024-02-17,2024-05-27,,2026-07-29T18:12:39
22134570,2024-02-17,2024-03-05,,2026-07-29T18:12:38
22135609,2024-02-17,2024-02-19,,2026-07-29T18:12:39
22135902,2024-02-17,2026-03-07,,2026-07-29T18:12:41
22136908,2024-02-17,2025-04-14,,2026-07-29T18:12:39
22136911,2024-02-17,2024-05-06,,2026-07-29T18:12:40
22137135,2024-02-17,2025-02-11,,2026-07-29T18:12:40
22137706,2024-02-17,2024-06-03,,2026-07-29T18:12:40
22137765,2024-02-17,2024-02-22,,2026-07-29T18:12:42
22137909,2024-02-17,2025-03-10,,2026-07-29T18:12:55
22138019,2024-02-17,2026-08-03,,2026-08-05T04:18:51
22138272,2024-02-17,2024-02-29,,2026-07-29T18:12:55
22138723,2024-02-17,2024-04-25,,2026-07-29T18:12:55
22138940,2024-02-17,2026-06-17,,2026-07-29T18:12:55
22138949,2024-02-17,2026-07-07,,2026-07-29T18:12:56
22138958,2024-02-17,2026-06-03,,2026-07-29T18:12:56
22139282,2024-02-17,2025-02-24,,2026-07-29T18:12:56
22139347,2024-02-17,2024-03-31,,2026-07-29T18:12:56
22139655,2024-02-17,2025-08-25,,2026-07-29T18:12:56
22139863,2024-02-17,2024-02-19,,2026-07-29T18:12:56
22140081,2024-02-17,2024-06-10,,2026-07-29T18:12:57
22140265,2024-02-17,2025-03-10,,2026-07-29T18:12:57
22140465,2024-02-17,2024-07-02,,2026-07-29T18:12:57
22141192,2024-02-17,2025-04-13,,2026-07-29T18:12:57
22141276,2024-02-17,2025-07-14,,2026-07-29T18:12:57
22141394,2024-02-17,2026-02-20,,2026-07-29T18:12:58
22141551,2024-02-17,2024-08-22,,2026-07-29T18:12:58
22141762,2024-02-17,2025-11-20,,2026-07-29T18:12:59
22142101,2024-02-17,2024-02-17,,2026-07-29T18:12:59
22142252,2024-02-18,2026-01-28,,2026-07-29T18:12:59
22142344,2024-02-18,2024-06-17,,2026-07-29T18:12:59
22142887,2024-02-18,2024-09-14,,2026-07-29T18:12:59
22143881,2024-02-18,2024-08-28,,2026-07-29T18:12:59
22144357,2024-02-18,2024-02-19,,2026-07-29T18:12:59
22144614,2024-02-18,2025-01-10,,2026-07-29T18:13:00
22144631,2024-02-18,2026-08-01,,2026-08-02T05:12:21
22145183,2024-02-18,2024-04-03,,2026-07-29T18:13:00
22145564,2024-02-18,2024-02-18,,2026-07-29T18:13:00
22146182,2024-02-18,2026-03-16,,2026-07-29T18:13:00
22148317,2024-02-18,2025-02-13,,2026-07-29T18:13:00
22149615,2024-02-18,2024-03-17,,2026-07-29T18:13:01
22149616,2024-02-18,2024-10-10,,2026-07-29T18:13:01
22149632,2024-02-18,2024-03-01,,2026-07-29T18:13:01
22150358,2024-02-18,2024-03-24,,2026-07-29T18:13:01
22150404,2024-02-18,2024-03-12,,2026-07-29T18:13:01
22150828,2024-02-18,2026-01-29,,2026-07-29T18:13:02
22150999,2024-02-18,2024-06-09,,2026-07-29T18:13:02
22151848,2024-02-18,2024-06-20,,2026-07-29T18:13:02
22151893,2024-02-18,2024-04-06,,2026-07-29T18:13:02
22153326,2024-02-18,2024-04-29,,2026-07-29T18:13:03
22153968,2024-02-18,2024-06-23,,2026-07-29T18:13:03
22154150,2024-02-18,2024-03-03,,2026-07-29T18:13:03
22154244,2024-02-18,2026-03-02,,2026-07-29T18:13:04
22154473,2024-02-18,2026-06-30,,2026-07-29T18:13:04
22154572,2024-02-18,2025-05-29,,2026-07-29T18:13:04
22154625,2024-02-18,2024-03-22,,2026-07-29T18:13:04
22154633,2024-02-18,2024-02-18,,2026-07-29T18:13:04
22154715,2024-02-18,2026-05-01,,2026-07-29T18:13:04
22154841,2024-02-18,2024-04-07,,2026-07-29T18:13:05
22154862,2024-02-18,2024-02-19,,2026-07-29T18:13:05
22155002,2024-02-18,2024-12-11,,2026-08-23T22:50:08
22155470,2024-02-18,2024-08-13,,2026-07-29T18:13:05
22155551,2024-02-18,2024-02-19,,2026-07-29T18:13:05
22156009,2024-02-18,2024-12-30,,2026-07-29T18:13:05
22156334,2024-02-18,2024-02-19,,2026-07-29T18:13:06
22156541,2024-02-18,2024-07-07,,2026-07-29T18:13:06
22157228,2024-02-19,2024-07-18,,2026-07-29T18:13:06
22157267,2024-02-19,2024-06-22,,2026-07-29T18:13:06
22157331,2024-02-19,2025-02-18,,2026-07-29T18:13:06
22157791,2024-02-19,2025-02-18,,2026-07-29T18:13:07
22158488,2024-02-19,2024-03-29,,2026-07-29T18:13:07
22158519,2024-02-19,2024-08-12,,2026-07-29T18:13:07
22158583,2024-02-19,2025-02-28,,2026-07-29T18:13:07
22158635,2024-02-19,2024-08-05,,2026-07-29T18:13:07
22158856,2024-02-19,2024-05-22,,2026-07-29T18:13:08
22158950,2024-02-19,2024-03-01,,2026-07-29T18:13:08
22160171,2024-02-19,2024-03-05,,2026-07-29T18:13:08
22160187,2024-02-19,2024-02-22,,2026-07-29T18:13:08
22160288,2024-02-19,2024-09-24,,2026-07-29T18:13:09
22163196,2024-02-19,2024-12-17,,2026-07-29T18:13:09
22163961,2024-02-19,2024-05-16,,2026-07-29T18:13:09
22164613,2024-02-19,2024-08-16,,2026-07-29T18:13:09
22165497,2024-02-19,2024-02-20,,2026-07-29T18:13:09
22166162,2024-02-19,2025-06-11,,2026-07-29T18:13:09
22169229,2024-02-19,2024-02-19,,2026-07-29T18:13:09
22171839,2024-02-19,2024-09-09,,2026-07-29T18:13:10
22172690,2024-02-19,2024-02-19,,2026-07-29T18:13:10
22172760,2024-02-19,2024-06-10,,2026-07-29T18:13:10
22173636,2024-02-19,2024-07-02,,2026-07-29T18:13:11
22173699,2024-02-19,2024-03-12,,2026-07-29T18:13:11
22175432,2024-02-19,2024-09-07,,2026-07-29T18:13:11
22176537,2024-02-19,2024-09-30,,2026-07-29T18:13:11
22176833,2024-02-19,2026-05-16,,2026-07-29T18:13:11
22177477,2024-02-19,2024-10-18,,2026-07-29T18:13:11
22177569,2024-02-19,2025-08-03,,2026-07-29T18:13:12
22177608,2024-02-19,2026-08-14,,2026-08-16T04:13:55
22177692,2024-02-19,2024-02-22,,2026-07-29T18:13:12
22177863,2024-02-19,2024-09-19,,2026-07-29T18:13:12
22178173,2024-02-19,2025-03-02,,2026-07-29T18:13:12
22178261,2024-02-19,2024-02-19,,2026-07-29T18:13:12
22178386,2024-02-19,2024-05-14,,2026-07-29T18:13:13
22178486,2024-02-19,2024-02-20,,2026-07-29T18:13:13
22178533,2024-02-19,2024-08-20,,2026-07-29T18:13:14
22179285,2024-02-19,2024-02-21,,2026-07-29T18:13:14
22180151,2024-02-19,2024-07-08,,2026-07-29T18:13:14
22180372,2024-02-19,2025-01-07,,2026-07-29T18:13:14
22180536,2024-02-19,2025-04-23,,2026-07-29T18:13:15
22180563,2024-02-19,2024-05-24,,2026-07-29T18:13:15
22181009,2024-02-19,2024-04-30,,2026-07-29T18:13:15
22181139,2024-02-19,2026-05-25,,2026-07-29T18:13:15
22181174,2024-02-19,2025-03-01,,2026-07-29T18:13:16
22181914,2024-02-19,2026-04-23,,2026-07-29T18:13:16
22182208,2024-02-20,2024-03-29,,2026-07-29T18:13:16
22182303,2024-02-20,2024-08-03,,2026-07-29T18:13:16
22182344,2024-02-20,2024-09-11,,2026-07-29T18:13:16
22182350,2024-02-20,2024-02-21,,2026-07-29T18:13:17
22182874,2024-02-20,2025-06-27,,2026-07-29T18:13:17
22183385,2024-02-20,2025-01-09,,2026-07-29T18:13:17
22183528,2024-02-20,2024-12-30,,2026-07-29T18:13:17
22183837,2024-02-20,2025-05-11,,2026-07-29T18:13:17
22184213,2024-02-20,2026-05-08,,2026-07-29T18:13:17
22184239,2024-02-20,2024-07-23,,2026-07-29T18:13:18
22184491,2024-02-20,2025-01-31,,2026-07-29T18:13:18
22185447,2024-02-20,2024-02-20,,2026-07-29T18:13:18
22185629,2024-02-20,2026-06-22,,2026-07-29T18:13:18
22186534,2024-02-20,2025-04-22,,2026-07-29T18:13:19
22186800,2024-02-20,2024-07-21,,2026-07-29T18:13:19
22186911,2024-02-20,2024-05-29,,2026-07-29T18:13:20
22190291,2024-02-20,2024-08-17,,2026-07-29T18:13:20
22190783,2024-02-20,2024-04-10,,2026-07-29T18:13:20
22190974,2024-02-20,2024-08-18,,2026-07-29T18:13:40
22195121,2024-02-20,2026-07-30,,2026-08-01T04:18:24
22195804,2024-02-20,2024-02-20,,2026-07-29T18:13:41
22196578,2024-02-20,2024-02-27,,2026-07-29T18:13:41
22197708,2024-02-20,2026-01-26,,2026-07-29T18:13:41
22198612,2024-02-20,2024-04-08,,2026-07-29T18:13:41
22199844,2024-02-20,2024-02-20,,2026-07-29T18:13:41
22199847,2024-02-20,2024-02-29,,2026-07-29T18:13:42
22199868,2024-02-20,2024-12-18,,2026-07-29T18:13:42
22200045,2024-02-20,2025-02-03,,2026-07-29T18:13:42
22200943,2024-02-20,2024-03-11,,2026-07-29T18:13:42
22202045,2024-02-20,2024-06-20,,2026-07-29T18:13:43
22202667,2024-02-20,2024-12-19,,2026-07-29T18:13:43
22203091,2024-02-20,2024-11-09,,2026-07-29T18:13:43
22203153,2024-02-20,2024-10-02,,2026-07-29T18:13:43
22203904,2024-02-20,2024-06-14,,2026-07-29T18:13:43
22204499,2024-02-20,2024-07-22,,2026-07-29T18:13:43
22204617,2024-02-20,2025-02-20,,2026-07-29T18:13:43
22204815,2024-02-20,2025-01-08,,2026-07-29T18:13:43
22205941,2024-02-20,2024-04-01,,2026-07-29T18:13:44
22206275,2024-02-20,2026-04-17,,2026-07-29T18:13:44
22206372,2024-02-20,2024-02-25,,2026-07-29T18:13:46
22206512,2024-02-20,2024-04-23,,2026-07-29T18:13:45
22206734,2024-02-20,2025-02-28,,2026-07-29T18:13:45
22206984,2024-02-20,2024-08-23,,2026-07-29T18:13:45
22207445,2024-02-20,2026-01-17,,2026-07-29T18:13:46
22207509,2024-02-20,2026-08-24,,2026-08-24T20:34:21
22207716,2024-02-20,2025-02-05,,2026-07-29T18:13:46
22208182,2024-02-20,2024-04-12,,2026-07-29T18:13:46
22208829,2024-02-21,2024-04-23,,2026-07-29T18:13:46
22209352,2024-02-21,2024-03-23,,2026-07-29T18:13:46
22209684,2024-02-21,2024-03-23,,2026-07-29T18:13:47
22209914,2024-02-21,2024-02-23,,2026-07-29T18:13:47
22209949,2024-02-21,2024-10-30,,2026-07-29T18:13:46
22210211,2024-02-21,2024-11-04,,2026-07-29T18:13:47
22210473,2024-02-21,2024-02-21,,2026-07-29T18:13:47
22210624,2024-02-21,2024-03-11,,2026-07-29T18:13:47
22210739,2024-02-21,2026-01-29,,2026-07-29T18:13:47
22211107,2024-02-21,2025-07-15,,2026-07-29T18:13:48
22211156,2024-02-21,2024-11-26,,2026-07-29T18:13:48
22211543,2024-02-21,2024-05-19,,2026-07-29T18:13:48
22212401,2024-02-21,2024-08-25,,2026-07-29T18:13:48
22212766,2024-02-21,2024-02-21,,2026-07-29T18:13:48
22214855,2024-02-21,2024-08-24,,2026-07-29T18:13:50
22217492,2024-02-21,2024-04-01,,2026-07-29T18:13:50
22220547,2024-02-21,2024-02-21,,2026-07-29T18:13:50
22223995,2024-02-21,2024-08-30,,2026-07-29T18:13:50
22224012,2024-02-21,2026-04-20,,2026-07-29T18:13:50
22227170,2024-02-21,2024-03-14,,2026-07-29T18:13:50
22227288,2024-02-21,2024-03-13,,2026-07-29T18:13:51
22227485,2024-02-21,2024-09-02,,2026-07-29T18:13:51
22227822,2024-02-21,2025-09-19,,2026-07-29T18:13:51
22228524,2024-02-21,2026-08-22,,2026-08-24T04:12:22
22231072,2024-02-21,2024-06-02,,2026-07-29T18:13:52
22231343,2024-02-21,2025-03-17,,2026-07-29T18:13:52
22231608,2024-02-21,2025-03-14,,2026-07-29T18:13:52
22232321,2024-02-21,2024-02-21,,2026-07-29T18:13:52
22233195,2024-02-21,2025-11-27,,2026-07-29T18:13:52
22233759,2024-02-21,2025-04-01,,2026-07-29T18:13:53
22233811,2024-02-21,2024-03-23,,2026-07-29T18:13:54
22234510,2024-02-22,2026-06-18,,2026-07-29T18:13:54
22235769,2024-02-22,2024-03-10,,2026-07-29T18:13:54
22236476,2024-02-22,2026-04-28,,2026-07-29T18:13:55
22237850,2024-02-22,2026-08-23,,2026-08-25T04:07:07
22245643,2024-02-22,2024-09-14,,2026-07-29T18:13:55
22245731,2024-02-22,2025-05-23,,2026-07-29T18:13:55
22246139,2024-02-22,2024-03-05,,2026-07-29T18:13:56
22246860,2024-02-22,2025-07-23,,2026-07-29T18:13:56
22249160,2024-02-22,2024-10-30,,2026-07-29T18:13:56
22250773,2024-02-22,2024-03-22,,2026-07-29T18:13:56
22251211,2024-02-22,2025-08-09,,2026-07-29T18:13:56
22254204,2024-02-22,2025-02-23,,2026-07-29T18:13:56
22255168,2024-02-22,2025-04-05,,2026-07-29T18:13:57
22255482,2024-02-22,2024-11-28,,2026-07-29T18:13:57
22255759,2024-02-22,2024-02-22,,2026-07-29T18:13:58
22255773,2024-02-22,2024-03-31,,2026-07-29T18:13:57
22256300,2024-02-22,2024-02-28,,2026-07-29T18:13:57
22256346,2024-02-22,2024-02-23,,2026-07-29T18:13:58
22256798,2024-02-22,2024-03-24,,2026-07-29T18:13:58
22256806,2024-02-22,2026-08-04,,2026-08-07T23:22:15
22257978,2024-02-22,2025-01-19,,2026-07-29T18:13:58
22258929,2024-02-22,2024-07-26,,2026-07-29T18:13:59
22259298,2024-02-22,2024-04-29,,2026-07-29T18:13:59
22260307,2024-02-23,2026-04-08,,2026-07-29T18:13:59
22260409,2024-02-23,2024-02-23,,2026-07-29T18:13:59
22260869,2024-02-23,2024-04-10,,2026-07-29T18:13:59
22261065,2024-02-23,2024-02-23,,2026-07-29T18:13:59
22262538,2024-02-23,2026-02-28,,2026-07-29T18:14:00
22263656,2024-02-23,2024-04-27,,2026-07-29T18:14:01
22267621,2024-02-23,2024-04-06,,2026-07-29T18:14:00
22271529,2024-02-23,2024-02-23,,2026-07-29T18:14:00
22272265,2024-02-23,2024-03-16,,2026-07-29T18:14:00
22272455,2024-02-23,2024-05-07,,2026-07-29T18:14:00
22274492,2024-02-23,2026-08-22,,2026-08-24T04:11:44
22274800,2024-02-23,2026-08-06,,2026-08-08T04:13:00
22276173,2024-02-23,2026-08-04,,2026-08-06T04:13:05
22276659,2024-02-23,2025-09-20,,2026-07-29T18:14:02
22277771,2024-02-23,2024-03-12,,2026-07-29T18:14:03
22279391,2024-02-23,2024-11-05,,2026-07-29T18:14:03
22280682,2024-02-23,2024-04-18,,2026-07-29T18:14:03
22280816,2024-02-23,2024-04-15,,2026-07-29T18:14:03
22281124,2024-02-23,2024-06-05,,2026-07-29T18:14:03
22281352,2024-02-23,2025-09-24,,2026-07-29T18:14:03
22281783,2024-02-23,2026-03-05,,2026-07-29T18:14:04
22282680,2024-02-23,2024-03-06,,2026-07-29T18:14:04
22283101,2024-02-23,2024-06-16,,2026-07-29T18:14:04
22283529,2024-02-23,2024-09-01,,2026-07-29T18:14:04
22283696,2024-02-23,2024-05-31,,2026-07-29T18:14:04
22284777,2024-02-24,2024-03-22,,2026-07-29T18:14:05
22284871,2024-02-24,2024-02-24,,2026-07-29T18:14:05
22284911,2024-02-24,2024-03-15,,2026-07-29T18:14:05
22286412,2024-02-24,2024-02-24,,2026-07-29T18:14:05
22286439,2024-02-24,2024-02-25,,2026-07-29T18:14:05
22289548,2024-02-24,2026-05-12,,2026-07-29T18:14:06
22297281,2024-02-24,2024-04-12,,2026-07-29T18:14:06
22298656,2024-02-24,2024-08-05,,2026-07-29T18:14:06
22300139,2024-02-24,2024-04-03,,2026-07-29T18:14:06
22300809,2024-02-24,2025-10-05,,2026-07-29T18:14:06
22302504,2024-02-24,2024-03-01,,2026-07-29T18:14:07
22302649,2024-02-24,2025-01-06,,2026-07-29T18:14:07
22303772,2024-02-24,2025-12-18,,2026-07-29T18:14:07
22303906,2024-02-24,2024-06-16,,2026-07-29T18:14:08
22304537,2024-02-24,2024-10-29,,2026-07-29T18:14:08
22305385,2024-02-25,2024-04-29,,2026-07-29T18:14:08
22306291,2024-02-25,2024-03-24,,2026-07-29T18:14:08
22306535,2024-02-25,2024-02-26,,2026-07-29T18:14:09
22306909,2024-02-25,2024-03-30,,2026-07-29T18:14:09
22308878,2024-02-25,2025-10-26,,2026-07-29T18:14:09
22309080,2024-02-25,2026-08-10,,2026-08-12T04:16:06
22309624,2024-02-25,2025-07-19,,2026-07-29T18:14:10
22309970,2024-02-25,2024-09-14,,2026-07-29T18:14:10
22311178,2024-02-25,2024-02-28,,2026-07-29T18:14:10
22312702,2024-02-25,2024-12-27,,2026-07-29T18:14:10
22313356,2024-02-25,2025-04-03,,2026-07-29T18:14:11
22313635,2024-02-25,2024-08-07,,2026-07-29T18:14:11
22314930,2024-02-25,2024-03-03,,2026-07-29T18:14:11
22316390,2024-02-25,2025-05-29,,2026-07-29T18:14:11
22319016,2024-02-25,2024-09-17,,2026-07-29T18:14:11
22319033,2024-02-25,2025-01-09,,2026-07-29T18:14:11
22319531,2024-02-25,2024-04-17,,2026-07-29T18:14:12
22324381,2024-02-25,2024-02-25,,2026-07-29T18:14:12
22325518,2024-02-25,2025-10-19,,2026-07-29T18:14:12
22327917,2024-02-25,2024-12-11,,2026-07-29T18:14:12
22327993,2024-02-25,2024-02-28,,2026-07-29T18:14:13
22329151,2024-02-25,2024-04-27,,2026-07-29T18:14:13
22329607,2024-02-25,2025-04-27,,2026-07-29T18:14:13
22329636,2024-02-25,2024-08-24,,2026-07-29T18:14:14
22329637,2024-02-25,2024-07-07,,2026-07-29T18:14:14
22329776,2024-02-25,2024-02-25,,2026-07-29T18:14:14
22329977,2024-02-25,2024-04-16,,2026-07-29T18:14:15
22331512,2024-02-25,2025-02-19,,2026-07-29T18:14:16
22334697,2024-02-26,2026-02-22,,2026-07-29T18:14:16
22335799,2024-02-26,2024-03-26,,2026-07-29T18:14:16
22338758,2024-02-26,2024-05-19,,2026-07-29T18:14:16
22338809,2024-02-26,2025-04-25,,2026-07-29T18:14:16
22340069,2024-02-26,2024-02-27,,2026-07-29T18:14:16
22340132,2024-02-26,2024-03-27,,2026-07-29T18:14:16
22340287,2024-02-26,2025-01-04,,2026-07-29T18:14:17
22341528,2024-02-26,2025-01-30,,2026-07-29T18:14:17
22346436,2024-02-26,2024-07-15,,2026-07-29T18:14:16
22347661,2024-02-26,2024-06-08,,2026-07-29T18:14:17
22354582,2024-02-26,2024-02-26,,2026-07-29T18:14:17
22356149,2024-02-26,2025-04-28,,2026-08-20T08:00:54
22359809,2024-02-26,2024-03-17,,2026-07-29T18:14:17
22359957,2024-02-26,2024-06-17,,2026-07-29T18:14:18
22360290,2024-02-26,2025-12-04,,2026-07-29T18:14:18
22362334,2024-02-26,2024-03-08,,2026-07-29T18:14:18
22362569,2024-02-26,2024-02-26,,2026-07-29T18:14:18
22364525,2024-02-26,2024-05-27,,2026-07-29T18:14:18
22365492,2024-02-26,2026-08-16,,2026-08-18T07:05:34
22366364,2024-02-26,2024-07-20,,2026-07-29T18:14:19
22368915,2024-02-26,2024-09-12,,2026-07-29T18:14:19
22370456,2024-02-26,2024-09-08,,2026-07-29T18:14:19
22371514,2024-02-26,2024-12-12,,2026-07-29T18:14:19
22374397,2024-02-26,2024-11-23,,2026-07-29T18:14:20
22375102,2024-02-26,2025-04-10,,2026-07-29T18:14:20
22375823,2024-02-27,2025-02-20,,2026-07-29T18:14:20
22375832,2024-02-27,2026-08-18,,2026-08-20T04:19:59
22376728,2024-02-27,2024-06-29,,2026-07-29T18:14:21
22376848,2024-02-27,2024-02-27,,2026-07-29T18:14:21
22380185,2024-02-27,2026-01-05,,2026-07-29T18:14:22
22382707,2024-02-27,2024-05-07,,2026-07-29T18:14:21
22384366,2024-02-27,2024-09-22,,2026-07-29T18:14:22
22387344,2024-02-27,2024-03-09,,2026-07-29T18:14:22
22400208,2024-02-27,2026-06-02,,2026-07-29T18:14:23
22406893,2024-02-27,2026-06-14,,2026-07-29T18:14:24
22408640,2024-02-27,2024-03-01,,2026-07-29T18:14:24
22411049,2024-02-27,2024-03-03,,2026-07-29T18:14:24
22411336,2024-02-27,2025-11-24,,2026-07-29T18:14:45
22412082,2024-02-27,2024-06-30,,2026-07-29T18:14:45
22415391,2024-02-27,2024-02-28,,2026-07-29T18:14:46
22417324,2024-02-27,2024-03-04,,2026-07-29T18:14:46
22417363,2024-02-27,2024-03-16,,2026-07-29T18:14:47
22421565,2024-02-27,2025-02-10,,2026-07-29T18:14:47
22422912,2024-02-27,2024-07-02,,2026-07-29T18:14:47
22423502,2024-02-27,2024-04-15,,2026-07-29T18:14:48
22424852,2024-02-27,2026-05-12,,2026-07-29T18:14:48
22424951,2024-02-27,2024-03-07,,2026-07-29T18:14:48
22426690,2024-02-27,2024-03-04,,2026-07-29T18:14:48
22428783,2024-02-28,2025-03-10,,2026-07-29T18:14:48
22428966,2024-02-28,2024-03-19,,2026-07-29T18:14:49
22429711,2024-02-28,2024-03-09,,2026-07-29T18:14:49
22429945,2024-02-28,2026-03-17,,2026-07-29T18:14:49
22430033,2024-02-28,2024-08-30,,2026-07-29T18:14:49
22430815,2024-02-28,2024-05-27,,2026-07-29T18:14:49
22431055,2024-02-28,2026-03-11,,2026-07-29T18:14:50
22431476,2024-02-28,2024-02-28,,2026-07-29T18:14:50
22431968,2024-02-28,2025-09-03,,2026-07-29T18:14:50
22432250,2024-02-28,2024-03-10,,2026-07-29T18:14:51
22432393,2024-02-28,2024-09-25,,2026-07-29T18:14:51
22432962,2024-02-28,2024-10-14,,2026-07-29T18:14:51
22433256,2024-02-28,2024-04-27,,2026-07-29T18:14:51
22436014,2024-02-28,2024-04-25,,2026-07-29T18:14:51
22436661,2024-02-28,2024-06-23,,2026-07-29T18:14:52
22436871,2024-02-28,2026-03-22,,2026-07-29T18:14:52
22437016,2024-02-28,2025-05-04,,2026-07-29T18:14:52
22439381,2024-02-28,2025-03-17,,2026-07-29T18:14:53
22444776,2024-02-28,2024-05-01,,2026-07-29T18:14:53
22447971,2024-02-28,2024-03-23,,2026-07-29T18:14:53
22448090,2024-02-28,2024-12-10,,2026-07-29T18:14:53
22451060,2024-02-28,2026-07-07,,2026-07-29T18:14:53
22451648,2024-02-28,2024-08-30,,2026-07-29T18:14:53
22451894,2024-02-28,2024-03-15,,2026-07-29T18:14:54
22453845,2024-02-28,2026-02-25,,2026-07-29T18:14:54
22457730,2024-02-28,2025-02-27,,2026-07-29T18:14:54
22457779,2024-02-28,2025-03-02,,2026-07-29T18:14:55
22458033,2024-02-28,2026-08-23,,2026-08-25T04:07:53
22458407,2024-02-28,2024-11-13,,2026-07-29T18:14:55
22458827,2024-02-28,2024-11-06,,2026-07-29T18:14:55
22459223,2024-02-29,2025-12-12,,2026-07-29T18:14:56
22460494,2024-02-29,2024-04-10,,2026-07-29T18:14:56
22461709,2024-02-29,2024-12-03,,2026-07-29T18:14:56
22462137,2024-02-29,2024-03-04,,2026-07-29T18:14:57
22462471,2024-02-29,2026-08-02,,2026-08-04T04:16:09
22462573,2024-02-29,2024-05-25,,2026-07-29T18:14:57
22462834,2024-02-29,2024-03-31,,2026-07-29T18:14:57
22464812,2024-02-29,2025-07-01,,2026-07-29T18:14:57
22465290,2024-02-29,2024-05-20,,2026-07-29T18:14:57
22465788,2024-02-29,2025-02-08,,2026-07-29T18:14:58
22468246,2024-02-29,2024-11-18,,2026-07-29T18:14:59
22471127,2024-02-29,2024-04-23,,2026-07-29T18:14:59
22472609,2024-02-29,2024-04-10,,2026-07-29T18:14:59
22477389,2024-02-29,2026-02-17,,2026-07-29T18:15:00
22477606,2024-02-29,2024-04-27,,2026-07-29T18:15:00
22477784,2024-02-29,2024-11-20,,2026-07-29T18:15:00
22478313,2024-02-29,2026-03-03,,2026-07-29T18:15:00
22478558,2024-02-29,2024-05-01,,2026-07-29T18:15:01
22479966,2024-02-29,2024-05-29,,2026-07-29T18:15:01
22480243,2024-02-29,2024-06-11,,2026-07-29T18:15:01
22480470,2024-02-29,2024-03-01,,2026-07-29T18:15:01
22481607,2024-02-29,2024-03-04,,2026-08-16T10:18:46
22482246,2024-02-29,2024-02-29,,2026-07-29T18:15:02
22483132,2024-02-29,2026-02-21,,2026-07-29T18:15:02
22483161,2024-02-29,2024-08-05,,2026-07-29T18:15:02
22483299,2024-02-29,2025-05-06,,2026-07-29T18:15:02
22483542,2024-02-29,2025-04-27,,2026-07-29T18:15:03
22484060,2024-02-29,2026-05-17,,2026-07-29T18:15:03
22485082,2024-02-29,2024-03-25,,2026-07-29T18:15:04
22488955,2024-02-29,2024-05-15,,2026-07-29T18:15:04
22489401,2024-02-29,2026-08-07,,2026-08-09T04:12:39
22490490,2024-02-29,2024-04-11,,2026-07-29T18:15:05
22490571,2024-02-29,2024-09-19,,2026-07-29T18:15:05
22491102,2024-02-29,2024-06-25,,2026-07-29T18:15:06
22491130,2024-02-29,2024-03-21,,2026-07-29T18:15:06
22491181,2024-02-29,2025-02-11,,2026-07-29T18:15:06
22491714,2024-02-29,2025-06-17,,2026-07-29T18:15:06
22491776,2024-02-29,2024-03-05,,2026-07-29T18:15:06
22491805,2024-02-29,2026-03-21,,2026-07-29T18:15:07
22492665,2024-02-29,2024-03-03,,2026-07-29T18:15:07
22493717,2024-03-01,2024-07-29,,2026-07-29T18:15:07
22494737,2024-03-01,2026-08-05,,2026-08-07T04:14:51
22500213,2024-03-01,2024-04-04,,2026-07-29T18:15:08
22506294,2024-03-01,2025-07-30,,2026-07-29T18:15:09
22507300,2024-03-01,2024-08-15,,2026-07-29T18:15:09
22507360,2024-03-01,2025-02-05,,2026-07-29T18:15:10
22508168,2024-03-01,2024-03-15,,2026-07-29T18:15:10
22528604,2024-03-01,2024-08-16,,2026-07-29T18:15:10
22528714,2024-03-01,2024-12-11,,2026-07-29T18:15:11
22530300,2024-03-01,2026-05-31,,2026-07-29T18:15:11
22530937,2024-03-01,2026-02-14,,2026-07-29T18:15:11
22531380,2024-03-01,2024-04-11,,2026-07-29T18:15:12
22531574,2024-03-01,2026-02-20,,2026-07-29T18:15:12
22532924,2024-03-01,2024-03-27,,2026-07-29T18:15:12
22533706,2024-03-01,2026-03-11,,2026-07-29T18:15:13
22534118,2024-03-01,2026-02-13,,2026-07-29T18:15:13
22534318,2024-03-01,2024-08-23,,2026-07-29T18:15:14
22536763,2024-03-01,2024-08-01,,2026-07-29T18:15:14
22536881,2024-03-01,2026-06-23,,2026-07-29T18:15:16
22540329,2024-03-01,2026-08-01,,2026-08-02T07:14:33
22541285,2024-03-01,2025-10-06,,2026-07-29T18:15:15
22541802,2024-03-01,2024-03-11,,2026-07-29T18:15:15
22542137,2024-03-01,2024-03-26,,2026-07-29T18:15:15
22542893,2024-03-01,2024-04-10,,2026-07-29T18:15:16
22543857,2024-03-02,2024-07-26,,2026-07-29T18:15:16
22543868,2024-03-02,2025-04-09,,2026-07-29T18:15:16
22544923,2024-03-02,2026-06-10,,2026-07-29T18:15:17
22545577,2024-03-02,2026-02-12,,2026-07-29T18:15:17
22547587,2024-03-02,2024-03-16,,2026-07-29T18:15:17
22547685,2024-03-02,2024-05-27,,2026-07-29T18:15:18
22548014,2024-03-02,2024-03-02,,2026-07-29T18:15:17
22548503,2024-03-02,2024-06-05,,2026-07-29T18:15:18
22548921,2024-03-02,2024-07-04,,2026-07-29T18:15:18
22551205,2024-03-02,2024-09-29,,2026-07-29T18:15:18
22555394,2024-03-02,2024-12-07,,2026-07-29T18:15:18
22556335,2024-03-02,2024-06-25,,2026-07-29T18:15:19
22558087,2024-03-02,2024-06-22,,2026-07-29T18:15:19
22558112,2024-03-02,2024-04-27,,2026-07-29T18:15:20
22559226,2024-03-02,2026-07-23,,2026-07-29T18:15:20
22560782,2024-03-02,2024-05-29,,2026-07-29T18:15:21
22561275,2024-03-02,2024-10-08,,2026-07-29T18:15:21
22561494,2024-03-02,2024-05-17,,2026-07-29T18:15:21
22561845,2024-03-02,2025-05-04,,2026-07-29T18:15:21
22562209,2024-03-02,2024-03-07,,2026-07-29T18:15:21
22562606,2024-03-02,2024-03-04,,2026-07-29T18:15:23
22563224,2024-03-02,2026-06-17,,2026-07-29T18:15:23
22563589,2024-03-02,2026-07-23,,2026-07-29T18:15:24
22563691,2024-03-02,2026-08-05,,2026-08-07T04:12:53
22566369,2024-03-02,2025-06-09,,2026-07-29T18:15:24
22566589,2024-03-02,2026-08-18,,2026-08-20T04:14:59
22567359,2024-03-02,2026-06-21,,2026-07-29T18:15:25
22568757,2024-03-02,2026-02-25,,2026-07-29T18:15:26
22569362,2024-03-02,2024-04-21,,2026-07-29T18:15:26
22569887,2024-03-03,2024-05-15,,2026-07-29T18:15:26
22570373,2024-03-03,2025-10-30,,2026-07-29T18:15:27
22570459,2024-03-03,2024-03-05,,2026-07-29T18:15:27
22571160,2024-03-03,2026-04-29,,2026-07-29T18:15:27
22573121,2024-03-03,2025-01-22,,2026-07-29T18:15:28
22573288,2024-03-03,2024-03-03,,2026-07-29T18:15:29
22575085,2024-03-03,2026-07-15,,2026-08-10T10:02:54
22585471,2024-03-03,2024-08-30,,2026-07-29T18:15:29
22586486,2024-03-03,2024-06-20,,2026-07-29T18:15:30
22586783,2024-03-03,2024-03-03,,2026-07-29T18:15:30
22588428,2024-03-03,2024-03-23,,2026-07-29T18:15:31
22588673,2024-03-03,2024-09-24,,2026-07-29T18:15:31
22588928,2024-03-03,2024-03-05,,2026-07-29T18:15:31
22590021,2024-03-03,2026-04-06,,2026-07-29T18:15:31
22590393,2024-03-03,2024-05-01,,2026-07-29T18:15:32
22591609,2024-03-03,2026-03-20,,2026-07-29T18:15:32
22591979,2024-03-03,2024-11-16,,2026-07-29T18:15:32
22592288,2024-03-03,2025-11-16,,2026-07-29T18:15:33
22593032,2024-03-03,2024-09-05,,2026-07-29T18:15:33
22593298,2024-03-03,2024-03-18,,2026-07-29T18:15:33
22593693,2024-03-03,2024-05-12,,2026-07-29T18:15:33
22593876,2024-03-03,2024-03-03,,2026-07-29T18:15:34
22594250,2024-03-03,2024-03-31,,2026-07-29T18:15:34
22594625,2024-03-03,2026-08-21,,2026-08-23T06:04:06
22595406,2024-03-03,2025-07-14,,2026-07-29T18:15:34
22595815,2024-03-03,2024-03-05,,2026-07-29T18:15:35
22596336,2024-03-03,2024-03-05,,2026-07-29T18:15:35
22596617,2024-03-03,2025-02-26,,2026-07-29T18:15:35
22599338,2024-03-03,2024-03-12,,2026-07-29T18:15:36
22599438,2024-03-03,2025-08-15,,2026-07-29T18:15:36
22600012,2024-03-03,2026-06-07,,2026-07-29T18:15:36
22600104,2024-03-03,2024-03-16,,2026-07-29T18:15:36
22600668,2024-03-03,2026-04-01,,2026-07-29T18:15:37
22601281,2024-03-03,2025-01-18,,2026-07-29T18:15:37
22601632,2024-03-03,2024-08-30,,2026-07-29T18:15:37
22601706,2024-03-03,2026-07-10,,2026-07-29T18:15:37
22602018,2024-03-03,2026-07-29,,2026-07-30T05:12:01
22602056,2024-03-03,2024-04-04,,2026-07-29T18:15:38
22602376,2024-03-04,2025-03-11,,2026-07-29T18:15:39
22602584,2024-03-04,2024-05-30,,2026-07-29T18:15:40
22602734,2024-03-04,2024-05-11,,2026-07-29T18:15:41
22602806,2024-03-04,2026-05-16,,2026-07-29T18:15:40
22603140,2024-03-04,2024-03-08,,2026-07-29T18:15:41
22604276,2024-03-04,2024-12-07,,2026-07-29T18:15:41
22604900,2024-03-04,2026-03-23,,2026-07-29T18:15:41
22604937,2024-03-04,2025-08-07,,2026-07-29T18:15:41
22605228,2024-03-04,2025-10-28,,2026-07-29T18:15:41
22605550,2024-03-04,2024-03-04,,2026-07-29T18:15:41
22606795,2024-03-04,2025-12-31,,2026-07-29T18:15:41
22607122,2024-03-04,2024-05-24,,2026-07-29T18:15:43
22607735,2024-03-04,2024-09-05,,2026-07-29T18:15:43
22608599,2024-03-04,2026-05-28,,2026-07-29T18:15:43
22609016,2024-03-04,2025-05-03,,2026-07-29T18:15:43
22609278,2024-03-04,2024-12-12,,2026-07-29T18:15:43
22611370,2024-03-04,2024-05-04,,2026-07-29T18:15:43
22615225,2024-03-04,2024-11-24,,2026-07-29T18:15:44
22621868,2024-03-04,2024-03-20,,2026-07-29T18:15:44
22625977,2024-03-04,2024-03-19,,2026-07-29T18:15:45
22626542,2024-03-04,2024-07-06,,2026-07-29T18:15:45
22628194,2024-03-04,2024-07-26,,2026-07-29T18:15:45
22630730,2024-03-04,2024-03-17,,2026-07-29T18:15:46
22630875,2024-03-04,2024-04-13,,2026-07-29T18:15:46
22631322,2024-03-04,2024-03-06,,2026-07-29T18:15:47
22631379,2024-03-04,2024-03-08,,2026-07-29T18:15:47
22631490,2024-03-04,2024-05-03,,2026-07-29T18:15:47
22631827,2024-03-04,2024-06-03,,2026-07-29T18:15:47
22632071,2024-03-04,2024-03-28,,2026-07-29T18:15:48
22632502,2024-03-04,2024-05-30,,2026-07-29T18:15:48
22633419,2024-03-04,2024-04-13,,2026-07-29T18:15:48
22633837,2024-03-04,2024-11-16,,2026-07-29T18:15:48
22634746,2024-03-04,2025-08-09,,2026-07-29T18:15:49
22635077,2024-03-04,2024-12-10,,2026-07-29T18:15:49
22635104,2024-03-04,2024-11-22,,2026-07-29T18:15:49
22635645,2024-03-04,2024-03-05,,2026-07-29T18:15:49
22635691,2024-03-04,2025-06-14,,2026-07-29T18:15:49
22635714,2024-03-04,2024-04-18,,2026-07-29T18:15:49
22636594,2024-03-04,2026-01-15,,2026-07-29T18:15:50
22636819,2024-03-04,2025-04-01,,2026-07-29T18:15:50
22636985,2024-03-04,2026-01-22,,2026-07-29T18:15:50
22637826,2024-03-05,2025-09-06,,2026-07-29T18:15:52
22637847,2024-03-05,2025-04-23,,2026-07-29T18:15:51
22637873,2024-03-05,2024-03-09,,2026-07-29T18:15:51
22637896,2024-03-05,2024-03-05,,2026-07-29T18:15:51
22637996,2024-03-05,2024-03-06,,2026-07-29T18:15:51
22638287,2024-03-05,2024-03-05,,2026-07-29T18:15:52
22638361,2024-03-05,2025-02-16,,2026-07-29T18:15:52
22638538,2024-03-05,2024-06-22,,2026-07-29T18:15:52
22638622,2024-03-05,2024-03-21,,2026-07-29T18:15:52
22638627,2024-03-05,2026-07-22,,2026-07-29T18:15:53
22638707,2024-03-05,2024-05-04,,2026-07-29T18:15:53
22638839,2024-03-05,2024-09-19,,2026-07-29T18:15:53
22638862,2024-03-05,2024-11-21,,2026-07-29T18:15:53
22638882,2024-03-05,2024-08-18,,2026-07-29T18:15:53
22639087,2024-03-05,2024-03-20,,2026-07-29T18:15:54
22639108,2024-03-05,2025-09-05,,2026-07-29T18:15:54
22639238,2024-03-05,2025-05-22,,2026-07-29T18:15:54
22639240,2024-03-05,2024-05-12,,2026-07-29T18:15:54
22639257,2024-03-05,2024-05-13,,2026-07-29T18:15:56
22639321,2024-03-05,2024-10-25,,2026-07-29T18:15:56
22639365,2024-03-05,2024-03-06,,2026-07-29T18:15:56
22639481,2024-03-05,2024-03-05,,2026-07-29T18:15:56
22639584,2024-03-05,2024-03-07,,2026-07-29T18:15:56
22639882,2024-03-05,2024-03-19,,2026-07-29T18:15:57
22639916,2024-03-05,2024-08-13,,2026-07-29T18:15:57
22640836,2024-03-05,2026-04-20,,2026-07-29T18:15:57
22641974,2024-03-05,2024-04-13,,2026-07-29T18:15:57
22642815,2024-03-05,2024-03-21,,2026-07-29T18:15:57
22646947,2024-03-05,2026-03-08,,2026-07-29T18:15:57
22648710,2024-03-05,2024-07-09,,2026-07-29T18:15:57
22652865,2024-03-05,2024-03-06,,2026-07-29T18:15:57
22652886,2024-03-05,2026-07-05,,2026-07-29T18:15:58
22653906,2024-03-05,2024-08-25,,2026-07-29T18:15:58
22655088,2024-03-05,2025-03-06,,2026-07-29T18:15:58
22655663,2024-03-05,2024-04-26,,2026-07-29T18:15:58
22657330,2024-03-05,2025-03-29,,2026-07-29T18:15:58
22658300,2024-03-05,2025-06-27,,2026-07-29T18:15:59
22658358,2024-03-05,2024-09-08,,2026-07-29T18:15:59
22658641,2024-03-05,2025-05-31,,2026-07-29T18:15:59
22660969,2024-03-05,2025-09-23,,2026-07-29T18:15:59
22661845,2024-03-05,2024-03-05,,2026-07-29T18:16:00
22662613,2024-03-05,2024-03-23,,2026-07-29T18:16:00
22663590,2024-03-05,2024-03-22,,2026-07-29T18:16:00
22663953,2024-03-05,2025-01-19,,2026-07-29T18:16:01
22663965,2024-03-05,2024-05-28,,2026-07-29T18:16:01
22664654,2024-03-05,2024-09-06,,2026-07-29T18:16:01
22664765,2024-03-05,2024-03-15,,2026-07-29T18:16:02
22664935,2024-03-05,2026-08-16,,2026-08-18T04:07:15
22665171,2024-03-05,2026-06-12,,2026-07-29T18:16:02
22665674,2024-03-06,2025-03-10,,2026-07-29T18:16:03
22665824,2024-03-06,2024-03-11,,2026-07-29T18:16:03
22665920,2024-03-06,2024-04-11,,2026-07-29T18:16:03
22667855,2024-03-06,2025-05-07,,2026-07-29T18:16:03
22668136,2024-03-06,2024-06-17,,2026-07-29T18:16:03
22668636,2024-03-06,2026-01-20,,2026-07-29T18:16:03
22669193,2024-03-06,2024-03-10,,2026-07-29T18:16:04
22670662,2024-03-06,2026-05-11,,2026-07-29T18:16:04
22673239,2024-03-06,2026-06-23,,2026-07-29T18:16:04
22678472,2024-03-06,2024-04-25,,2026-07-29T18:16:04
22682909,2024-03-06,2024-08-24,,2026-07-29T18:16:06
22683103,2024-03-06,2025-03-21,,2026-07-29T18:16:05
22684559,2024-03-06,2025-01-24,,2026-07-29T18:16:05
22685968,2024-03-06,2024-03-06,,2026-07-29T18:16:05
22686916,2024-03-06,2024-04-10,,2026-07-29T18:16:06
22687622,2024-03-06,2024-07-29,,2026-07-29T18:16:06
22687807,2024-03-06,2024-05-16,,2026-07-29T18:16:06
22689592,2024-03-06,2024-03-06,,2026-07-29T18:16:07
22689604,2024-03-06,2024-03-19,,2026-07-29T18:16:06
22690696,2024-03-06,2024-07-01,,2026-07-29T18:16:07
22691430,2024-03-06,2024-06-06,,2026-07-29T18:16:07
22693375,2024-03-06,2024-03-06,,2026-07-29T18:16:07
22696794,2024-03-07,2024-03-15,,2026-07-29T18:16:07
22697876,2024-03-07,2024-10-07,,2026-07-29T18:16:07
22701683,2024-03-07,2024-03-07,,2026-07-29T18:16:08
22703207,2024-03-07,2024-04-01,,2026-07-29T18:16:08
22710308,2024-03-07,2024-09-11,,2026-07-29T18:16:09
22710500,2024-03-07,2024-03-15,,2026-07-29T18:16:09
22710570,2024-03-07,2025-01-16,,2026-07-29T18:16:09
22710729,2024-03-07,2026-01-19,,2026-07-29T18:16:09
22711361,2024-03-07,2025-05-20,,2026-07-29T18:16:09
22712652,2024-03-07,2024-03-13,,2026-07-29T18:16:09
22712810,2024-03-07,2024-05-18,,2026-07-29T18:16:10
22715508,2024-03-07,2025-10-06,,2026-07-29T18:16:10
22715653,2024-03-07,2024-03-27,,2026-07-29T18:16:10
22715703,2024-03-07,2026-08-21,,2026-08-23T04:20:53
22716235,2024-03-07,2024-04-15,,2026-07-29T18:16:10
22716803,2024-03-07,2024-10-04,,2026-07-29T18:16:10
22717041,2024-03-07,2024-10-03,,2026-07-29T18:16:11
22717713,2024-03-07,2025-05-12,,2026-07-29T18:16:11
22717949,2024-03-07,2025-07-14,,2026-07-29T18:16:11
22718411,2024-03-07,2026-08-18,,2026-08-20T07:07:54
22718854,2024-03-07,2025-07-02,,2026-07-29T18:16:11
22722396,2024-03-08,2026-08-17,,2026-08-19T04:08:33
22722413,2024-03-08,2024-03-08,,2026-07-29T18:16:12
22723598,2024-03-08,2025-12-03,,2026-07-29T18:16:12
22731240,2024-03-08,2024-04-07,,2026-07-29T18:16:12
22731392,2024-03-08,2026-05-17,,2026-07-29T18:16:12
22732975,2024-03-08,2024-04-24,,2026-07-29T18:16:13
22734551,2024-03-08,2026-07-29,,2026-08-07T18:20:40
22736217,2024-03-08,2025-01-15,,2026-07-29T18:16:13
22739758,2024-03-08,2024-03-09,,2026-07-29T18:16:13
22739935,2024-03-08,2024-08-11,,2026-07-29T18:16:13
22740360,2024-03-08,2024-07-23,,2026-07-29T18:16:13
22740392,2024-03-08,2024-04-19,,2026-07-29T18:16:15
22740910,2024-03-09,2026-06-29,,2026-07-29T18:16:15
22741930,2024-03-09,2024-07-10,,2026-07-29T18:16:15
22742142,2024-03-09,2024-03-22,,2026-07-29T18:16:15
22742368,2024-03-09,2024-10-26,,2026-07-29T18:16:15
22742488,2024-03-09,2024-03-17,,2026-07-29T18:16:15
22742820,2024-03-09,2024-04-07,,2026-07-29T18:16:15
22744114,2024-03-09,2025-01-04,,2026-07-29T18:16:16
22750087,2024-03-09,2024-05-28,,2026-07-29T18:16:16
22752062,2024-03-09,2024-03-13,,2026-07-29T18:16:16
22752417,2024-03-09,2024-04-02,,2026-07-29T18:16:16
22753309,2024-03-09,2025-03-05,,2026-07-29T18:16:17
22753384,2024-03-09,2025-12-30,,2026-07-29T18:16:17
22754635,2024-03-09,2025-06-13,,2026-07-29T18:16:17
22757129,2024-03-09,2024-03-26,,2026-07-29T18:16:17
22758118,2024-03-10,2024-11-02,,2026-07-29T18:16:17
22759294,2024-03-10,2024-04-12,,2026-07-29T18:16:17
22760105,2024-03-10,2025-11-24,,2026-07-29T18:16:18
22760535,2024-03-10,2024-10-03,,2026-07-29T18:16:18
22760768,2024-03-10,2024-12-13,,2026-07-29T18:16:19
22761204,2024-03-10,2025-07-24,,2026-07-29T18:16:18
22763083,2024-03-10,2026-08-22,,2026-08-24T04:10:59
22763925,2024-03-10,2026-05-27,,2026-07-29T18:16:19
22764165,2024-03-10,2025-03-12,,2026-07-29T18:16:19
22768171,2024-03-10,2024-10-17,,2026-07-29T18:16:19
22769862,2024-03-10,2025-04-02,,2026-07-29T18:16:20
22770037,2024-03-10,2024-12-29,,2026-07-29T18:16:20
22770289,2024-03-10,2024-07-06,,2026-07-29T18:16:20
22770526,2024-03-10,2024-06-05,,2026-07-29T18:16:21
22770813,2024-03-10,2024-06-23,,2026-07-29T18:16:20
22771523,2024-03-11,2025-05-20,,2026-07-29T18:16:21
22771975,2024-03-11,2024-09-21,,2026-07-29T18:16:21
22772493,2024-03-11,2024-05-12,,2026-07-29T18:16:21
22772689,2024-03-11,2024-03-21,,2026-07-29T18:16:21
22773013,2024-03-11,2024-03-25,,2026-07-29T18:16:21
22773299,2024-03-11,2024-10-12,,2026-07-29T18:16:22
22774098,2024-03-11,2024-03-22,,2026-07-29T18:16:24
22775538,2024-03-11,2026-05-06,,2026-07-29T18:16:22
22775841,2024-03-11,2024-06-01,,2026-07-29T18:16:22
22779851,2024-03-11,2024-05-22,,2026-07-29T18:16:23
22788080,2024-03-11,2024-03-28,,2026-07-29T18:16:23
22788753,2024-03-11,2024-03-11,,2026-07-29T18:16:23
22790710,2024-03-11,2024-05-25,,2026-07-29T18:16:23
22791085,2024-03-11,2024-06-01,,2026-07-29T18:16:23
22791911,2024-03-11,2026-08-11,,2026-08-12T05:08:10
22792488,2024-03-11,2025-11-25,,2026-07-29T18:16:24
22794011,2024-03-11,2024-03-20,,2026-07-29T18:16:24
22794118,2024-03-11,2024-05-09,,2026-07-29T18:16:24
22794456,2024-03-11,2025-10-23,,2026-07-29T18:16:24
22795659,2024-03-11,2026-06-01,,2026-07-29T18:16:25
22795704,2024-03-11,2024-03-20,,2026-07-29T18:16:25
22795752,2024-03-11,2026-03-17,,2026-07-29T18:16:25
22795884,2024-03-11,2024-12-10,,2026-07-29T18:16:25
22796092,2024-03-11,2026-07-19,,2026-07-29T18:16:25
22796321,2024-03-11,2024-03-13,,2026-07-29T18:16:26
22797383,2024-03-12,2024-03-20,,2026-07-29T18:16:26
22798347,2024-03-12,2025-02-19,,2026-07-29T18:16:26
22799354,2024-03-12,2024-05-13,,2026-07-29T18:16:26
22799910,2024-03-12,2025-07-07,,2026-07-29T18:16:27
22800286,2024-03-12,2024-08-19,,2026-07-29T18:16:27
22801282,2024-03-12,2024-04-21,,2026-07-29T18:16:27
22802100,2024-03-12,2025-12-01,,2026-07-29T18:16:28
22802276,2024-03-12,2025-09-21,,2026-07-29T18:16:29
22804674,2024-03-12,2024-03-14,,2026-07-29T18:16:29
22809601,2024-03-12,2025-09-01,,2026-07-29T18:16:29
22811055,2024-03-12,2024-06-21,,2026-07-29T18:16:29
22812130,2024-03-12,2025-02-18,,2026-07-29T18:16:30
22813108,2024-03-12,2024-06-13,,2026-07-29T18:16:30
22817693,2024-03-12,2024-03-15,,2026-07-29T18:16:30
22821485,2024-03-12,2024-03-26,,2026-07-29T18:16:30
22821722,2024-03-12,2025-03-15,,2026-07-29T18:16:31
22822982,2024-03-12,2025-01-14,,2026-07-29T18:16:31
22823292,2024-03-12,2025-02-05,,2026-07-29T18:16:31
22823929,2024-03-12,2024-11-01,,2026-07-29T18:16:31
22824523,2024-03-12,2024-04-01,,2026-07-29T18:16:32
22824625,2024-03-12,2024-03-19,,2026-07-29T18:16:32
22825599,2024-03-13,2024-11-08,,2026-07-29T18:16:32
22827615,2024-03-13,2025-08-12,,2026-07-29T18:16:32
22828375,2024-03-13,2024-04-30,,2026-07-29T18:16:32
22829078,2024-03-13,2026-03-25,,2026-07-29T18:16:33
22837396,2024-03-13,2024-12-19,,2026-07-29T18:16:33
22841982,2024-03-13,2025-03-04,,2026-07-29T18:16:33
22842646,2024-03-13,2025-01-26,,2026-07-29T18:16:33
22843275,2024-03-13,2024-11-13,,2026-07-29T18:16:34
22845095,2024-03-13,2025-12-28,,2026-07-29T18:16:34
22848735,2024-03-13,2024-03-26,,2026-07-29T18:16:34
22849119,2024-03-13,2025-11-25,,2026-07-29T18:16:34
22849260,2024-03-13,2026-08-11,,2026-08-13T05:10:26
22850171,2024-03-13,2024-04-16,,2026-07-29T18:16:34
22851820,2024-03-14,2024-06-21,,2026-07-29T18:16:35
22853418,2024-03-14,2026-05-26,,2026-07-29T18:16:35
22854305,2024-03-14,2024-05-14,,2026-07-29T18:16:35
22854843,2024-03-14,2024-05-22,,2026-07-29T18:16:35
22858478,2024-03-14,2025-03-17,,2026-07-29T18:16:35
22864422,2024-03-14,2024-04-06,,2026-07-29T18:16:36
22864873,2024-03-14,2026-08-19,,2026-08-20T07:16:54
22867074,2024-03-14,2024-03-31,,2026-07-29T18:16:36
22869088,2024-03-14,2024-06-07,,2026-07-29T18:16:36
22869132,2024-03-14,2024-08-18,,2026-07-29T18:16:36
22869165,2024-03-14,2024-03-15,,2026-07-29T18:16:37
22869170,2024-03-14,2024-03-25,,2026-07-29T18:16:37
22870370,2024-03-14,2024-12-09,,2026-07-29T18:16:37
22871860,2024-03-14,2026-03-02,,2026-07-29T18:16:37
22872587,2024-03-14,2024-04-03,,2026-07-29T18:16:37
22873004,2024-03-14,2024-08-28,,2026-07-29T18:16:38
22873295,2024-03-14,2026-06-09,,2026-07-29T18:16:38
22874122,2024-03-14,2025-04-06,,2026-07-29T18:16:39
22875447,2024-03-14,2026-05-21,,2026-07-29T18:16:38
22876704,2024-03-15,2024-07-31,,2026-07-29T18:16:41
22878074,2024-03-15,2026-07-23,,2026-08-16T10:04:21
22880206,2024-03-15,2025-02-17,,2026-07-29T18:16:56
22882321,2024-03-15,2024-04-16,,2026-07-29T18:16:57
22882997,2024-03-15,2024-09-10,,2026-07-29T18:16:57
22887782,2024-03-15,2024-03-21,,2026-07-29T18:16:57
22889968,2024-03-15,2024-12-15,,2026-08-19T08:01:40
22890575,2024-03-15,2024-09-05,,2026-07-29T18:16:58
22892767,2024-03-15,2024-05-08,,2026-07-29T18:16:58
22893762,2024-03-15,2026-04-26,,2026-07-29T18:16:59
22893801,2024-03-15,2025-07-28,,2026-07-29T18:16:59
22893844,2024-03-15,2024-03-15,,2026-07-29T18:17:00
22894249,2024-03-15,2024-10-05,,2026-07-29T18:17:00
22894722,2024-03-15,2024-04-18,,2026-07-29T18:17:00
22895310,2024-03-15,2025-10-26,,2026-07-29T18:17:00
22895876,2024-03-15,2024-05-15,,2026-07-29T18:17:00
22896280,2024-03-15,2024-04-07,,2026-07-29T18:17:01
22896312,2024-03-15,2024-06-05,,2026-07-29T18:17:01
22896359,2024-03-15,2024-03-26,,2026-07-29T18:17:01
22897507,2024-03-15,2026-04-18,,2026-07-29T18:17:02
22897881,2024-03-15,2024-12-21,,2026-08-11T14:56:27
22898846,2024-03-16,2024-05-25,,2026-07-29T18:17:03
22899830,2024-03-16,2024-04-16,,2026-07-29T18:17:03
22900298,2024-03-16,2025-08-01,,2026-07-29T18:17:14
22904506,2024-03-16,2024-06-20,,2026-07-29T18:17:14
22904696,2024-03-16,2025-03-23,,2026-07-29T18:17:14
22904910,2024-03-16,2024-12-09,,2026-07-29T18:17:15
22909083,2024-03-16,2024-03-17,,2026-07-29T18:17:15
22910503,2024-03-16,2024-03-16,,2026-07-29T18:17:15
22911914,2024-03-16,2024-09-13,,2026-07-29T18:17:16
22913153,2024-03-16,2025-03-31,,2026-07-29T18:17:16
22914729,2024-03-16,2024-11-11,,2026-07-29T18:17:17
22915534,2024-03-17,2024-03-24,,2026-07-29T18:17:17
22915645,2024-03-17,2024-03-23,,2026-07-29T18:17:18
22916047,2024-03-17,2024-06-03,,2026-07-29T18:17:18
22918389,2024-03-17,2024-06-16,,2026-07-29T18:17:18
22920843,2024-03-17,2024-04-03,,2026-07-29T18:17:19
22921215,2024-03-17,2024-04-19,,2026-07-29T18:17:19
22922503,2024-03-17,2024-03-17,,2026-07-29T18:17:19
22923492,2024-03-17,2024-06-02,,2026-07-29T18:17:19
22925539,2024-03-17,2024-06-03,,2026-07-29T18:17:20
22925743,2024-03-17,2026-08-09,,2026-08-11T07:04:30
22926974,2024-03-17,2025-02-27,,2026-07-29T18:17:20
22927107,2024-03-17,2024-04-22,,2026-07-29T18:17:20
22927267,2024-03-17,2024-08-05,,2026-07-29T18:17:20
22927916,2024-03-17,2026-02-17,,2026-07-29T18:17:21
22929294,2024-03-18,2024-04-03,,2026-07-29T18:17:21
22929320,2024-03-18,2024-04-20,,2026-07-29T18:17:21
22929713,2024-03-18,2026-01-02,,2026-07-29T18:17:21
22931095,2024-03-18,2025-04-18,,2026-07-29T18:17:22
22931863,2024-03-18,2026-06-27,,2026-07-29T18:17:22
22936556,2024-03-18,2024-06-27,,2026-07-29T18:17:22
22936701,2024-03-18,2025-08-24,,2026-07-29T18:17:22
22941111,2024-03-18,2026-08-24,,2026-08-24T17:57:28
22943343,2024-03-18,2024-03-28,,2026-07-29T18:17:23
22943680,2024-03-18,2026-03-16,,2026-07-29T18:17:23
22945517,2024-03-18,2024-05-05,,2026-07-29T18:17:24
22947731,2024-03-18,2026-01-19,,2026-07-29T18:17:24
22948985,2024-03-18,2026-08-22,,2026-08-24T05:04:45
22950517,2024-03-18,2024-06-02,,2026-07-29T18:17:25
22953035,2024-03-18,2024-06-26,,2026-07-29T18:17:26
22953377,2024-03-18,2026-01-20,,2026-07-29T18:17:26
22953690,2024-03-18,2024-03-21,,2026-07-29T18:17:27
22955148,2024-03-18,2024-08-26,,2026-07-29T18:17:27
22956857,2024-03-18,2025-04-27,,2026-08-11T14:56:28
22957368,2024-03-18,2024-05-16,,2026-07-29T18:17:27
22958207,2024-03-19,2025-08-24,,2026-07-29T18:17:27
22958413,2024-03-19,2024-03-20,,2026-07-29T18:17:27
22958884,2024-03-19,2025-04-07,,2026-07-29T18:17:27
22959919,2024-03-19,2024-03-19,,2026-07-29T18:17:27
22960416,2024-03-19,2024-03-20,,2026-07-29T18:17:28
22975306,2024-03-19,2024-11-09,,2026-07-29T18:17:28
22976617,2024-03-19,2024-09-27,,2026-07-29T18:17:28
22979700,2024-03-19,2026-08-08,,2026-08-10T04:12:12
22979879,2024-03-19,2025-05-19,,2026-07-29T18:17:28
22983263,2024-03-19,2024-06-16,,2026-07-29T18:17:29
22984240,2024-03-19,2024-08-10,,2026-07-29T18:17:29
22984279,2024-03-19,2024-08-08,,2026-07-29T18:17:29
22984699,2024-03-19,2024-04-25,,2026-07-29T18:17:29
22985496,2024-03-19,2024-04-08,,2026-07-29T18:17:30
22986853,2024-03-19,2024-03-20,,2026-07-29T18:17:30
22988210,2024-03-19,2025-07-21,,2026-07-29T18:17:31
22988462,2024-03-19,2024-04-01,,2026-07-29T18:17:31
22989065,2024-03-19,2024-03-21,,2026-07-29T18:17:31
22989492,2024-03-19,2024-08-05,,2026-07-29T18:17:31
22989848,2024-03-19,2025-04-10,,2026-07-29T18:17:32
22990459,2024-03-19,2025-04-03,,2026-07-29T18:17:32
22991142,2024-03-19,2026-06-11,,2026-07-29T18:17:33
22991356,2024-03-19,2024-03-19,,2026-07-29T18:17:33
22992748,2024-03-20,2026-06-24,,2026-07-29T18:17:33
22994059,2024-03-20,2024-04-19,,2026-07-29T18:17:33
22995111,2024-03-20,2025-07-22,,2026-07-29T18:17:34
23000929,2024-03-20,2026-03-19,,2026-07-29T18:17:35
23009740,2024-03-20,2026-08-22,,2026-08-24T04:05:33
23010424,2024-03-20,2025-08-03,,2026-07-29T18:17:38
23010975,2024-03-20,2026-07-23,,2026-07-29T18:17:38
23011430,2024-03-20,2024-03-20,,2026-07-29T18:17:38
23012879,2024-03-20,2024-08-30,,2026-07-29T18:17:38
23013016,2024-03-20,2024-07-27,,2026-07-29T18:17:38
23013345,2024-03-20,2024-05-31,,2026-07-29T18:17:38
23013666,2024-03-20,2024-07-02,,2026-07-29T18:17:38
23013923,2024-03-20,2024-11-09,,2026-07-29T18:17:38
23014391,2024-03-20,2024-03-26,,2026-07-29T18:17:38
23015152,2024-03-20,2024-04-07,,2026-07-29T18:17:38
23016337,2024-03-20,2026-08-07,,2026-08-09T05:10:19
23016676,2024-03-20,2025-05-25,,2026-07-29T18:17:38
23017407,2024-03-20,2026-05-16,,2026-07-29T18:17:39
23017563,2024-03-20,2024-07-31,,2026-07-29T18:17:39
23017843,2024-03-20,2024-07-05,,2026-07-29T18:17:40
23017942,2024-03-20,2024-03-21,,2026-07-29T18:17:41
23017947,2024-03-20,2024-06-29,,2026-07-29T18:17:42
23018162,2024-03-20,2026-05-06,,2026-07-29T18:17:42
23018509,2024-03-20,2024-07-25,,2026-07-29T18:17:43
23018550,2024-03-20,2026-08-13,,2026-08-14T04:26:56
23018857,2024-03-21,2025-08-26,,2026-07-29T18:17:43
23019041,2024-03-21,2025-07-26,,2026-07-29T18:17:44
23019337,2024-03-21,2024-03-21,,2026-07-29T18:17:44
23020133,2024-03-21,2026-08-04,,2026-08-06T07:03:11
23021024,2024-03-21,2024-03-21,,2026-07-29T18:17:45
23021161,2024-03-21,2024-03-29,,2026-07-29T18:17:45
23021195,2024-03-21,2024-03-29,,2026-07-29T18:17:46
23021233,2024-03-21,2025-12-12,,2026-07-29T18:17:46
23021240,2024-03-21,2026-01-28,,2026-07-29T18:17:46
23021246,2024-03-21,2024-04-13,,2026-07-29T18:17:47
23021302,2024-03-21,2024-03-22,,2026-07-29T18:17:47
23021382,2024-03-21,2025-01-06,,2026-07-29T18:17:47
23021443,2024-03-21,2026-06-20,,2026-07-29T18:17:48
23021697,2024-03-21,2024-03-22,,2026-07-29T18:17:48
23022219,2024-03-21,2024-03-23,,2026-08-15T01:11:42
23023275,2024-03-21,2026-05-17,,2026-07-29T18:17:49
23037479,2024-03-21,2024-05-31,,2026-07-29T18:17:50
23038983,2024-03-21,2024-05-28,,2026-07-29T18:17:50
23040075,2024-03-21,2025-09-27,,2026-07-29T18:17:51
23041316,2024-03-21,2024-03-21,,2026-07-29T18:17:52
23042490,2024-03-21,2024-05-01,,2026-07-29T18:17:52
23043330,2024-03-21,2025-06-17,,2026-07-29T18:17:52
23044057,2024-03-21,2024-07-28,,2026-07-29T18:17:53
23044630,2024-03-22,2024-04-03,,2026-07-29T18:17:54
23047394,2024-03-22,2024-03-27,,2026-07-29T18:17:54
23058844,2024-03-22,2025-02-04,,2026-07-29T18:17:55
23060481,2024-03-22,2024-03-24,,2026-07-29T18:17:55
23060664,2024-03-22,2025-08-08,,2026-07-29T18:17:55
23062139,2024-03-22,2025-02-27,,2026-07-29T18:17:56
23063616,2024-03-22,2026-08-15,,2026-08-17T07:09:38
23063998,2024-03-22,2025-09-11,,2026-07-29T18:17:57
23065419,2024-03-22,2024-09-28,,2026-07-29T18:17:57
23065928,2024-03-22,2025-01-25,,2026-07-29T18:17:57
23066695,2024-03-22,2026-07-10,,2026-07-29T18:17:57
23070558,2024-03-23,2025-06-23,,2026-07-29T18:17:58
23070862,2024-03-23,2025-08-29,,2026-07-29T18:17:58
23078733,2024-03-23,2026-01-26,,2026-07-29T18:17:59
23081538,2024-03-23,2024-03-31,,2026-07-29T18:17:59
23081791,2024-03-23,2024-10-21,,2026-07-29T18:17:59
23081990,2024-03-23,2024-10-11,,2026-07-29T18:18:00
23082622,2024-03-23,2024-05-16,,2026-07-29T18:18:00
23082774,2024-03-23,2025-02-28,,2026-07-29T18:18:00
23083446,2024-03-23,2025-01-28,,2026-07-29T18:18:00
23085123,2024-03-24,2024-04-17,,2026-07-29T18:18:01
23086581,2024-03-24,2025-10-24,,2026-07-29T18:18:01
23086733,2024-03-24,2024-04-03,,2026-07-29T18:18:01
23089066,2024-03-24,2026-02-28,,2026-07-29T18:18:02
23090055,2024-03-24,2025-06-17,,2026-07-29T18:18:02
23092016,2024-03-24,2024-04-01,,2026-07-29T18:18:02
23094778,2024-03-24,2026-05-01,,2026-07-29T18:18:02
23095583,2024-03-24,2026-07-07,,2026-07-29T18:18:02
23096693,2024-03-24,2026-05-04,,2026-07-29T18:18:03
23098807,2024-03-25,2026-03-05,,2026-07-29T18:18:03
23099505,2024-03-25,2025-05-17,,2026-07-29T18:18:04
23100555,2024-03-25,2025-02-14,,2026-07-29T18:18:04
23104180,2024-03-25,2026-06-13,,2026-07-29T18:18:04
23106281,2024-03-25,2025-03-14,,2026-07-29T18:18:04
23107459,2024-03-25,2024-04-25,,2026-07-29T18:18:04
23110644,2024-03-25,2025-12-02,,2026-07-29T18:18:04
23110713,2024-03-25,2024-06-21,,2026-07-29T18:18:05
23110824,2024-03-25,2024-04-07,,2026-07-29T18:18:05
23111493,2024-03-25,2024-10-02,,2026-07-29T18:18:05
23111982,2024-03-25,2024-03-25,,2026-07-29T18:18:05
23112380,2024-03-25,2026-08-12,,2026-08-14T05:04:36
23116289,2024-03-25,2024-06-24,,2026-07-29T18:18:06
23116328,2024-03-25,2024-08-13,,2026-07-29T18:18:06
23117584,2024-03-26,2025-03-24,,2026-07-29T18:18:07
23117713,2024-03-26,2025-01-23,,2026-07-29T18:18:08
23118843,2024-03-26,2025-04-14,,2026-07-29T18:18:12
23135934,2024-03-26,2025-11-11,,2026-07-29T18:18:13
23137095,2024-03-26,2024-08-04,,2026-07-29T18:18:14
23138240,2024-03-26,2026-01-19,,2026-07-29T18:18:13
23140193,2024-03-26,2025-03-10,,2026-07-29T18:18:13
23143696,2024-03-27,2024-06-16,,2026-07-29T18:18:14
23143758,2024-03-27,2025-05-25,,2026-07-29T18:18:14
23144174,2024-03-27,2025-10-16,,2026-07-29T18:18:15
23145860,2024-03-27,2025-01-07,,2026-07-29T18:18:15
23148878,2024-03-27,2025-04-26,,2026-07-29T18:18:16
23149796,2024-03-27,2024-04-16,,2026-07-29T18:18:16
23150902,2024-03-27,2024-05-23,,2026-07-29T18:18:17
23157033,2024-03-27,2026-08-04,,2026-08-06T05:08:50
23158712,2024-03-27,2025-08-16,,2026-07-29T18:18:17
23161166,2024-03-27,2024-04-13,,2026-07-29T18:18:17
23162022,2024-03-27,2024-06-17,,2026-07-29T18:18:18
23162607,2024-03-27,2024-06-14,,2026-07-29T18:18:18
23166657,2024-03-27,2025-09-30,,2026-07-29T18:18:18
23166925,2024-03-27,2025-12-17,,2026-07-29T18:18:19
23167443,2024-03-27,2024-06-04,,2026-07-29T18:18:19
23167983,2024-03-28,2024-06-21,,2026-07-29T18:18:19
23168501,2024-03-28,2024-04-03,,2026-07-29T18:18:19
23182472,2024-03-28,2024-09-06,,2026-07-29T18:18:20
23184049,2024-03-28,2025-03-22,,2026-07-29T18:18:20
23184589,2024-03-28,2025-12-29,,2026-08-20T08:01:00
23185123,2024-03-28,2024-04-24,,2026-07-29T18:18:20
23186046,2024-03-28,2025-04-22,,2026-07-29T18:18:23
23186875,2024-03-28,2024-10-22,,2026-07-29T18:18:23
23188637,2024-03-28,2024-08-11,,2026-07-29T18:18:23
23188658,2024-03-28,2024-07-23,,2026-07-29T18:18:24
23190659,2024-03-28,2025-09-09,,2026-07-29T18:18:25
23190933,2024-03-28,2025-12-02,,2026-07-29T18:18:26
23191172,2024-03-28,2024-06-02,,2026-07-29T18:18:26
23191370,2024-03-28,2025-04-11,,2026-07-29T18:18:26
23191633,2024-03-28,2024-04-14,,2026-07-29T18:18:27
23193927,2024-03-29,2024-04-01,,2026-07-29T18:18:27
23197357,2024-03-29,2025-04-01,,2026-07-29T18:18:28
23197684,2024-03-29,2024-06-10,,2026-07-29T18:18:29
23208412,2024-03-29,2024-10-29,,2026-07-29T18:18:30
23208641,2024-03-29,2025-09-16,,2026-07-29T18:18:29
23208660,2024-03-29,2024-09-26,,2026-07-29T18:18:31
23208692,2024-03-29,2025-02-05,,2026-07-29T18:18:31
23208876,2024-03-29,2024-04-19,,2026-07-29T18:18:32
23209168,2024-03-29,2024-04-15,,2026-07-29T18:18:33
23209847,2024-03-29,2025-06-17,,2026-07-29T18:18:33
23210387,2024-03-29,2024-05-24,,2026-07-29T18:18:33
23212414,2024-03-29,2025-03-30,,2026-07-29T18:18:33
23212784,2024-03-29,2024-06-25,,2026-07-29T18:18:33
23214672,2024-03-29,2024-04-04,,2026-07-29T18:18:33
23214933,2024-03-29,2024-04-30,,2026-07-29T18:18:33
23215055,2024-03-29,2025-03-11,,2026-07-29T18:18:33
23216073,2024-03-30,2024-09-15,,2026-07-29T18:18:34
23216831,2024-03-30,2024-04-12,,2026-07-29T18:18:34
23224836,2024-03-30,2024-10-09,,2026-07-29T18:18:34
23225311,2024-03-30,2024-07-22,,2026-07-29T18:18:34
23226657,2024-03-30,2026-08-24,,2026-08-24T18:29:28
23227953,2024-03-30,2025-04-02,,2026-07-29T18:18:35
23230878,2024-03-30,2025-04-01,,2026-07-29T18:18:35
23231274,2024-03-30,2026-08-17,,2026-08-19T04:09:59
23231761,2024-03-30,2024-12-20,,2026-07-29T18:18:36
23232827,2024-03-31,2024-07-22,,2026-07-29T18:18:36
23233029,2024-03-31,2024-05-23,,2026-07-29T18:18:37
23233172,2024-03-31,2025-04-22,,2026-07-29T18:18:37
23233302,2024-03-31,2024-03-31,,2026-07-29T18:18:37
23233587,2024-03-31,2024-03-31,,2026-07-29T18:18:37
23233808,2024-03-31,2024-09-05,,2026-07-29T18:18:37
23233841,2024-03-31,2024-03-31,,2026-07-29T18:18:38
23234894,2024-03-31,2026-08-25,,2026-08-25T04:11:13
23238032,2024-03-31,2024-06-19,,2026-07-29T18:18:39
23239007,2024-03-31,2026-06-10,,2026-07-29T18:18:39
23240667,2024-03-31,2024-06-12,,2026-07-29T18:18:39
23244573,2024-03-31,2024-04-14,,2026-07-29T18:18:39
23245560,2024-03-31,2026-05-11,,2026-07-29T18:18:39
23246422,2024-04-01,2025-10-02,,2026-07-29T18:18:40
23246607,2024-04-01,2026-08-06,,2026-08-08T04:13:55
23246766,2024-04-01,2026-02-28,,2026-07-29T18:18:42
23247344,2024-04-01,2024-06-09,,2026-07-29T18:18:40
23247881,2024-04-01,2024-06-27,,2026-07-29T18:18:41
23250525,2024-04-01,2024-06-18,,2026-07-29T18:18:41
23253178,2024-04-01,2024-05-15,,2026-07-29T18:18:41
23255993,2024-04-01,2026-08-13,,2026-08-15T05:04:46
23260972,2024-04-01,2024-07-03,,2026-07-29T18:18:42
23262952,2024-04-01,2024-05-10,,2026-07-29T18:18:42
23263259,2024-04-01,2024-05-20,,2026-07-29T18:18:42
23263532,2024-04-01,2025-04-10,,2026-08-21T15:58:59
23266462,2024-04-01,2024-04-01,,2026-07-29T18:18:43
23266534,2024-04-01,2024-04-18,,2026-07-29T18:18:43
23267252,2024-04-01,2024-04-11,,2026-07-29T18:18:43
23267696,2024-04-01,2024-12-21,,2026-07-29T18:18:43
23267953,2024-04-01,2024-04-17,,2026-07-29T18:18:44
23268164,2024-04-01,2024-04-26,,2026-07-29T18:18:44
23268262,2024-04-01,2025-02-24,,2026-07-29T18:18:44
23268839,2024-04-01,2024-04-04,,2026-07-29T18:18:44
23268943,2024-04-01,2025-08-06,,2026-07-29T18:18:44
23269394,2024-04-01,2026-04-02,,2026-07-29T18:18:45
23270378,2024-04-01,2026-04-08,,2026-07-29T18:18:45
23271083,2024-04-01,2025-02-13,,2026-07-29T18:18:45
23271338,2024-04-02,2024-09-27,,2026-07-29T18:18:45
23273247,2024-04-02,2025-07-24,,2026-07-29T18:18:46
23273304,2024-04-02,2025-11-29,,2026-07-29T18:18:46
23273810,2024-04-02,2024-04-25,,2026-07-29T18:18:46
23274447,2024-04-02,2024-04-02,,2026-07-29T18:18:46
23275085,2024-04-02,2026-07-19,,2026-07-29T18:18:46
23277094,2024-04-02,2024-06-07,,2026-07-29T18:18:46
23278360,2024-04-02,2024-04-15,,2026-07-29T18:18:47
23278673,2024-04-02,2024-09-10,,2026-07-29T18:18:47
23282142,2024-04-02,2025-02-04,,2026-07-29T18:18:47
23285502,2024-04-02,2026-08-23,,2026-08-25T05:05:36
23287952,2024-04-02,2024-09-07,,2026-07-29T18:18:47
23288648,2024-04-02,2026-07-04,,2026-07-29T18:18:48
23290477,2024-04-02,2024-08-19,,2026-07-29T18:18:48
23292173,2024-04-02,2025-06-30,,2026-07-29T18:18:48
23293360,2024-04-02,2025-03-07,,2026-07-29T18:18:48
23293778,2024-04-02,2024-04-11,,2026-07-29T18:18:49
23295638,2024-04-02,2024-04-29,,2026-07-29T18:18:49
23298017,2024-04-02,2024-08-05,,2026-07-29T18:18:49
23298572,2024-04-02,2024-04-08,,2026-07-29T18:18:50
23298784,2024-04-02,2024-04-05,,2026-07-29T18:18:50
23301090,2024-04-03,2025-07-14,,2026-07-29T18:18:50
23301790,2024-04-03,2024-04-29,,2026-07-29T18:18:50
23302099,2024-04-03,2024-04-03,,2026-07-29T18:18:50
23302249,2024-04-03,2024-07-02,,2026-07-29T18:18:50
23303145,2024-04-03,2026-08-11,,2026-08-13T07:10:28
23303230,2024-04-03,2026-07-18,,2026-07-29T18:18:51
23306527,2024-04-03,2026-04-10,,2026-07-29T18:18:51
23308438,2024-04-03,2026-08-08,,2026-08-10T04:07:35
23309496,2024-04-03,2024-04-22,,2026-07-29T18:18:51
23310597,2024-04-03,2026-08-15,,2026-08-17T04:12:01
23311143,2024-04-03,2024-05-13,,2026-07-29T18:18:52
23311875,2024-04-03,2025-06-14,,2026-07-29T18:18:52
23314779,2024-04-03,2025-10-10,,2026-07-29T18:18:53
23316660,2024-04-03,2026-04-08,,2026-07-29T18:18:53
23319460,2024-04-03,2024-10-09,,2026-07-29T18:18:53
23320181,2024-04-03,2024-04-30,,2026-07-29T18:18:53
23320282,2024-04-03,2026-04-21,,2026-07-29T18:18:53
23320657,2024-04-03,2026-05-27,,2026-07-29T18:18:53
23321426,2024-04-03,2024-04-13,,2026-07-29T18:18:54
23321662,2024-04-03,2025-03-23,,2026-07-29T18:18:54
23322755,2024-04-03,2025-08-13,,2026-07-29T18:18:54
23324097,2024-04-03,2025-08-16,,2026-07-29T18:18:54
23324681,2024-04-03,2024-04-06,,2026-07-29T18:18:54
23325140,2024-04-03,2026-04-09,,2026-07-29T18:18:55
23325338,2024-04-03,2025-06-14,,2026-07-29T18:18:55
23326571,2024-04-04,2024-04-19,,2026-07-29T18:18:55
23326641,2024-04-04,2025-01-28,,2026-07-29T18:18:55
23326895,2024-04-04,2024-04-23,,2026-07-29T18:18:55
23326990,2024-04-04,2024-04-04,,2026-07-29T18:18:55
23327805,2024-04-04,2024-05-19,,2026-07-29T18:18:56
23328303,2024-04-04,2025-06-21,,2026-07-29T18:18:56
23329650,2024-04-04,2024-07-31,,2026-08-16T10:04:44
23329867,2024-04-04,2026-03-01,,2026-07-29T18:18:56
23331049,2024-04-04,2026-04-24,,2026-07-29T18:18:57
23332552,2024-04-04,2024-10-02,,2026-07-29T18:18:57
23335711,2024-04-04,2026-08-20,,2026-08-22T06:00:22
23339954,2024-04-04,2024-05-10,,2026-07-29T18:18:57
23340404,2024-04-04,2026-07-04,,2026-07-29T18:18:58
23342834,2024-04-04,2026-08-15,,2026-08-17T04:11:56
23342860,2024-04-04,2024-05-11,,2026-07-29T18:18:58
23343546,2024-04-04,2024-04-09,,2026-07-29T18:18:58
23343949,2024-04-04,2024-04-08,,2026-07-29T18:18:58
23344640,2024-04-04,2024-04-28,,2026-07-29T18:18:59
23345403,2024-04-04,2026-07-29,,2026-07-31T07:15:37
23345473,2024-04-04,2026-08-20,,2026-08-22T04:07:48
23345617,2024-04-04,2024-06-30,,2026-07-29T18:18:59
23346724,2024-04-04,2024-06-27,,2026-07-29T18:18:59
23346728,2024-04-04,2026-08-17,,2026-08-18T06:02:34
23348018,2024-04-04,2024-04-04,,2026-08-22T08:01:04
23349402,2024-04-04,2024-04-04,,2026-07-29T18:19:00
23349522,2024-04-04,2026-08-20,,2026-08-22T05:04:37
23350096,2024-04-04,2025-08-03,,2026-07-29T18:19:00
23350201,2024-04-04,2026-03-17,,2026-07-29T18:19:01
23350667,2024-04-04,2024-04-05,,2026-07-29T18:19:01
23351047,2024-04-04,2024-12-21,,2026-07-29T18:19:01
23351124,2024-04-04,2024-04-21,,2026-07-29T18:19:01
23351359,2024-04-04,2024-04-04,,2026-07-29T18:19:02
23351704,2024-04-05,2025-11-11,,2026-07-29T18:19:02
23351954,2024-04-05,2025-03-09,,2026-07-29T18:19:02
23351967,2024-04-05,2025-04-25,,2026-07-29T18:19:02
23352467,2024-04-05,2025-04-20,,2026-07-29T18:19:02
23352552,2024-04-05,2024-11-08,,2026-07-29T18:19:02
23352684,2024-04-05,2025-06-17,,2026-07-29T18:19:02
23352752,2024-04-05,2025-05-22,,2026-07-29T18:19:03
23352895,2024-04-05,2025-03-21,,2026-07-29T18:19:03
23352992,2024-04-05,2024-07-16,,2026-07-29T18:19:03
23353186,2024-04-05,2026-01-22,,2026-07-29T18:19:03
23353587,2024-04-05,2026-04-07,,2026-07-29T18:19:03
23354205,2024-04-05,2024-07-09,,2026-07-29T18:19:04
23355006,2024-04-05,2024-09-08,,2026-07-29T18:19:04
23355365,2024-04-05,2024-04-10,,2026-07-29T18:19:04
23355486,2024-04-05,2024-06-21,,2026-07-29T18:19:04
23355801,2024-04-05,2025-01-28,,2026-07-29T18:19:05
23370982,2024-04-05,2024-10-05,,2026-07-29T18:19:05
23373678,2024-04-05,2026-02-25,,2026-07-29T18:19:05
23375362,2024-04-06,2025-03-26,,2026-07-29T18:19:06
23375575,2024-04-06,2024-05-26,,2026-07-29T18:19:06
23375604,2024-04-06,2024-04-06,,2026-07-29T18:19:07
23376869,2024-04-06,2024-06-18,,2026-07-29T18:19:07
23377024,2024-04-06,2024-07-26,,2026-07-29T18:19:07
23388790,2024-04-06,2024-12-23,,2026-07-29T18:19:07
23389149,2024-04-06,2024-07-28,,2026-07-29T18:19:08
23389549,2024-04-06,2025-07-25,,2026-07-29T18:19:08
23390650,2024-04-06,2024-09-18,,2026-07-29T18:19:08
23392622,2024-04-07,2024-04-07,,2026-07-29T18:19:08
23392653,2024-04-07,2024-08-10,,2026-07-29T18:19:08
23396404,2024-04-07,2026-05-16,,2026-07-29T18:19:08
23403636,2024-04-07,2024-08-07,,2026-07-29T18:19:09
23404798,2024-04-07,2024-04-09,,2026-07-29T18:19:09
23405625,2024-04-08,2024-04-09,,2026-07-29T18:19:09
23406158,2024-04-08,2024-06-07,,2026-07-29T18:19:10
23406473,2024-04-08,2024-05-22,,2026-07-29T18:19:10
23407421,2024-04-08,2026-07-05,,2026-07-29T18:19:10
23409793,2024-04-08,2024-04-11,,2026-07-29T18:19:10
23411972,2024-04-08,2024-11-02,,2026-07-29T18:19:10
23419219,2024-04-08,2026-01-15,,2026-07-29T18:19:11
23428840,2024-04-09,2025-01-09,,2026-07-29T18:19:11
23429646,2024-04-09,2024-04-09,,2026-07-29T18:19:11
23431083,2024-04-09,2024-06-16,,2026-07-29T18:19:11
23443050,2024-04-09,2024-11-04,,2026-07-29T18:19:12
23446941,2024-04-09,2024-04-09,,2026-07-29T18:19:12
23448994,2024-04-09,2024-04-20,,2026-07-29T18:19:12
23451413,2024-04-09,2024-08-06,,2026-07-29T18:19:12
23456212,2024-04-10,2026-06-24,,2026-07-29T18:19:13
23466379,2024-04-10,2024-05-06,,2026-07-29T18:19:13
23468681,2024-04-10,2025-03-08,,2026-07-29T18:19:13
23469663,2024-04-10,2025-05-30,,2026-07-29T18:19:14
23469756,2024-04-10,2024-05-18,,2026-07-29T18:19:14
23471328,2024-04-10,2025-11-26,,2026-08-20T10:02:18
23471630,2024-04-10,2025-11-04,,2026-07-29T18:19:14
23472253,2024-04-10,2026-08-24,,2026-08-24T23:04:10
23472606,2024-04-10,2024-12-16,,2026-07-29T18:19:15
23472981,2024-04-10,2024-07-28,,2026-07-29T18:19:15
23474435,2024-04-11,2024-04-15,,2026-07-29T18:19:16
23474616,2024-04-11,2025-10-28,,2026-07-29T18:19:15
23486831,2024-04-11,2025-01-05,,2026-07-29T18:19:16
23487398,2024-04-11,2026-08-18,,2026-08-20T05:07:56
23489522,2024-04-11,2024-05-09,,2026-07-29T18:19:16
23489638,2024-04-11,2024-09-17,,2026-07-29T18:19:16
23489941,2024-04-11,2025-01-15,,2026-07-29T18:19:17
23490541,2024-04-11,2026-05-20,,2026-07-29T18:19:17
23490601,2024-04-11,2024-04-18,,2026-07-29T18:19:17
23491683,2024-04-11,2024-07-13,,2026-07-29T18:19:17
23495190,2024-04-12,2024-05-30,,2026-07-29T18:19:18
23495832,2024-04-12,2024-04-12,,2026-07-29T18:19:18
23505340,2024-04-12,2026-07-18,,2026-07-29T18:19:18
23506779,2024-04-12,2025-04-01,,2026-07-29T18:19:18
23507372,2024-04-12,2026-06-29,,2026-07-29T18:19:19
23507778,2024-04-12,2024-12-28,,2026-07-29T18:19:19
23508970,2024-04-12,2026-03-28,,2026-07-29T18:19:20
23511223,2024-04-12,2024-10-14,,2026-07-29T18:19:20
23511516,2024-04-12,2026-08-14,,2026-08-16T05:07:46
23513304,2024-04-13,2024-04-14,,2026-07-29T18:19:20
23514949,2024-04-13,2026-08-09,,2026-08-10T04:15:02
23515379,2024-04-13,2025-09-26,,2026-07-29T18:19:21
23517035,2024-04-13,2024-04-13,,2026-07-29T18:19:21
23521975,2024-04-13,2025-11-07,,2026-07-29T18:19:22
23522421,2024-04-13,2025-01-28,,2026-07-29T18:19:22
23522690,2024-04-13,2024-11-28,,2026-07-29T18:19:22
23523193,2024-04-13,2024-04-13,,2026-07-29T18:19:22
23525929,2024-04-13,2024-04-13,,2026-07-29T18:19:22
23526248,2024-04-13,2025-02-21,,2026-07-29T18:19:23
23526574,2024-04-13,2026-05-08,,2026-07-29T18:19:23
23527102,2024-04-13,2025-12-14,,2026-07-29T18:19:23
23527963,2024-04-14,2025-09-17,,2026-07-29T18:19:24
23528261,2024-04-14,2026-02-05,,2026-07-29T18:19:24
23531112,2024-04-14,2025-08-07,,2026-08-16T10:08:15
23536139,2024-04-14,2024-04-18,,2026-07-29T18:19:25
23536515,2024-04-14,2026-06-12,,2026-07-29T18:19:25
23536597,2024-04-14,2025-04-14,,2026-07-29T18:19:26
23537501,2024-04-14,2024-09-10,,2026-07-29T18:19:26
23537522,2024-04-14,2026-04-06,,2026-07-29T18:19:27
23538585,2024-04-14,2026-08-22,,2026-08-24T04:07:34
23538948,2024-04-14,2025-04-09,,2026-07-29T18:19:27
23540190,2024-04-14,2026-08-20,,2026-08-21T05:04:48
23540771,2024-04-15,2024-06-06,,2026-07-29T18:19:28
23540975,2024-04-15,2024-05-20,,2026-07-29T18:19:28
23541244,2024-04-15,2026-05-02,,2026-07-29T18:19:29
23541257,2024-04-15,2025-06-18,,2026-07-29T18:19:29
23541294,2024-04-15,2026-08-24,,2026-08-24T17:09:43
23542323,2024-04-15,2024-04-15,,2026-07-29T18:19:29
23542719,2024-04-15,2024-09-23,,2026-07-29T18:19:30
23545991,2024-04-15,2025-02-04,,2026-07-29T18:19:30
23546152,2024-04-15,2024-07-26,,2026-07-29T18:19:31
23550795,2024-04-15,2026-02-18,,2026-07-29T18:19:31
23552702,2024-04-15,2025-07-08,,2026-07-29T18:19:32
23559512,2024-04-15,2024-05-08,,2026-07-29T18:19:32
23560716,2024-04-15,2025-09-18,,2026-07-29T18:19:33
23561426,2024-04-15,2026-02-05,,2026-07-29T18:19:33
23562036,2024-04-15,2024-08-22,,2026-07-29T18:19:33
23562857,2024-04-15,2026-08-22,,2026-08-24T05:02:31
23563715,2024-04-15,2026-03-31,,2026-07-29T18:19:34
23565260,2024-04-15,2026-04-28,,2026-07-29T18:19:34
23566972,2024-04-16,2026-08-17,,2026-08-19T07:04:24
23567247,2024-04-16,2026-05-27,,2026-07-29T18:19:35
23567544,2024-04-16,2026-07-14,,2026-07-29T18:19:35
23567996,2024-04-16,2026-07-08,,2026-07-29T18:19:35
23574548,2024-04-16,2024-04-16,,2026-07-29T18:19:36
23578115,2024-04-16,2026-01-21,,2026-07-29T18:19:36
23587784,2024-04-16,2026-03-10,,2026-07-29T18:19:36
23588139,2024-04-16,2024-06-21,,2026-07-29T18:19:36
23590102,2024-04-16,2024-04-16,,2026-07-29T18:19:36
23591063,2024-04-16,2025-06-08,,2026-07-29T18:19:36
23591457,2024-04-16,2026-08-24,,2026-08-24T12:33:18
23594684,2024-04-17,2025-08-19,,2026-07-29T18:19:37
23596996,2024-04-17,2024-07-02,,2026-07-29T18:19:37
23599590,2024-04-17,2025-05-15,,2026-07-29T18:19:37
23606765,2024-04-17,2025-06-06,,2026-07-29T18:19:37
23609664,2024-04-17,2024-09-25,,2026-07-29T18:19:38
23613995,2024-04-17,2024-05-11,,2026-07-29T18:19:38
23618381,2024-04-17,2024-05-25,,2026-07-29T18:19:38
23618520,2024-04-17,2025-07-26,,2026-07-29T18:19:38
23618661,2024-04-17,2025-08-31,,2026-07-29T18:19:38
23618877,2024-04-17,2024-08-20,,2026-07-29T18:19:40
23621067,2024-04-18,2024-04-18,,2026-07-29T18:19:40
23622407,2024-04-18,2026-05-24,,2026-07-29T18:19:41
23624035,2024-04-18,2025-03-11,,2026-07-29T18:19:43
23624829,2024-04-18,2025-04-24,,2026-07-29T18:19:43
23633821,2024-04-18,2024-09-05,,2026-07-29T18:19:43
23636871,2024-04-18,2026-08-08,,2026-08-10T04:11:16
23639240,2024-04-18,2025-12-22,,2026-07-29T18:19:43
23643408,2024-04-18,2024-09-02,,2026-07-29T18:19:43
23644566,2024-04-18,2026-08-07,,2026-08-08T07:14:27
23644682,2024-04-18,2026-08-03,,2026-08-05T05:06:55
23659594,2024-04-19,2024-08-27,,2026-07-29T18:19:47
23666236,2024-04-19,2025-06-06,,2026-07-29T18:19:47
23667492,2024-04-19,2026-03-17,,2026-07-29T18:19:47
23668344,2024-04-19,2025-11-18,,2026-07-29T18:19:47
23670836,2024-04-20,2025-03-20,,2026-07-29T18:19:47
23671178,2024-04-20,2024-05-16,,2026-07-29T18:19:47
23677106,2024-04-20,2025-12-02,,2026-07-29T18:19:47
23678819,2024-04-20,2026-05-19,,2026-07-29T18:19:47
23679989,2024-04-20,2024-05-21,,2026-07-29T18:19:47
23680368,2024-04-20,2024-05-04,,2026-07-29T18:19:47
23680502,2024-04-20,2025-04-22,,2026-07-29T18:19:47
23681349,2024-04-20,2024-05-10,,2026-07-29T18:19:47
23682525,2024-04-20,2024-08-26,,2026-07-29T18:19:47
23683655,2024-04-20,2024-10-20,,2026-07-29T18:19:47
23683975,2024-04-20,2024-10-14,,2026-07-29T18:19:47
23684404,2024-04-20,2025-04-01,,2026-07-29T18:19:47
23685523,2024-04-20,2026-01-10,,2026-07-29T18:19:47
23685764,2024-04-20,2024-09-03,,2026-07-29T18:19:53
23687012,2024-04-20,2024-07-30,,2026-07-29T18:19:53
23687893,2024-04-21,2025-06-01,,2026-07-29T18:19:53
23688074,2024-04-21,2026-04-23,,2026-07-29T18:19:53
23688150,2024-04-21,2026-08-19,,2026-08-21T07:08:53
23688304,2024-04-21,2024-04-23,,2026-07-29T18:19:53
23688386,2024-04-21,2026-06-10,,2026-07-29T18:19:53
23688468,2024-04-21,2026-01-10,,2026-07-30T16:24:47
23688540,2024-04-21,2024-07-08,,2026-07-29T18:19:53
23688575,2024-04-21,2025-01-18,,2026-07-29T18:19:53
23688866,2024-04-21,2024-05-10,,2026-07-29T18:19:53
23689060,2024-04-21,2024-08-17,,2026-07-29T18:19:53
23689093,2024-04-21,2024-07-25,,2026-07-29T18:19:53
23689219,2024-04-21,2025-05-19,,2026-07-29T18:19:53
23690169,2024-04-21,2024-05-28,,2026-07-29T18:19:53
23691233,2024-04-21,2024-04-22,,2026-07-29T18:19:53
23691845,2024-04-21,2024-04-21,,2026-07-29T18:19:53
23695096,2024-04-21,2025-12-29,,2026-07-29T18:19:53
23700762,2024-04-21,2024-05-08,,2026-07-29T18:19:53
23705473,2024-04-22,2025-02-14,,2026-07-29T18:19:53
23709360,2024-04-22,2024-05-25,,2026-07-29T18:19:53
23714274,2024-04-22,2025-04-22,,2026-07-29T18:19:53
23717888,2024-04-22,2024-04-25,,2026-07-29T18:20:00
23720560,2024-04-22,2024-05-27,,2026-07-29T18:20:00
23727331,2024-04-22,2026-04-01,,2026-07-29T18:20:00
23729688,2024-04-22,2024-09-29,,2026-07-29T18:20:00
23732538,2024-04-23,2025-02-24,,2026-07-29T18:20:00
23734378,2024-04-23,2026-03-12,,2026-07-29T18:20:00
23749662,2024-04-23,2024-05-28,,2026-07-29T18:20:00
23750248,2024-04-23,2024-07-22,,2026-07-29T18:20:00
23751227,2024-04-23,2024-05-25,,2026-07-29T18:20:00
23752462,2024-04-23,2026-06-18,,2026-07-29T18:20:00
23757916,2024-04-23,2024-05-08,,2026-07-29T18:20:00
23758741,2024-04-24,2024-05-23,,2026-07-29T18:20:00
23759077,2024-04-24,2025-01-12,,2026-07-29T18:20:00
23760558,2024-04-24,2024-05-24,,2026-07-29T18:20:00
23760852,2024-04-24,2025-06-20,,2026-07-29T18:20:00
23764154,2024-04-24,2026-07-19,,2026-07-29T18:20:00
23771577,2024-04-24,2024-08-22,,2026-07-29T18:20:00
23774781,2024-04-24,2025-04-23,,2026-07-29T18:20:00
23777441,2024-04-24,2024-09-13,,2026-07-29T18:20:05
23777657,2024-04-24,2024-05-29,,2026-07-29T18:20:05
23777887,2024-04-24,2026-01-07,,2026-07-29T18:20:05
23778415,2024-04-24,2025-03-08,,2026-07-29T18:20:05
23778485,2024-04-24,2024-11-03,,2026-07-29T18:20:05
23780852,2024-04-24,2024-07-18,,2026-07-29T18:20:05
23782839,2024-04-24,2024-06-18,,2026-07-29T18:20:05
23784520,2024-04-25,2026-02-12,,2026-07-29T18:20:05
23785085,2024-04-25,2024-08-27,,2026-07-29T18:20:05
23786741,2024-04-25,2024-04-25,,2026-07-29T18:20:05
23798820,2024-04-25,2025-10-08,,2026-07-29T18:20:05
23800459,2024-04-25,2026-04-28,,2026-07-29T18:20:05
23801843,2024-04-25,2024-06-08,,2026-07-29T18:20:05
23802563,2024-04-25,2024-07-24,,2026-07-29T18:20:05
23804643,2024-04-25,2024-05-30,,2026-07-29T18:20:05
23806417,2024-04-25,2025-07-26,,2026-07-29T18:20:05
23806582,2024-04-25,2025-09-19,,2026-07-29T18:20:05
23807109,2024-04-25,2025-04-25,,2026-07-29T18:20:05
23807322,2024-04-25,2024-04-26,,2026-07-29T18:20:05
23808002,2024-04-25,2024-07-12,,2026-07-29T18:20:08
23808421,2024-04-25,2025-04-25,,2026-07-29T18:20:08
23809017,2024-04-25,2025-03-13,,2026-07-29T18:20:08
23809539,2024-04-25,2024-05-08,,2026-07-29T18:20:08
23810760,2024-04-25,2024-06-20,,2026-07-29T18:20:08
23811883,2024-04-26,2024-05-15,,2026-07-29T18:20:08
23812580,2024-04-26,2024-07-19,,2026-07-29T18:20:08
23815615,2024-04-26,2026-08-05,,2026-08-07T07:10:32
23815718,2024-04-26,2024-09-24,,2026-07-29T18:20:08
23816473,2024-04-26,2025-03-10,,2026-07-29T18:20:08
23816910,2024-04-26,2026-04-30,,2026-07-29T18:20:10
23820199,2024-04-26,2026-08-07,,2026-08-09T04:20:37
23825428,2024-04-26,2024-05-01,,2026-07-29T18:20:10
23826533,2024-04-26,2024-12-25,,2026-07-29T18:20:10
23828382,2024-04-26,2024-05-03,,2026-07-29T18:20:10
23829218,2024-04-26,2024-11-29,,2026-07-29T18:20:10
23829616,2024-04-26,2026-08-23,,2026-08-25T05:01:55
23830311,2024-04-26,2025-01-27,,2026-07-29T18:20:12
23831178,2024-04-26,2026-05-25,,2026-07-29T18:20:12
23831688,2024-04-26,2026-07-16,,2026-08-10T10:02:56
23832328,2024-04-26,2024-05-01,,2026-08-04T00:37:07
23833927,2024-04-26,2024-05-23,,2026-07-29T18:20:13
23834624,2024-04-27,2024-04-30,,2026-07-29T18:20:14
23834651,2024-04-27,2026-04-16,,2026-07-29T18:20:15
23835736,2024-04-27,2024-05-14,,2026-07-29T18:20:14
23835881,2024-04-27,2025-11-16,,2026-07-29T18:20:14
23835898,2024-04-27,2025-12-19,,2026-07-29T18:20:15
23836432,2024-04-27,2025-07-01,,2026-07-29T18:20:15
23836694,2024-04-27,2026-05-02,,2026-07-29T18:20:15
23836950,2024-04-27,2024-07-12,,2026-07-29T18:20:16
23841980,2024-04-27,2024-05-07,,2026-07-29T18:20:16
23843743,2024-04-27,2025-07-12,,2026-07-29T18:20:16
23844186,2024-04-27,2026-06-06,,2026-07-29T18:20:17
23844328,2024-04-27,2024-06-18,,2026-07-29T18:20:17
23845211,2024-04-27,2024-07-31,,2026-07-29T18:20:18
23846181,2024-04-27,2026-03-13,,2026-07-29T18:20:19
23847841,2024-04-27,2025-05-16,,2026-07-29T18:20:19
23849474,2024-04-27,2024-11-04,,2026-07-29T18:20:19
23850596,2024-04-27,2026-01-05,,2026-07-29T18:20:19
23851233,2024-04-27,2024-04-29,,2026-07-29T18:20:19
23851423,2024-04-28,2025-06-07,,2026-07-29T18:20:19
23853989,2024-04-28,2024-05-12,,2026-07-29T18:20:19
23857410,2024-04-28,2024-05-18,,2026-07-29T18:20:19
23859930,2024-04-28,2026-08-13,,2026-08-15T05:05:18
23861598,2024-04-28,2024-04-28,,2026-07-29T18:20:20
23863077,2024-04-28,2026-08-08,,2026-08-10T04:14:15
23863860,2024-04-28,2024-04-29,,2026-07-29T18:20:21
23864452,2024-04-28,2026-08-23,,2026-08-25T05:02:15
23864745,2024-04-28,2025-01-29,,2026-07-29T18:20:22
23865427,2024-04-29,2024-06-15,,2026-07-29T18:20:22
23866419,2024-04-29,2024-04-30,,2026-07-29T18:20:23
23870945,2024-04-29,2025-06-03,,2026-07-29T18:20:23
23875772,2024-04-29,2025-06-25,,2026-07-29T18:20:23
23884372,2024-04-29,2026-07-07,,2026-07-29T18:20:23
23886552,2024-04-29,2026-06-29,,2026-07-29T18:20:23
23888375,2024-04-29,2024-05-06,,2026-07-29T18:20:23
23890370,2024-04-30,2024-05-08,,2026-07-29T18:20:23
23891111,2024-04-30,2024-04-30,,2026-07-29T18:20:23
23892185,2024-04-30,2025-01-13,,2026-07-29T18:20:23
23892302,2024-04-30,2025-02-05,,2026-07-29T18:20:24
23893445,2024-04-30,2024-04-30,,2026-07-29T18:20:24
23907836,2024-04-30,2024-04-30,,2026-07-29T18:20:24
23908339,2024-04-30,2026-07-27,,2026-07-29T18:20:24
23910590,2024-04-30,2026-03-24,,2026-07-29T18:20:25
23912237,2024-04-30,2024-06-09,,2026-07-29T18:20:25
23915137,2024-04-30,2026-07-12,,2026-07-29T18:20:25
23915310,2024-04-30,2025-06-20,,2026-07-29T18:20:25
23915376,2024-04-30,2024-04-30,,2026-07-29T18:20:25
23916571,2024-05-01,2026-08-24,,2026-08-24T10:23:35
23916997,2024-05-01,2024-05-20,,2026-07-29T18:20:26
23917150,2024-05-01,2024-05-09,,2026-07-29T18:20:26
23917226,2024-05-01,2025-05-16,,2026-07-29T18:20:27
23917307,2024-05-01,2024-09-03,,2026-07-29T18:20:27
23917641,2024-05-01,2024-05-21,,2026-07-29T18:20:27
23917823,2024-05-01,2025-09-29,,2026-07-29T18:20:28
23918266,2024-05-01,2024-07-05,,2026-07-29T18:20:28
23919626,2024-05-01,2025-07-30,,2026-07-29T18:20:28
23924343,2024-05-01,2025-10-23,,2026-07-29T18:20:29
23924884,2024-05-01,2026-05-01,,2026-07-29T18:20:29
23925527,2024-05-01,2025-03-11,,2026-07-29T18:20:29
23926938,2024-05-01,2024-05-27,,2026-07-29T18:20:29
23928244,2024-05-01,2024-06-15,,2026-07-29T18:20:29
23933859,2024-05-01,2026-06-22,,2026-07-29T18:20:29
23934938,2024-05-01,2024-07-10,,2026-07-29T18:20:30
23936120,2024-05-01,2024-05-01,,2026-07-29T18:20:30
23936636,2024-05-01,2025-09-01,,2026-07-29T18:20:30
23937877,2024-05-01,2026-08-21,,2026-08-22T04:23:12
23938250,2024-05-01,2025-10-17,,2026-07-29T18:20:31
23939495,2024-05-01,2024-09-28,,2026-07-29T18:20:31
23939751,2024-05-02,2025-01-26,,2026-07-29T18:20:31
23941645,2024-05-02,2024-05-03,,2026-07-29T18:20:31
23941695,2024-05-02,2025-09-26,,2026-07-29T18:20:31
23952411,2024-05-02,2024-05-25,,2026-07-29T18:20:32
23952616,2024-05-02,2024-08-27,,2026-07-29T18:20:32
23954673,2024-05-02,2025-01-25,,2026-07-29T18:20:33
23954749,2024-05-02,2024-06-14,,2026-07-29T18:20:34
23957048,2024-05-02,2024-09-06,,2026-07-29T18:20:34
23957459,2024-05-02,2024-11-25,,2026-07-29T18:20:34
23959216,2024-05-02,2026-08-14,,2026-08-15T04:23:20
23960688,2024-05-02,2024-05-03,,2026-07-29T18:20:34
23962694,2024-05-02,2024-05-06,,2026-07-29T18:20:34
23965795,2024-05-03,2024-09-06,,2026-07-29T18:20:34
23967435,2024-05-03,2025-11-07,,2026-07-29T18:20:34
23967656,2024-05-03,2024-11-29,,2026-07-29T18:20:34
23980286,2024-05-03,2024-05-14,,2026-07-29T18:20:35
23982164,2024-05-03,2024-06-12,,2026-07-29T18:20:35
23982213,2024-05-03,2026-06-01,,2026-07-29T18:20:36
23982800,2024-05-03,2026-05-06,,2026-07-29T18:20:36
23982964,2024-05-03,2024-06-07,,2026-07-29T18:20:36
23984017,2024-05-03,2024-05-03,,2026-07-29T18:20:36
23984982,2024-05-03,2026-01-13,,2026-07-29T18:20:36
23986701,2024-05-03,2025-04-06,,2026-07-29T18:20:36
23988449,2024-05-04,2025-04-30,,2026-07-29T18:20:36
23988833,2024-05-04,2024-05-13,,2026-07-29T18:20:37
23988970,2024-05-04,2024-07-16,,2026-07-29T18:20:37
23992824,2024-05-04,2025-11-28,,2026-07-29T18:20:38
23993274,2024-05-04,2024-05-08,,2026-07-29T18:20:37
23995834,2024-05-04,2025-07-12,,2026-07-29T18:20:37
23997432,2024-05-04,2024-05-22,,2026-07-29T18:20:37
23998573,2024-05-04,2026-08-01,,2026-08-03T04:08:21
24000066,2024-05-04,2024-11-06,,2026-07-29T18:20:39
24000073,2024-05-04,2024-05-04,,2026-07-29T18:20:39
24001250,2024-05-04,2024-05-04,,2026-07-29T18:20:38
24001392,2024-05-04,2024-10-06,,2026-07-29T18:20:38
24001498,2024-05-04,2024-06-14,,2026-07-29T18:20:39
24001881,2024-05-04,2025-03-03,,2026-07-29T18:20:39
24002675,2024-05-04,2024-07-28,,2026-07-29T18:20:39
24003644,2024-05-04,2026-05-19,,2026-07-29T18:20:40
24003778,2024-05-04,2026-07-25,,2026-07-29T18:20:40
24004250,2024-05-05,2024-05-23,,2026-07-29T18:20:40
24004268,2024-05-05,2025-02-14,,2026-07-29T18:20:40
24004459,2024-05-05,2024-05-05,,2026-07-29T18:20:40
24004562,2024-05-05,2026-08-20,,2026-08-22T05:09:50
24004860,2024-05-05,2024-05-08,,2026-07-29T18:20:41
24004920,2024-05-05,2026-08-12,,2026-08-14T07:13:33
24005184,2024-05-05,2024-06-30,,2026-07-29T18:20:41
24005758,2024-05-05,2024-07-19,,2026-07-29T18:20:42
24011497,2024-05-05,2024-05-10,,2026-07-29T18:20:42
24014475,2024-05-05,2026-08-19,,2026-08-21T04:12:01
24015529,2024-05-05,2025-05-12,,2026-07-29T18:20:44
24017131,2024-05-06,2024-10-29,,2026-07-29T18:20:45
24027307,2024-05-06,2024-05-06,,2026-07-29T18:20:45
24035957,2024-05-06,2024-06-02,,2026-07-29T18:20:45
24036244,2024-05-06,2024-07-25,,2026-07-29T18:20:47
24038128,2024-05-06,2024-07-22,,2026-07-29T18:20:47
24038405,2024-05-06,2024-05-15,,2026-07-29T18:20:48
24039670,2024-05-06,2024-06-08,,2026-07-29T18:20:51
24040388,2024-05-06,2025-05-12,,2026-07-29T18:20:51
24040439,2024-05-06,2024-05-06,,2026-07-29T18:20:52
24041571,2024-05-07,2024-12-19,,2026-07-29T18:20:52
24041826,2024-05-07,2026-08-19,,2026-08-21T04:19:11
24049230,2024-05-07,2024-12-04,,2026-07-29T18:20:57
24058265,2024-05-07,2025-02-12,,2026-07-29T18:20:58
24062105,2024-05-07,2024-06-15,,2026-07-29T18:20:59
24062300,2024-05-07,2026-07-16,,2026-07-29T18:21:00
24062913,2024-05-07,2024-06-06,,2026-07-29T18:21:00
24064462,2024-05-07,2024-07-08,,2026-07-29T18:21:00
24065080,2024-05-07,2024-05-09,,2026-07-29T18:21:01
24065082,2024-05-07,2024-05-16,,2026-07-29T18:21:01
24067005,2024-05-08,2024-10-27,,2026-07-29T18:21:02
24068176,2024-05-08,2026-05-13,,2026-07-29T18:21:02
24068214,2024-05-08,2024-07-10,,2026-07-29T18:21:05
24069191,2024-05-08,2024-09-16,,2026-07-29T18:21:05
24090208,2024-05-08,2024-07-09,,2026-07-29T18:21:06
24094141,2024-05-09,2024-05-09,,2026-07-29T18:21:06
24108374,2024-05-09,2024-07-04,,2026-07-29T18:21:07
24108605,2024-05-09,2025-06-24,,2026-07-29T18:21:09
24108867,2024-05-09,2026-06-26,,2026-07-29T18:21:10
24109944,2024-05-09,2024-05-10,,2026-07-29T18:21:09
24112106,2024-05-09,2026-08-06,,2026-08-08T07:09:11
24115015,2024-05-09,2025-03-16,,2026-07-29T18:21:24
24116896,2024-05-09,2026-08-21,,2026-08-23T05:07:20
24118428,2024-05-10,2024-05-27,,2026-07-29T18:21:24
24119670,2024-05-10,2024-06-10,,2026-07-29T18:21:25
24120337,2024-05-10,2026-08-22,,2026-08-24T06:01:51
24121935,2024-05-10,2025-01-29,,2026-07-29T18:21:25
24129097,2024-05-10,2025-05-06,,2026-07-29T18:21:25
24131565,2024-05-10,2024-05-31,,2026-07-29T18:21:26
24132844,2024-05-10,2024-05-16,,2026-07-29T18:21:26
24132902,2024-05-10,2024-08-02,,2026-07-29T18:21:26
24133819,2024-05-10,2025-05-27,,2026-07-29T18:21:26
24134003,2024-05-10,2024-06-03,,2026-07-29T18:21:27
24138328,2024-05-10,2025-11-17,,2026-07-29T18:21:27
24138423,2024-05-10,2024-07-06,,2026-07-29T18:21:28
24139575,2024-05-11,2024-07-25,,2026-07-29T18:21:28
24139610,2024-05-11,2024-05-17,,2026-07-29T18:21:28
24139748,2024-05-11,2025-09-05,,2026-07-29T18:21:29
24140018,2024-05-11,2024-12-30,,2026-07-29T18:21:29
24141295,2024-05-11,2026-06-01,,2026-07-29T18:21:30
24147660,2024-05-11,2024-05-14,,2026-07-29T18:21:29
24149335,2024-05-11,2025-09-24,,2026-07-29T18:21:30
24150899,2024-05-11,2025-01-17,,2026-07-29T18:21:30
24151344,2024-05-11,2025-05-21,,2026-07-29T18:21:30
24152716,2024-05-11,2024-05-14,,2026-07-29T18:21:31
24153477,2024-05-11,2024-09-04,,2026-07-29T18:21:31
24153601,2024-05-11,2024-08-19,,2026-07-29T18:21:31
24153905,2024-05-11,2025-06-30,,2026-07-29T18:21:31
24154467,2024-05-11,2026-04-20,,2026-07-29T18:21:32
24154481,2024-05-11,2024-05-16,,2026-07-29T18:21:32
24154704,2024-05-12,2024-05-29,,2026-07-29T18:21:32
24162145,2024-05-12,2024-05-17,,2026-07-29T18:21:32
24162746,2024-05-12,2024-07-30,,2026-07-29T18:21:33
24163042,2024-05-12,2024-05-30,,2026-07-29T18:21:33
24164329,2024-05-12,2024-09-15,,2026-07-29T18:21:33
24166385,2024-05-12,2024-06-25,,2026-07-29T18:21:33
24167121,2024-05-12,2025-03-03,,2026-07-31T23:21:12
24167421,2024-05-13,2024-06-24,,2026-07-29T18:21:34
24168325,2024-05-13,2024-05-13,,2026-07-29T18:21:34
24169113,2024-05-13,2024-07-17,,2026-07-29T18:21:34
24173747,2024-05-13,2024-07-10,,2026-07-29T18:21:34
24175734,2024-05-13,2024-07-12,,2026-07-29T18:21:34
24179497,2024-05-13,2024-05-26,,2026-07-29T18:21:35
24179841,2024-05-13,2024-11-26,,2026-07-29T18:21:35
24181104,2024-05-13,2026-07-10,,2026-07-29T18:21:35
24188863,2024-05-13,2024-05-16,,2026-07-29T18:21:36
24193856,2024-05-13,2024-05-17,,2026-07-29T18:21:36
24193922,2024-05-13,2024-05-21,,2026-07-29T18:21:36
24194007,2024-05-13,2024-08-25,,2026-07-29T18:21:37
24194067,2024-05-13,2024-05-24,,2026-07-29T18:21:37
24194622,2024-05-13,2026-08-06,,2026-08-08T07:13:20
24195363,2024-05-14,2024-09-19,,2026-07-29T18:21:37
24195971,2024-05-14,2024-09-27,,2026-07-29T18:21:38
24196851,2024-05-14,2024-05-17,,2026-07-29T18:21:38
24198441,2024-05-14,2024-09-17,,2026-08-16T10:04:34
24210883,2024-05-14,2025-10-20,,2026-07-29T18:21:39
24211648,2024-05-14,2025-09-15,,2026-07-29T18:21:40
24212175,2024-05-14,2024-05-14,,2026-07-29T18:21:40
24212208,2024-05-14,2024-08-09,,2026-07-29T18:21:41
24212262,2024-05-14,2024-06-01,,2026-07-29T18:21:41
24212992,2024-05-14,2025-03-13,,2026-07-29T18:21:41
24214288,2024-05-14,2025-05-14,,2026-07-29T18:21:42
24216223,2024-05-14,2025-02-07,,2026-07-29T18:21:42
24217245,2024-05-14,2026-02-11,,2026-07-29T18:21:42
24217599,2024-05-14,2024-06-27,,2026-07-29T18:21:42
24218171,2024-05-14,2024-05-14,,2026-07-29T18:21:42
24218882,2024-05-14,2024-06-14,,2026-07-29T18:21:43
24218971,2024-05-14,2024-05-14,,2026-07-29T18:21:43
24219203,2024-05-14,2024-12-08,,2026-07-29T18:21:44
24219656,2024-05-14,2026-05-29,,2026-07-29T18:21:44
24219939,2024-05-14,2024-05-30,,2026-07-29T18:21:44
24220022,2024-05-14,2024-07-01,,2026-07-29T18:21:44
24220229,2024-05-14,2024-09-14,,2026-08-20T00:22:40
24220297,2024-05-14,2026-08-05,,2026-08-07T04:12:38
24220737,2024-05-14,2026-08-03,,2026-08-04T07:10:13
24222204,2024-05-15,2026-08-09,,2026-08-11T05:05:10
24222339,2024-05-15,2024-09-27,,2026-07-29T18:21:45
24222632,2024-05-15,2026-08-09,,2026-08-11T04:12:26
24222755,2024-05-15,2024-09-01,,2026-07-29T18:21:46
24223611,2024-05-15,2026-08-01,,2026-08-03T05:04:41
24223872,2024-05-15,2025-12-23,,2026-07-29T18:21:46
24224562,2024-05-15,2025-05-23,,2026-07-29T18:21:46
24225653,2024-05-15,2025-11-30,,2026-07-29T18:21:47
24228970,2024-05-15,2024-07-05,,2026-07-29T18:21:47
24236757,2024-05-15,2024-05-15,,2026-07-29T18:21:47
24243868,2024-05-15,2024-07-22,,2026-07-29T18:21:47
24244550,2024-05-15,2024-11-24,,2026-07-29T18:21:47
24244854,2024-05-15,2026-02-21,,2026-07-29T18:21:47
24245131,2024-05-15,2025-07-21,,2026-07-29T18:21:48
24245365,2024-05-15,2026-01-02,,2026-07-29T18:21:48
24246277,2024-05-15,2024-08-17,,2026-07-29T18:21:48
24246754,2024-05-15,2026-03-25,,2026-07-29T18:21:48
24247774,2024-05-15,2025-12-31,,2026-07-29T18:21:48
24248111,2024-05-15,2024-08-27,,2026-07-29T18:21:49
24249472,2024-05-16,2025-02-21,,2026-07-29T18:21:49
24249721,2024-05-16,2024-05-16,,2026-07-29T18:21:49
24250072,2024-05-16,2025-03-22,,2026-07-29T18:21:51
24250303,2024-05-16,2024-10-15,,2026-07-29T18:21:50
24250615,2024-05-16,2024-05-16,,2026-07-29T18:21:50
24250760,2024-05-16,2024-05-17,,2026-07-29T18:21:51
24250793,2024-05-16,2024-06-16,,2026-07-29T18:21:51
24251274,2024-05-16,2026-04-01,,2026-07-29T18:21:51
24251462,2024-05-16,2024-12-20,,2026-07-29T18:21:52
24251966,2024-05-16,2024-05-30,,2026-07-29T18:21:52
24252886,2024-05-16,2025-12-08,,2026-07-29T18:21:52
24253560,2024-05-16,2026-08-20,,2026-08-22T05:10:57
24257220,2024-05-16,2026-02-21,,2026-07-29T18:21:52
24261074,2024-05-16,2024-09-27,,2026-07-29T18:21:53
24263413,2024-05-16,2024-05-26,,2026-07-29T18:21:53
24264006,2024-05-16,2026-04-02,,2026-07-29T18:21:53
24267650,2024-05-16,2024-10-01,,2026-07-29T18:21:53
24269085,2024-05-16,2024-07-12,,2026-07-29T18:21:53
24270592,2024-05-16,2025-05-28,,2026-07-29T18:21:53
24270601,2024-05-16,2024-06-21,,2026-07-29T18:21:54
24270832,2024-05-16,2024-11-13,,2026-07-29T18:21:54
24273822,2024-05-16,2026-08-21,,2026-08-23T07:11:13
24274052,2024-05-16,2024-07-12,,2026-07-29T18:21:54
24274979,2024-05-17,2025-08-29,,2026-07-29T18:21:55
24275370,2024-05-17,2024-07-09,,2026-07-29T18:21:55
24289059,2024-05-17,2026-04-13,,2026-07-29T18:21:55
24290127,2024-05-17,2025-07-16,,2026-07-29T18:21:55
24292027,2024-05-17,2026-05-12,,2026-07-29T18:21:55
24294365,2024-05-17,2024-07-17,,2026-07-29T18:21:56
24295321,2024-05-17,2024-08-17,,2026-07-29T18:21:56
24295904,2024-05-17,2024-07-24,,2026-07-29T18:21:56
24298496,2024-05-17,2026-02-21,,2026-07-29T18:21:56
24298941,2024-05-17,2024-07-14,,2026-07-29T18:21:56
24310183,2024-05-18,2024-07-06,,2026-07-29T18:21:57
24312594,2024-05-18,2024-06-30,,2026-07-29T18:21:57
24314414,2024-05-18,2026-02-12,,2026-07-29T18:21:57
24315026,2024-05-18,2024-10-22,,2026-07-29T18:21:58
24316339,2024-05-19,2024-06-18,,2026-07-29T18:21:58
24320663,2024-05-19,2026-08-24,,2026-08-24T14:02:12
24321590,2024-05-19,2025-06-14,,2026-07-29T18:21:58
24322566,2024-05-19,2024-05-23,,2026-07-29T18:21:59
24324952,2024-05-19,2024-09-07,,2026-07-29T18:21:59
24325257,2024-05-19,2024-05-27,,2026-07-29T18:21:59
24325864,2024-05-19,2025-05-06,,2026-07-29T18:22:00
24329257,2024-05-20,2024-11-23,,2026-07-29T18:22:00
24332832,2024-05-20,2024-05-23,,2026-07-29T18:22:00
24342237,2024-05-20,2024-06-02,,2026-07-29T18:22:00
24343197,2024-05-20,2024-07-28,,2026-07-29T18:22:01
24343812,2024-05-20,2024-06-23,,2026-07-29T18:22:01
24346567,2024-05-20,2025-06-17,,2026-07-29T18:22:02
24349785,2024-05-20,2026-04-30,,2026-07-29T18:22:01
24350879,2024-05-20,2024-06-19,,2026-07-29T18:22:01
24350997,2024-05-20,2025-07-29,,2026-07-29T18:22:02
24353217,2024-05-20,2024-09-24,,2026-07-29T18:22:02
24353236,2024-05-20,2026-05-14,,2026-07-29T18:22:02
24353970,2024-05-21,2025-10-11,,2026-07-29T18:22:02
24354808,2024-05-21,2026-08-14,,2026-08-16T05:11:41
24354929,2024-05-21,2026-06-07,,2026-07-29T18:22:03
24360321,2024-05-21,2025-11-26,,2026-07-29T18:22:03
24361785,2024-05-21,2024-05-27,,2026-07-29T18:22:03
24366442,2024-05-21,2024-05-21,,2026-07-29T18:22:03
24366716,2024-05-21,2026-01-24,,2026-07-29T18:22:04
24371705,2024-05-21,2024-06-20,,2026-07-29T18:22:04
24374652,2024-05-21,2025-05-21,,2026-07-29T18:22:04
24375009,2024-05-21,2026-01-05,,2026-07-29T18:22:04
24375077,2024-05-21,2025-06-15,,2026-07-29T18:22:05
24377127,2024-05-21,2024-08-21,,2026-07-29T18:22:05
24378288,2024-05-21,2024-06-28,,2026-07-29T18:22:05
24379472,2024-05-22,2026-01-20,,2026-07-29T18:22:06
24379547,2024-05-22,2024-09-18,,2026-07-29T18:22:06
24383552,2024-05-22,2026-02-24,,2026-07-29T18:22:07
24384526,2024-05-22,2026-06-26,,2026-07-29T18:22:07
24384528,2024-05-22,2025-08-30,,2026-07-29T18:22:07
24396034,2024-05-22,2025-09-01,,2026-08-22T01:10:54
24397098,2024-05-22,2024-11-29,,2026-07-29T18:22:07
24397157,2024-05-22,2024-05-22,,2026-07-29T18:22:08
24397394,2024-05-22,2024-05-29,,2026-07-29T18:22:08
24399176,2024-05-22,2026-03-10,,2026-07-29T18:22:09
24402296,2024-05-22,2024-05-23,,2026-07-29T18:22:08
24402573,2024-05-22,2026-08-23,,2026-08-25T04:02:27
24402768,2024-05-22,2026-02-20,,2026-07-29T18:22:09
24404130,2024-05-22,2026-08-24,,2026-08-24T00:01:28
24404676,2024-05-22,2024-06-15,,2026-07-29T18:22:10
24404776,2024-05-22,2024-10-05,,2026-07-29T18:22:10
24404780,2024-05-22,2025-06-27,,2026-07-29T18:22:11
24405315,2024-05-22,2024-07-08,,2026-07-29T18:22:12
24405419,2024-05-22,2024-10-01,,2026-07-29T18:22:13
24405490,2024-05-22,2026-05-23,,2026-07-29T18:22:13
24405911,2024-05-22,2025-04-19,,2026-07-29T18:22:13
24406971,2024-05-23,2025-11-30,,2026-07-29T18:22:13
24408308,2024-05-23,2024-06-22,,2026-07-29T18:22:14
24417288,2024-05-23,2026-03-25,,2026-07-29T18:22:14
24422772,2024-05-23,2024-05-24,,2026-07-29T18:22:14
24423075,2024-05-23,2024-08-17,,2026-07-29T18:22:14
24424513,2024-05-23,2026-07-18,,2026-07-29T18:22:15
24425342,2024-05-23,2024-08-02,,2026-07-29T18:22:15
24425812,2024-05-23,2026-07-30,,2026-08-01T04:20:30
24430767,2024-05-23,2024-07-25,,2026-07-29T18:22:15
24434246,2024-05-24,2025-02-14,,2026-07-29T18:22:15
24434653,2024-05-24,2024-05-31,,2026-07-29T18:22:16
24437993,2024-05-24,2024-05-27,,2026-07-29T18:22:16
24444250,2024-05-24,2024-06-27,,2026-07-29T18:22:17
24452437,2024-05-24,2024-06-09,,2026-07-29T18:22:16
24453133,2024-05-24,2024-08-03,,2026-07-29T18:22:17
24453614,2024-05-24,2024-05-28,,2026-07-29T18:22:17
24454365,2024-05-24,2024-05-30,,2026-07-29T18:22:17
24455137,2024-05-24,2024-09-05,,2026-07-29T18:22:18
24455347,2024-05-24,2025-12-02,,2026-07-29T18:22:18
24455438,2024-05-24,2026-07-08,,2026-07-29T18:22:19
24455933,2024-05-24,2024-08-01,,2026-07-29T18:22:18
24456736,2024-05-24,2024-08-22,,2026-07-29T18:22:19
24456913,2024-05-24,2024-06-29,,2026-07-29T18:22:19
24458033,2024-05-25,2024-08-03,,2026-07-29T18:22:20
24458459,2024-05-25,2024-05-31,,2026-07-29T18:22:23
24467488,2024-05-25,2026-08-14,,2026-08-16T05:10:13
24467645,2024-05-25,2026-05-31,,2026-07-29T18:22:24
24467696,2024-05-25,2026-06-30,,2026-07-29T18:22:24
24468508,2024-05-25,2025-06-16,,2026-07-29T18:22:25
24469406,2024-05-25,2026-02-19,,2026-07-29T18:22:25
24471356,2024-05-25,2025-10-02,,2026-07-29T18:22:26
24471426,2024-05-25,2026-05-12,,2026-07-29T18:22:26
24472231,2024-05-25,2026-07-23,,2026-07-29T18:22:27
24472234,2024-05-25,2024-06-27,,2026-07-29T18:22:27
24472869,2024-05-25,2024-08-28,,2026-07-29T18:22:27
24473959,2024-05-26,2024-07-20,,2026-07-29T18:22:27
24475108,2024-05-26,2025-08-06,,2026-07-29T18:22:27
24475416,2024-05-26,2026-08-21,,2026-08-23T04:22:47
24478997,2024-05-26,2024-12-12,,2026-07-29T18:22:28
24484679,2024-05-26,2026-06-08,,2026-07-29T18:22:28
24485082,2024-05-26,2024-05-27,,2026-07-29T18:22:28
24485657,2024-05-26,2024-06-01,,2026-07-29T18:22:28
24485778,2024-05-26,2026-08-21,,2026-08-23T04:09:37
24485804,2024-05-26,2024-09-30,,2026-07-29T18:22:29
24486160,2024-05-26,2026-08-03,,2026-08-05T07:05:41
24488269,2024-05-27,2024-06-17,,2026-07-29T18:22:29
24490585,2024-05-27,2024-07-21,,2026-07-29T18:22:30
24492649,2024-05-27,2024-08-28,,2026-07-29T18:22:30
24505592,2024-05-27,2026-08-13,,2026-08-14T05:11:57
24505732,2024-05-27,2024-06-14,,2026-07-29T18:22:30
24505840,2024-05-27,2024-05-27,,2026-07-29T18:22:30
24506141,2024-05-27,2024-09-22,,2026-07-29T18:22:31
24507265,2024-05-27,2024-08-08,,2026-07-29T18:22:31
24508655,2024-05-27,2025-09-27,,2026-07-29T18:22:31
24508706,2024-05-27,2026-08-15,,2026-08-17T04:11:59
24511206,2024-05-28,2026-02-02,,2026-07-29T18:22:32
24513505,2024-05-28,2025-03-30,,2026-07-29T18:22:32
24519649,2024-05-28,2024-10-23,,2026-07-29T18:22:32
24526381,2024-05-28,2024-05-28,,2026-07-29T18:22:32
24530828,2024-05-28,2024-07-21,,2026-07-29T18:22:32
24533908,2024-05-28,2026-06-15,,2026-07-29T18:22:33
24535686,2024-05-28,2025-02-19,,2026-07-29T18:22:33
24536584,2024-05-28,2024-06-12,,2026-07-29T18:22:33
24537438,2024-05-28,2024-05-31,,2026-07-29T18:22:33
24537517,2024-05-28,2025-05-11,,2026-07-29T18:22:34
24538796,2024-05-29,2024-08-29,,2026-07-29T18:22:34
24540093,2024-05-29,2024-08-04,,2026-07-29T18:22:34
24541936,2024-05-29,2024-06-10,,2026-07-29T18:22:34
24541937,2024-05-29,2024-10-26,,2026-07-29T18:22:35
24543044,2024-05-29,2024-05-30,,2026-07-29T18:22:35
24545646,2024-05-29,2025-09-08,,2026-07-29T18:22:35
24554693,2024-05-29,2024-05-30,,2026-07-29T18:22:35
24556229,2024-05-29,2025-03-03,,2026-07-29T18:22:35
24556689,2024-05-29,2024-08-29,,2026-07-29T18:22:36
24557121,2024-05-29,2024-12-13,,2026-07-29T18:22:36
24557886,2024-05-29,2026-03-17,,2026-07-29T18:22:36
24559271,2024-05-29,2024-06-01,,2026-07-29T18:22:36
24560375,2024-05-29,2024-08-27,,2026-07-29T18:22:37
24562008,2024-05-29,2024-07-20,,2026-07-29T18:22:37
24562345,2024-05-29,2024-10-22,,2026-07-29T18:22:37
24566769,2024-05-30,2024-06-09,,2026-07-29T18:22:37
24567175,2024-05-30,2026-07-06,,2026-07-29T18:22:40
24567570,2024-05-30,2026-07-23,,2026-07-29T18:22:40
24567743,2024-05-30,2024-09-26,,2026-07-29T18:22:42
24568001,2024-05-30,2025-10-16,,2026-07-29T18:22:43
24572473,2024-05-30,2024-07-06,,2026-08-16T10:14:10
24586450,2024-05-30,2024-07-26,,2026-07-29T18:22:43
24588834,2024-05-30,2024-08-26,,2026-07-29T18:22:44
24589626,2024-05-30,2026-07-25,,2026-07-29T18:22:44
24590167,2024-05-30,2024-08-21,,2026-07-29T18:22:45
24590239,2024-05-30,2024-08-16,,2026-07-29T18:22:45
24590342,2024-05-30,2026-02-10,,2026-07-29T18:22:45
24593138,2024-05-30,2024-06-01,,2026-07-29T18:22:45
24593984,2024-05-30,2026-03-05,,2026-07-29T18:22:46
24594752,2024-05-31,2025-02-16,,2026-07-29T18:22:46
24595341,2024-05-31,2025-03-17,,2026-07-29T18:22:46
24595532,2024-05-31,2025-10-05,,2026-07-29T18:22:46
24596168,2024-05-31,2024-07-05,,2026-07-29T18:22:47
24596191,2024-05-31,2026-03-20,,2026-07-29T18:22:47
24604310,2024-05-31,2025-02-08,,2026-07-29T18:22:47
24606230,2024-05-31,2026-08-04,,2026-08-06T06:02:55
24608760,2024-05-31,2026-06-13,,2026-07-29T18:22:48
24611879,2024-05-31,2025-03-19,,2026-07-29T18:22:48
24613309,2024-05-31,2024-06-18,,2026-07-29T18:22:48
24615268,2024-05-31,2026-06-02,,2026-07-29T18:22:49
24615600,2024-05-31,2024-10-09,,2026-07-29T18:22:49
24617731,2024-05-31,2025-05-06,,2026-07-29T18:22:49
24618600,2024-06-01,2026-08-23,,2026-08-24T07:09:59
24627543,2024-06-01,2025-10-01,,2026-07-29T18:22:50
24630427,2024-06-01,2026-01-05,,2026-07-29T18:22:50
24630798,2024-06-01,2026-03-17,,2026-07-29T18:22:50
24630920,2024-06-01,2025-04-24,,2026-07-29T18:22:50
24633472,2024-06-01,2024-06-08,,2026-07-29T18:22:51
24635248,2024-06-01,2024-07-15,,2026-07-29T18:22:51
24635481,2024-06-01,2024-10-21,,2026-07-29T18:22:51
24635522,2024-06-01,2024-07-01,,2026-07-29T18:22:51
24638789,2024-06-02,2026-08-18,,2026-08-20T05:08:31
24641279,2024-06-02,2024-06-05,,2026-07-29T18:22:52
24643287,2024-06-02,2026-06-19,,2026-07-29T18:22:52
24644734,2024-06-02,2024-10-04,,2026-07-29T18:22:52
24644928,2024-06-02,2025-06-15,,2026-07-29T18:22:52
24645028,2024-06-02,2024-06-02,,2026-07-29T18:22:53
24645369,2024-06-02,2024-08-21,,2026-07-29T18:22:53
24648178,2024-06-02,2024-06-30,,2026-07-29T18:22:54
24648953,2024-06-02,2025-03-18,,2026-07-29T18:22:54
24649024,2024-06-02,2026-08-02,,2026-08-04T04:15:12
24650038,2024-06-02,2026-07-08,,2026-07-29T18:22:54
24650336,2024-06-02,2025-07-18,,2026-07-29T18:22:54
24651620,2024-06-03,2025-10-14,,2026-07-29T18:22:55
24651652,2024-06-03,2025-04-20,,2026-07-29T18:22:55
24654098,2024-06-03,2025-07-05,,2026-08-20T08:01:28
24661085,2024-06-03,2025-04-14,,2026-07-29T18:22:55
24666369,2024-06-03,2026-03-02,,2026-07-29T18:22:55
24666915,2024-06-03,2024-12-29,,2026-07-29T18:22:56
24667492,2024-06-03,2024-08-02,,2026-07-29T18:22:56
24668505,2024-06-03,2024-06-10,,2026-07-29T18:22:56
24668978,2024-06-03,2025-03-10,,2026-07-29T18:22:56
24669143,2024-06-03,2024-11-11,,2026-07-29T18:22:57
24669954,2024-06-03,2026-08-20,,2026-08-21T05:12:34
24675576,2024-06-03,2026-08-24,,2026-08-24T12:42:46
24675631,2024-06-03,2025-11-09,,2026-07-29T18:22:57
24675752,2024-06-03,2025-12-05,,2026-07-29T18:22:57
24675917,2024-06-03,2025-05-21,,2026-07-29T18:22:58
24676159,2024-06-03,2024-12-27,,2026-07-29T18:22:58
24676261,2024-06-03,2024-12-04,,2026-08-16T10:04:06
24676586,2024-06-03,2024-07-19,,2026-07-29T18:22:59
24677135,2024-06-03,2026-03-24,,2026-07-29T18:22:59
24677172,2024-06-03,2026-08-09,,2026-08-11T07:09:57
24677688,2024-06-03,2024-08-16,,2026-07-29T18:23:00
24678561,2024-06-03,2026-08-25,,2026-08-25T01:44:20
24679262,2024-06-03,2026-02-16,,2026-07-29T18:23:01
24679391,2024-06-03,2025-01-15,,2026-07-29T18:23:01
24679766,2024-06-04,2025-02-15,,2026-07-29T18:23:01
24679867,2024-06-04,2024-06-05,,2026-07-29T18:23:01
24681010,2024-06-04,2026-08-23,,2026-08-25T05:01:14
24690364,2024-06-04,2026-08-14,,2026-08-16T04:14:16
24691661,2024-06-04,2024-12-31,,2026-07-29T18:23:02
24697187,2024-06-04,2024-09-29,,2026-07-29T18:23:02
24697984,2024-06-04,2025-12-02,,2026-07-29T18:23:03
24698298,2024-06-04,2024-08-07,,2026-07-29T18:23:03
24698542,2024-06-04,2025-08-21,,2026-07-29T18:23:04
24698667,2024-06-04,2026-05-19,,2026-07-29T18:23:04
24698818,2024-06-04,2024-08-20,,2026-07-29T18:23:04
24699645,2024-06-04,2026-08-02,,2026-08-03T07:13:19
24699778,2024-06-04,2024-06-04,,2026-07-29T18:23:04
24699882,2024-06-04,2024-06-07,,2026-07-29T18:23:05
24700316,2024-06-04,2026-03-14,,2026-07-29T18:23:05
24701162,2024-06-04,2024-09-24,,2026-07-29T18:23:05
24702406,2024-06-04,2026-07-03,,2026-07-29T18:23:06
24703585,2024-06-04,2026-06-29,,2026-07-29T18:23:06
24703674,2024-06-04,2024-06-04,,2026-07-29T18:23:06
24703935,2024-06-04,2025-08-07,,2026-07-29T18:23:07
24704067,2024-06-04,2025-07-25,,2026-07-29T18:23:07
24704113,2024-06-04,2024-07-20,,2026-07-29T18:23:08
24704912,2024-06-04,2024-06-29,,2026-07-29T18:23:07
24706210,2024-06-04,2024-12-21,,2026-07-29T18:23:07
24706611,2024-06-04,2024-08-21,,2026-07-29T18:23:08
24707753,2024-06-04,2024-10-03,,2026-07-29T18:23:08
24708246,2024-06-05,2024-08-13,,2026-07-29T18:23:08
24708805,2024-06-05,2024-08-28,,2026-07-29T18:23:09
24709506,2024-06-05,2025-07-22,,2026-07-29T18:23:09
24709547,2024-06-05,2024-08-01,,2026-07-29T18:23:09
24709984,2024-06-05,2024-12-12,,2026-07-29T18:23:10
24710077,2024-06-05,2024-08-30,,2026-07-29T18:23:12
24710493,2024-06-05,2024-06-05,,2026-07-29T18:23:12
24710545,2024-06-05,2024-06-16,,2026-07-29T18:23:13
24711489,2024-06-05,2024-10-28,,2026-07-29T18:23:13
24713655,2024-06-05,2025-04-08,,2026-07-29T18:23:13
24714835,2024-06-05,2025-02-21,,2026-07-29T18:23:14
24725847,2024-06-05,2025-04-21,,2026-07-29T18:23:14
24730568,2024-06-05,2024-12-31,,2026-07-29T18:23:14
24732504,2024-06-05,2026-08-25,,2026-08-25T01:59:58
24736096,2024-06-05,2024-07-04,,2026-07-29T18:23:16
24736103,2024-06-05,2024-06-21,,2026-07-29T18:23:16
24736983,2024-06-06,2024-07-15,,2026-07-29T18:23:16
24738160,2024-06-06,2025-01-28,,2026-07-29T18:23:17
24745656,2024-06-06,2024-08-04,,2026-07-29T18:23:17
24757457,2024-06-06,2026-05-01,,2026-07-29T18:23:17
24757776,2024-06-06,2024-12-04,,2026-07-29T18:23:17
24760656,2024-06-06,2024-10-05,,2026-07-29T18:23:18
24764530,2024-06-06,2025-03-24,,2026-07-29T18:23:18
24766719,2024-06-07,2026-01-31,,2026-07-29T18:23:18
24767091,2024-06-07,2024-09-27,,2026-07-29T18:23:19
24768776,2024-06-07,2025-03-13,,2026-07-29T18:23:19
24769531,2024-06-07,2025-07-22,,2026-07-29T18:23:19
24780102,2024-06-07,2024-06-09,,2026-07-29T18:23:19
24780986,2024-06-07,2024-08-15,,2026-07-29T18:23:20
24781505,2024-06-07,2026-08-15,,2026-08-17T07:08:55
24781802,2024-06-07,2025-01-20,,2026-07-29T18:23:20
24781861,2024-06-07,2026-08-23,,2026-08-23T22:50:08
24782209,2024-06-07,2024-11-29,,2026-07-29T18:23:21
24785296,2024-06-07,2026-06-23,,2026-07-29T18:23:24
24785742,2024-06-07,2024-07-06,,2026-07-29T18:23:25
24788214,2024-06-07,2025-05-14,,2026-07-29T18:23:25
24788667,2024-06-07,2024-06-25,,2026-07-29T18:23:25
24789231,2024-06-07,2024-08-20,,2026-07-29T18:23:25
24790993,2024-06-08,2024-07-15,,2026-07-29T18:23:25
24792188,2024-06-08,2026-08-22,,2026-08-23T05:06:00
24792744,2024-06-08,2026-08-19,,2026-08-21T04:21:22
24795539,2024-06-08,2026-08-25,,2026-08-25T02:28:46
24801448,2024-06-08,2025-09-14,,2026-07-29T18:23:26
24802569,2024-06-08,2026-05-26,,2026-07-29T18:23:26
24803000,2024-06-08,2024-09-05,,2026-07-29T18:23:27
24806548,2024-06-08,2025-03-07,,2026-07-29T18:23:27
24806592,2024-06-08,2024-11-23,,2026-07-29T18:23:27
24806868,2024-06-09,2025-11-12,,2026-07-29T18:23:27
24806872,2024-06-09,2026-06-15,,2026-07-29T18:23:27
24806985,2024-06-09,2024-06-09,,2026-07-29T18:23:28
24807786,2024-06-09,2025-03-11,,2026-07-29T18:23:28
24808705,2024-06-09,2024-06-09,,2026-07-29T18:23:28
24812864,2024-06-09,2024-07-31,,2026-07-29T18:23:28
24813642,2024-06-09,2025-12-28,,2026-07-29T18:23:28
24814533,2024-06-09,2026-04-13,,2026-07-29T18:23:29
24816934,2024-06-09,2024-10-03,,2026-07-29T18:23:29
24817257,2024-06-09,2024-12-10,,2026-07-29T18:23:29
24819110,2024-06-09,2026-06-10,,2026-07-29T18:23:29
24819962,2024-06-09,2024-06-12,,2026-07-29T18:23:29
24820794,2024-06-10,2024-07-09,,2026-07-29T18:23:29
24822001,2024-06-10,2024-11-06,,2026-07-29T18:23:30
24823450,2024-06-10,2025-09-27,,2026-07-29T18:23:30
24824667,2024-06-10,2026-08-25,,2026-08-25T01:52:59
24826162,2024-06-10,2024-07-11,,2026-07-29T18:23:30
24827374,2024-06-10,2025-07-17,,2026-07-29T18:23:30
24837821,2024-06-10,2025-11-28,,2026-07-29T18:23:31
24841368,2024-06-10,2024-09-10,,2026-07-29T18:23:31
24842825,2024-06-10,2024-08-14,,2026-07-29T18:23:31
24842840,2024-06-10,2026-06-28,,2026-07-29T18:23:31
24843205,2024-06-10,2024-07-03,,2026-07-29T18:23:31
24844324,2024-06-10,2025-09-20,,2026-07-29T18:23:32
24846008,2024-06-10,2025-11-13,,2026-07-29T18:23:32
24847273,2024-06-11,2024-11-03,,2026-07-29T18:23:32
24849399,2024-06-11,2026-08-04,,2026-08-06T07:13:01
24850075,2024-06-11,2024-08-06,,2026-07-29T18:23:33
24850205,2024-06-11,2026-08-19,,2026-08-21T04:07:12
24850301,2024-06-11,2025-02-05,,2026-07-29T18:23:34
24851884,2024-06-11,2026-07-11,,2026-07-29T18:23:34
24864454,2024-06-11,2024-06-14,,2026-07-29T18:23:34
24866938,2024-06-11,2025-05-02,,2026-07-29T18:23:34
24870679,2024-06-11,2026-06-11,,2026-07-29T18:23:34
24872534,2024-06-11,2025-07-05,,2026-07-29T18:23:34
24873589,2024-06-11,2025-03-04,,2026-07-29T18:23:34
24874739,2024-06-11,2024-07-07,,2026-07-29T18:23:35
24875067,2024-06-12,2024-09-14,,2026-07-29T18:23:35
24876449,2024-06-12,2025-06-11,,2026-07-29T18:23:35
24877749,2024-06-12,2026-01-15,,2026-07-29T18:23:36
24887687,2024-06-12,2024-08-10,,2026-07-29T18:23:36
24891700,2024-06-12,2025-04-07,,2026-07-29T18:23:36
24894704,2024-06-12,2024-08-01,,2026-07-29T18:23:36
24897208,2024-06-12,2024-11-24,,2026-07-29T18:23:36
24898557,2024-06-12,2024-08-06,,2026-07-29T18:23:36
24898602,2024-06-12,2024-10-22,,2026-07-29T18:23:37
24898614,2024-06-12,2024-06-20,,2026-07-29T18:23:37
24903967,2024-06-13,2025-12-09,,2026-07-29T18:23:37
24904078,2024-06-13,2026-03-04,,2026-07-29T18:23:37
24916828,2024-06-13,2024-06-13,,2026-07-29T18:23:38
24922293,2024-06-13,2025-02-25,,2026-07-29T18:23:38
24925055,2024-06-13,2024-08-26,,2026-07-29T18:23:38
24925808,2024-06-13,2025-06-06,,2026-07-29T18:23:39
24927419,2024-06-13,2026-01-14,,2026-07-29T18:23:39
24928678,2024-06-13,2025-08-25,,2026-07-29T18:23:39
24929390,2024-06-13,2024-07-23,,2026-07-29T18:23:40
24929666,2024-06-13,2024-06-30,,2026-07-29T18:23:40
24929702,2024-06-13,2024-07-09,,2026-07-29T18:23:40
24930088,2024-06-14,2024-07-30,,2026-07-29T18:23:40
24931012,2024-06-14,2024-07-02,,2026-07-29T18:23:40
24943553,2024-06-14,2026-01-05,,2026-07-29T18:23:41
24946413,2024-06-14,2024-06-14,,2026-07-29T18:23:41
24950600,2024-06-14,2025-02-06,,2026-07-29T18:23:41
24951750,2024-06-14,2025-08-13,,2026-07-29T18:23:41
24953411,2024-06-14,2026-03-19,,2026-07-29T18:23:42
24953517,2024-06-14,2024-06-18,,2026-07-29T18:23:42
24955235,2024-06-15,2026-01-15,,2026-07-29T18:23:42
24955251,2024-06-15,2024-07-18,,2026-07-29T18:23:42
24955432,2024-06-15,2025-09-17,,2026-07-29T18:23:42
24956105,2024-06-15,2025-09-26,,2026-07-29T18:23:43
24956222,2024-06-15,2024-07-04,,2026-07-29T18:23:43
24956311,2024-06-15,2026-04-15,,2026-07-29T18:23:43
24966373,2024-06-15,2025-04-16,,2026-07-29T18:23:43
24967707,2024-06-15,2024-08-26,,2026-07-29T18:23:43
24970352,2024-06-15,2024-06-15,,2026-07-29T18:23:43
24970996,2024-06-15,2024-07-17,,2026-07-29T18:23:44
24971549,2024-06-15,2026-03-15,,2026-07-29T18:23:44
24971560,2024-06-15,2026-07-13,,2026-07-29T18:23:44
24971985,2024-06-15,2024-07-08,,2026-07-29T18:23:44
24972243,2024-06-16,2025-07-09,,2026-07-29T18:23:45
24973535,2024-06-16,2024-12-06,,2026-07-29T18:23:45
24978190,2024-06-16,2025-02-17,,2026-07-29T18:23:45
24979793,2024-06-16,2024-06-16,,2026-07-29T18:23:45
24979794,2024-06-16,2024-07-24,,2026-07-29T18:23:45
24980334,2024-06-16,2026-03-21,,2026-07-29T18:23:46
24981024,2024-06-16,2025-07-08,,2026-07-29T18:23:46
24981995,2024-06-16,2024-06-18,,2026-07-29T18:23:46
24982438,2024-06-16,2024-09-02,,2026-07-29T18:23:46
24982696,2024-06-16,2026-05-26,,2026-07-29T18:23:46
24983314,2024-06-16,2025-02-06,,2026-07-29T18:23:47
24983930,2024-06-17,2025-09-19,,2026-07-29T18:23:47
24990807,2024-06-17,2024-06-18,,2026-07-29T18:23:47
24992650,2024-06-17,2024-09-24,,2026-07-29T18:23:47
24995751,2024-06-17,2024-07-20,,2026-07-29T18:23:48
24996497,2024-06-17,2024-08-17,,2026-07-29T18:23:48
24997941,2024-06-17,2025-03-05,,2026-07-29T18:23:48
24998430,2024-06-17,2024-08-04,,2026-07-29T18:23:48
24998885,2024-06-17,2024-06-17,,2026-07-29T18:23:49
25000118,2024-06-17,2026-06-27,,2026-08-16T10:08:15
25001252,2024-06-17,2025-11-20,,2026-07-29T18:23:49
25002604,2024-06-18,2026-04-29,,2026-07-29T18:23:49
25003331,2024-06-18,2026-04-03,,2026-07-29T18:23:49
25017658,2024-06-18,2024-09-22,,2026-07-29T18:23:50
25017745,2024-06-18,2024-10-20,,2026-07-29T18:23:50
25017759,2024-06-18,2026-07-09,,2026-07-29T18:23:50
25017791,2024-06-18,2026-07-18,,2026-07-29T18:23:50
25018629,2024-06-18,2024-06-18,,2026-07-29T18:23:50
25021426,2024-06-18,2026-08-11,,2026-08-13T04:17:51
25021610,2024-06-18,2025-05-12,,2026-07-29T18:23:51
25022811,2024-06-18,2024-07-10,,2026-07-29T18:23:51
25022844,2024-06-18,2024-12-20,,2026-07-29T18:23:51
25023563,2024-06-18,2026-05-13,,2026-07-29T18:23:51
25023928,2024-06-19,2024-07-13,,2026-07-29T18:23:52
26037425,2024-06-19,2025-03-17,,2026-07-29T18:23:52
26037455,2024-06-19,2025-11-29,,2026-07-29T18:23:52
26037975,2024-06-19,2025-06-03,,2026-07-29T18:23:52
26039940,2024-06-19,2025-04-14,,2026-07-29T18:23:52
26042498,2024-06-19,2025-08-05,,2026-07-29T18:23:53
26043471,2024-06-19,2025-02-18,,2026-07-29T18:23:53
26043715,2024-06-20,2025-07-15,,2026-07-29T18:23:53
26044293,2024-06-20,2024-06-20,,2026-07-29T18:23:54
26044462,2024-06-20,2024-06-25,,2026-07-29T18:23:55
26044538,2024-06-20,2026-08-18,,2026-08-21T06:01:25
26045394,2024-06-20,2026-06-26,,2026-07-29T18:23:55
26058426,2024-06-20,2026-03-25,,2026-07-29T18:23:55
26059222,2024-06-20,2024-07-27,,2026-07-29T18:23:55
26060246,2024-06-20,2024-06-20,,2026-07-29T18:23:55
26063269,2024-06-20,2024-08-09,,2026-07-29T18:23:56
26063703,2024-06-20,2024-09-03,,2026-07-29T18:23:56
26065913,2024-06-20,2026-08-24,,2026-08-24T23:52:39
26065953,2024-06-20,2025-05-19,,2026-07-29T18:23:57
26067033,2024-06-20,2025-10-06,,2026-07-29T18:23:57
26067314,2024-06-20,2025-10-20,,2026-07-29T18:23:58
26067637,2024-06-20,2025-10-30,,2026-07-29T18:23:58
26067878,2024-06-21,2025-08-02,,2026-07-29T18:23:58
26068600,2024-06-21,2026-08-24,,2026-08-24T04:06:24
26068972,2024-06-21,2026-08-24,,2026-08-24T18:13:57
26069478,2024-06-21,2024-09-06,,2026-07-29T18:23:58
26069674,2024-06-21,2025-11-09,,2026-07-29T18:23:59
26069927,2024-06-21,2024-07-16,,2026-07-29T18:23:59
26073431,2024-06-21,2024-10-30,,2026-07-29T18:23:59
26075659,2024-06-21,2024-06-21,,2026-07-29T18:24:00
26081906,2024-06-21,2024-07-16,,2026-07-29T18:24:00
26082727,2024-06-21,2026-07-01,,2026-07-29T18:24:00
26083061,2024-06-21,2025-10-30,,2026-07-29T18:24:28
26083944,2024-06-21,2024-07-20,,2026-07-29T18:24:28
26084132,2024-06-21,2024-08-24,,2026-07-29T18:24:28
26085568,2024-06-21,2024-08-16,,2026-07-29T18:24:28
26085961,2024-06-21,2025-04-16,,2026-07-29T18:24:28
26086571,2024-06-21,2026-07-07,,2026-07-29T18:24:29
26086768,2024-06-21,2025-10-11,,2026-07-29T18:24:29
26086981,2024-06-21,2024-08-11,,2026-07-29T18:24:28
26087231,2024-06-21,2026-01-26,,2026-07-29T18:24:29
26087489,2024-06-21,2026-01-06,,2026-07-29T18:24:29
26087849,2024-06-21,2026-05-12,,2026-07-29T18:24:29
26088277,2024-06-21,2026-08-19,,2026-08-21T07:12:57
26088696,2024-06-21,2025-01-03,,2026-07-29T18:24:31
26089631,2024-06-21,2024-07-03,,2026-07-29T18:24:30
26089735,2024-06-21,2025-01-09,,2026-07-29T18:24:31
26089745,2024-06-21,2024-11-02,,2026-07-29T18:24:32
26090270,2024-06-21,2024-06-21,,2026-07-29T18:24:32
26090594,2024-06-22,2026-08-12,,2026-08-14T05:04:54
26090596,2024-06-22,2025-02-11,,2026-08-04T19:29:52
26090693,2024-06-22,2024-06-25,,2026-07-29T18:24:32
26090792,2024-06-22,2024-10-13,,2026-07-29T18:24:33
26090855,2024-06-22,2025-02-23,,2026-07-29T18:24:34
26091144,2024-06-22,2025-02-22,,2026-07-29T18:24:35
26091326,2024-06-22,2024-08-28,,2026-07-29T18:24:35
26091717,2024-06-22,2026-04-10,,2026-07-29T18:24:35
26091967,2024-06-22,2025-02-19,,2026-07-29T18:24:37
26092131,2024-06-22,2026-08-21,,2026-08-22T05:11:49
26092279,2024-06-22,2024-06-22,,2026-07-29T18:24:38
26093784,2024-06-22,2025-01-04,,2026-07-29T18:24:38
26094334,2024-06-22,2024-08-05,,2026-07-29T18:24:38
26096067,2024-06-22,2024-06-22,,2026-07-29T18:24:39
26099869,2024-06-22,2024-06-22,,2026-07-29T18:24:40
26102650,2024-06-22,2026-02-17,,2026-07-29T18:24:41
26102769,2024-06-22,2024-07-11,,2026-07-29T18:24:40
26103442,2024-06-22,2024-06-22,,2026-07-29T18:24:41
26103478,2024-06-22,2025-06-27,,2026-07-29T18:24:42
26104114,2024-06-22,2026-05-07,,2026-07-29T18:24:41
26104142,2024-06-22,2024-06-23,,2026-07-29T18:24:42
26104719,2024-06-22,2024-12-28,,2026-07-29T18:24:46
26105477,2024-06-22,2024-09-15,,2026-07-29T18:24:43
26105611,2024-06-22,2024-09-15,,2026-07-29T18:24:43
26105698,2024-06-22,2024-06-30,,2026-07-29T18:24:44
26105762,2024-06-22,2024-11-15,,2026-07-29T18:24:47
26105916,2024-06-22,2024-10-17,,2026-07-29T18:24:44
26105927,2024-06-22,2026-05-16,,2026-07-29T18:24:45
26106794,2024-06-22,2026-04-28,,2026-07-29T18:24:45
26107852,2024-06-22,2025-01-20,,2026-07-29T18:24:48
26109521,2024-06-23,2025-06-24,,2026-07-29T18:24:46
26109833,2024-06-23,2026-08-14,,2026-08-16T07:16:22
26110022,2024-06-23,2026-08-03,,2026-08-05T05:04:27
26110313,2024-06-23,2024-06-28,,2026-07-29T18:24:47
26111324,2024-06-23,2025-05-12,,2026-07-29T18:24:48
26112454,2024-06-23,2024-08-05,,2026-07-29T18:24:49
26116145,2024-06-23,2026-01-23,,2026-07-29T18:24:48
26116965,2024-06-23,2024-12-27,,2026-07-29T18:24:49
26118284,2024-06-23,2026-04-17,,2026-07-29T18:24:50
26118319,2024-06-23,2024-06-23,,2026-07-29T18:24:50
26118647,2024-06-23,2026-04-02,,2026-07-29T18:24:50
26118805,2024-06-23,2024-06-27,,2026-07-29T18:24:50
26118986,2024-06-23,2024-06-24,,2026-07-29T18:24:50
26119226,2024-06-23,2024-06-26,,2026-07-29T18:24:50
26120544,2024-06-23,2024-07-15,,2026-07-29T18:24:50
26120889,2024-06-23,2026-07-01,,2026-07-29T18:24:51
26121018,2024-06-23,2024-07-02,,2026-07-29T18:24:51
26121590,2024-06-23,2024-09-19,,2026-07-29T18:24:52
26121601,2024-06-23,2026-07-16,,2026-07-29T18:24:52
26122257,2024-06-23,2024-12-24,,2026-07-29T18:24:53
26122721,2024-06-23,2025-01-10,,2026-07-29T18:24:53
26123102,2024-06-23,2026-08-04,,2026-08-06T05:04:36
26123397,2024-06-23,2026-08-16,,2026-08-18T04:07:01
26123420,2024-06-23,2026-04-21,,2026-07-29T18:24:53
26123667,2024-06-23,2025-08-28,,2026-07-29T18:24:53
26124078,2024-06-24,2024-10-05,,2026-07-29T18:24:53
26124149,2024-06-24,2025-10-08,,2026-07-29T18:24:53
26125128,2024-06-24,2026-08-20,,2026-08-22T04:15:45
26125356,2024-06-24,2024-06-28,,2026-07-29T18:24:53
26125820,2024-06-24,2024-07-06,,2026-07-29T18:24:54
26127060,2024-06-24,2024-10-05,,2026-07-29T18:24:54
26138901,2024-06-24,2024-07-09,,2026-07-29T18:24:54
26140881,2024-06-24,2024-06-25,,2026-07-29T18:24:54
26141335,2024-06-24,2026-08-22,,2026-08-24T05:03:47
26142605,2024-06-24,2024-07-27,,2026-07-29T18:24:55
26142611,2024-06-24,2024-12-05,,2026-07-29T18:24:55
26142730,2024-06-24,2024-07-09,,2026-07-29T18:24:55
26144013,2024-06-24,2025-04-10,,2026-07-29T18:24:55
26144060,2024-06-24,2024-12-20,,2026-07-29T18:24:55
26144564,2024-06-24,2025-03-29,,2026-07-29T18:24:56
26144816,2024-06-24,2024-12-21,,2026-07-29T18:24:56
26144995,2024-06-24,2024-12-17,,2026-07-29T18:24:56
26145198,2024-06-24,2024-10-02,,2026-07-29T18:24:56
26145374,2024-06-24,2024-07-24,,2026-07-29T18:24:57
26146936,2024-06-24,2024-06-24,,2026-07-29T18:24:57
26147641,2024-06-24,2024-09-26,,2026-08-20T20:27:45
26149080,2024-06-24,2025-02-28,,2026-07-29T18:24:57
26149349,2024-06-24,2024-06-26,,2026-07-29T18:24:58
26149409,2024-06-24,2025-11-05,,2026-07-29T18:24:58
26149583,2024-06-24,2024-08-28,,2026-07-29T18:24:59
26150799,2024-06-24,2025-05-25,,2026-07-29T18:24:59
26150815,2024-06-24,2026-06-14,,2026-07-29T18:25:02
26150933,2024-06-24,2024-06-25,,2026-07-29T18:25:00
26151446,2024-06-25,2024-07-12,,2026-07-29T18:25:00
26151565,2024-06-25,2024-08-17,,2026-07-29T18:25:00
26151731,2024-06-25,2025-08-18,,2026-07-29T18:25:02
26151817,2024-06-25,2024-07-25,,2026-07-29T18:25:02
26152095,2024-06-25,2026-08-15,,2026-08-17T04:10:17
26152406,2024-06-25,2024-07-12,,2026-07-29T18:25:04
26152417,2024-06-25,2026-03-27,,2026-07-29T18:25:06
26152445,2024-06-25,2024-06-26,,2026-07-29T18:25:06
26152568,2024-06-25,2026-07-15,,2026-07-29T18:25:07
26152601,2024-06-25,2026-08-09,,2026-08-11T04:13:25
26153433,2024-06-25,2025-06-22,,2026-07-29T18:25:08
26153755,2024-06-25,2025-07-25,,2026-07-29T18:25:09
26153820,2024-06-25,2025-01-13,,2026-07-29T18:25:09
26154896,2024-06-25,2025-08-13,,2026-07-29T18:25:09
26155208,2024-06-25,2024-09-13,,2026-07-29T18:25:10
26155353,2024-06-25,2024-09-22,,2026-07-29T18:25:10
26156164,2024-06-25,2024-10-03,,2026-07-29T18:25:11
26162900,2024-06-25,2025-08-06,,2026-07-29T18:25:11
26163257,2024-06-25,2026-08-15,,2026-08-17T04:07:46
26164196,2024-06-25,2024-06-25,,2026-07-29T18:25:11
26167440,2024-06-25,2024-07-24,,2026-07-29T18:25:11
26167842,2024-06-25,2025-07-08,,2026-07-29T18:25:11
26170692,2024-06-25,2024-07-15,,2026-07-29T18:25:12
26170759,2024-06-25,2024-06-25,,2026-07-29T18:25:13
26171500,2024-06-25,2025-09-12,,2026-07-29T18:25:12
26171536,2024-06-25,2024-07-10,,2026-07-29T18:25:12
26171629,2024-06-25,2025-04-16,,2026-07-29T18:25:13
26171943,2024-06-25,2024-11-06,,2026-07-29T18:25:13
26171976,2024-06-25,2026-08-22,,2026-08-24T04:14:41
26172298,2024-06-25,2024-07-09,,2026-07-29T18:25:13
26172509,2024-06-25,2025-01-01,,2026-07-29T18:25:14
26173873,2024-06-25,2024-08-13,,2026-07-29T18:25:14
26174496,2024-06-25,2024-06-26,,2026-07-29T18:25:14
26175375,2024-06-25,2024-07-25,,2026-07-29T18:25:16
26176595,2024-06-25,2024-11-29,,2026-07-29T18:25:15
26177250,2024-06-25,2025-11-05,,2026-07-29T18:25:15
26179317,2024-06-25,2024-11-15,,2026-07-29T18:25:15
26180589,2024-06-25,2025-07-30,,2026-07-29T18:25:15
26181703,2024-06-25,2024-10-03,,2026-07-29T18:25:16
26182185,2024-06-25,2024-08-24,,2026-07-29T18:25:16
26183505,2024-06-25,2026-08-23,,2026-08-24T04:16:29
26183958,2024-06-25,2024-07-31,,2026-07-29T18:25:16
26184158,2024-06-25,2025-03-28,,2026-07-29T18:25:17
26184268,2024-06-25,2024-08-24,,2026-07-29T18:25:17
26184400,2024-06-25,2025-02-08,,2026-07-29T18:25:17
26184573,2024-06-25,2025-04-26,,2026-07-29T18:25:19
26184833,2024-06-25,2025-09-14,,2026-07-29T18:25:18
26185233,2024-06-25,2024-06-25,,2026-07-29T18:25:18
26185458,2024-06-25,2024-06-26,,2026-07-29T18:25:18
26185647,2024-06-25,2024-07-25,,2026-07-29T18:25:18
26185945,2024-06-25,2025-09-09,,2026-07-29T18:25:19
26186137,2024-06-25,2026-06-17,,2026-07-29T18:25:19
26186156,2024-06-25,2024-08-26,,2026-07-29T18:25:19
26186348,2024-06-26,2024-08-15,,2026-07-29T18:25:19
26186639,2024-06-26,2026-08-23,,2026-08-25T04:09:03
26186838,2024-06-26,2025-05-21,,2026-07-29T18:25:21
26186990,2024-06-26,2024-06-26,,2026-07-29T18:25:21
26187009,2024-06-26,2025-02-07,,2026-07-29T18:25:20
26187026,2024-06-26,2024-07-07,,2026-07-29T18:25:21
26187051,2024-06-26,2026-08-17,,2026-08-18T04:14:26
26187080,2024-06-26,2024-08-07,,2026-07-29T18:25:22
26187257,2024-06-26,2024-07-16,,2026-07-29T18:25:21
26187350,2024-06-26,2026-03-23,,2026-07-29T18:25:22
26187389,2024-06-26,2024-06-26,,2026-07-29T18:25:22
26187683,2024-06-26,2025-04-04,,2026-07-29T18:25:22
26187811,2024-06-26,2025-08-21,,2026-07-29T18:25:22
26187878,2024-06-26,2024-08-14,,2026-07-29T18:25:23
26187942,2024-06-26,2026-06-26,,2026-07-29T18:25:23
26188282,2024-06-26,2024-06-27,,2026-07-29T18:25:23
26188526,2024-06-26,2024-09-29,,2026-07-29T18:25:23
26188763,2024-06-26,2026-03-01,,2026-07-29T18:25:24
26188885,2024-06-26,2025-01-06,,2026-07-29T18:25:24
26188917,2024-06-26,2024-06-28,,2026-07-29T18:25:24
26188989,2024-06-26,2024-08-22,,2026-07-29T18:25:24
26189315,2024-06-26,2024-06-26,,2026-07-29T18:25:24
26189392,2024-06-26,2024-07-03,,2026-07-29T18:25:25
26190019,2024-06-26,2026-08-25,,2026-08-25T01:54:12
26190404,2024-06-26,2024-07-01,,2026-07-29T18:25:27
26190405,2024-06-26,2025-08-12,,2026-07-29T18:25:29
26190993,2024-06-26,2025-09-22,,2026-07-29T18:25:28
26191532,2024-06-26,2025-02-27,,2026-07-29T18:25:28
26191808,2024-06-26,2026-08-17,,2026-08-19T05:10:49
26192421,2024-06-26,2025-02-03,,2026-07-29T18:25:30
26193680,2024-06-26,2024-06-26,,2026-07-29T18:25:29
26196379,2024-06-26,2025-02-06,,2026-07-29T18:25:29
26199376,2024-06-26,2024-10-31,,2026-07-29T18:25:30
26206085,2024-06-26,2026-01-27,,2026-07-29T18:25:30
26206131,2024-06-26,2026-08-25,,2026-08-25T03:36:20
26207628,2024-06-26,2025-04-29,,2026-07-29T18:25:30
26211119,2024-06-26,2024-08-29,,2026-07-29T18:25:31
26213214,2024-06-26,2024-07-02,,2026-07-29T18:25:31
26213871,2024-06-26,2024-07-08,,2026-07-29T18:25:31
26215358,2024-06-26,2026-06-08,,2026-07-29T18:25:32
26216083,2024-06-26,2024-11-21,,2026-07-29T18:25:32
26216173,2024-06-26,2025-02-25,,2026-07-29T18:25:32
26217717,2024-06-26,2024-10-10,,2026-07-29T18:25:33
26217924,2024-06-26,2025-08-19,,2026-07-29T18:25:33
26219475,2024-06-27,2025-12-03,,2026-07-29T18:25:33
26220680,2024-06-27,2024-08-01,,2026-07-29T18:25:33
26220741,2024-06-27,2024-11-14,,2026-07-29T18:25:34
26231178,2024-06-27,2024-06-27,,2026-07-29T18:25:33
26232715,2024-06-27,2025-01-24,,2026-07-29T18:25:34
26237661,2024-06-27,2024-11-04,,2026-07-29T18:25:35
26237976,2024-06-27,2024-08-07,,2026-07-29T18:25:35
26239953,2024-06-27,2026-07-08,,2026-07-29T18:25:36
26242776,2024-06-27,2024-07-02,,2026-07-29T18:25:36
26245840,2024-06-27,2024-07-04,,2026-07-29T18:25:36
26246583,2024-06-28,2024-12-24,,2026-07-29T18:25:36
26247646,2024-06-28,2026-04-28,,2026-07-29T18:25:36
26258856,2024-06-28,2024-12-17,,2026-07-29T18:25:36
26263127,2024-06-28,2024-11-08,,2026-07-29T18:25:36
26263869,2024-06-28,2025-03-25,,2026-07-29T18:25:42
26264539,2024-06-28,2025-04-20,,2026-07-29T18:25:42
26272664,2024-06-29,2026-07-10,,2026-07-29T18:25:43
26273589,2024-06-29,2026-03-10,,2026-07-29T18:25:44
26281433,2024-06-29,2025-04-08,,2026-07-29T18:25:44
26282517,2024-06-29,2026-08-16,,2026-08-18T05:06:19
26283477,2024-06-29,2024-10-15,,2026-07-29T18:25:44
26284048,2024-06-29,2025-01-07,,2026-07-29T18:25:45
26284127,2024-06-29,2024-06-29,,2026-07-29T18:25:45
26284393,2024-06-29,2026-07-03,,2026-07-29T18:25:45
26285607,2024-06-29,2025-10-09,,2026-07-29T18:25:45
26285845,2024-06-29,2024-11-04,,2026-07-29T18:25:45
26286174,2024-06-29,2024-06-29,,2026-07-29T18:25:46
26286920,2024-06-29,2024-07-19,,2026-07-29T18:25:46
26287498,2024-06-29,2025-06-10,,2026-07-29T18:25:46
26288762,2024-06-29,2024-10-22,,2026-07-29T18:25:46
26289549,2024-06-30,2026-04-01,,2026-07-29T18:25:47
26289659,2024-06-30,2026-04-16,,2026-07-29T18:25:47
26291504,2024-06-30,2026-02-08,,2026-07-29T18:25:47
26292135,2024-06-30,2026-07-24,,2026-07-29T18:25:47
26293777,2024-06-30,2024-08-17,,2026-07-29T18:25:47
26294730,2024-06-30,2026-08-18,,2026-08-20T07:10:54
26296561,2024-06-30,2024-10-05,,2026-07-29T18:25:48
26296752,2024-06-30,2026-08-14,,2026-08-15T05:10:50
26298097,2024-06-30,2024-07-16,,2026-07-29T18:25:50
26299413,2024-06-30,2025-10-03,,2026-07-29T18:25:51
26301639,2024-06-30,2026-07-07,,2026-07-29T18:25:52
26301767,2024-06-30,2025-12-04,,2026-07-29T18:25:52
26301818,2024-06-30,2024-08-06,,2026-07-29T18:25:52
26301867,2024-06-30,2025-01-23,,2026-07-29T18:25:53
26302232,2024-07-01,2026-01-22,,2026-07-29T18:25:52
26302292,2024-07-01,2026-08-23,,2026-08-25T04:08:54
26302501,2024-07-01,2026-01-20,,2026-07-29T18:25:53
26302595,2024-07-01,2024-12-01,,2026-07-29T18:25:53
26302900,2024-07-01,2024-11-12,,2026-07-29T18:25:53
26303081,2024-07-01,2025-04-25,,2026-07-29T18:25:53
26303324,2024-07-01,2025-01-18,,2026-07-29T18:25:54
26303899,2024-07-01,2026-08-24,,2026-08-24T12:11:59
26303966,2024-07-01,2026-08-25,,2026-08-25T03:32:23
26304683,2024-07-01,2024-08-08,,2026-07-29T18:25:54
26320276,2024-07-01,2025-02-17,,2026-07-29T18:25:55
26324513,2024-07-01,2026-01-21,,2026-07-29T18:25:55
26337183,2024-07-02,2026-02-24,,2026-07-29T18:25:55
26344563,2024-07-02,2024-11-23,,2026-07-29T18:25:56
26345488,2024-07-02,2024-08-02,,2026-07-29T18:25:56
26348724,2024-07-02,2026-04-13,,2026-07-29T18:25:57
26350537,2024-07-02,2025-10-28,,2026-07-29T18:25:57
26350855,2024-07-02,2026-03-03,,2026-07-29T18:25:57
26351100,2024-07-02,2026-08-07,,2026-08-09T05:08:33
26351617,2024-07-02,2026-03-07,,2026-07-29T18:25:58
26353078,2024-07-03,2024-09-13,,2026-07-29T18:25:58
26353236,2024-07-03,2026-04-08,,2026-07-29T18:25:58
26353483,2024-07-03,2026-06-20,,2026-07-29T18:25:58
26353534,2024-07-03,2026-04-09,,2026-07-29T18:25:58
26354473,2024-07-03,2024-10-08,,2026-07-29T18:25:59
26357242,2024-07-03,2026-03-11,,2026-07-29T18:26:01
26370347,2024-07-03,2025-09-22,,2026-07-29T18:26:01
26371158,2024-07-03,2024-08-17,,2026-07-29T18:26:00
26372656,2024-07-03,2026-07-31,,2026-08-02T05:09:37
26374055,2024-07-03,2026-02-13,,2026-07-29T18:26:01
26374497,2024-07-03,2026-05-20,,2026-07-29T18:26:01
26375286,2024-07-03,2024-07-11,,2026-07-29T18:26:02
26375639,2024-07-03,2026-07-03,,2026-07-29T18:26:02
26375950,2024-07-03,2026-06-09,,2026-07-29T18:26:03
26376209,2024-07-03,2026-03-27,,2026-07-29T18:26:03
26379583,2024-07-04,2025-07-21,,2026-07-29T18:26:03
26379632,2024-07-04,2024-07-14,,2026-07-29T18:26:04
26379726,2024-07-04,2024-09-24,,2026-07-29T18:26:04
26379922,2024-07-04,2026-01-09,,2026-07-29T18:26:05
26379994,2024-07-04,2025-11-16,,2026-07-29T18:26:06
26380368,2024-07-04,2024-07-12,,2026-07-29T18:26:06
26380376,2024-07-04,2026-05-04,,2026-07-29T18:26:06
26392298,2024-07-04,2024-09-26,,2026-07-29T18:26:07
26394132,2024-07-04,2024-07-23,,2026-07-29T18:26:07
26398052,2024-07-04,2024-09-20,,2026-07-29T18:26:08
26399007,2024-07-04,2024-10-12,,2026-07-29T18:26:08
26399303,2024-07-04,2024-07-24,,2026-07-29T18:26:08
26399333,2024-07-04,2024-07-08,,2026-07-29T18:26:08
26402006,2024-07-04,2025-10-06,,2026-07-29T18:26:08
26402308,2024-07-04,2024-08-13,,2026-07-29T18:26:08
26402934,2024-07-05,2026-08-18,,2026-08-20T04:09:15
26403199,2024-07-05,2026-07-20,,2026-07-29T18:26:09
26403290,2024-07-05,2026-08-23,,2026-08-25T03:00:25
26403423,2024-07-05,2025-07-29,,2026-07-29T18:26:09
26403534,2024-07-05,2025-10-25,,2026-07-29T18:26:10
26403988,2024-07-05,2024-07-19,,2026-07-29T18:26:10
26404519,2024-07-05,2024-09-09,,2026-07-29T18:26:11
26407518,2024-07-05,2026-04-01,,2026-07-29T18:26:11
26418424,2024-07-05,2025-11-05,,2026-07-29T18:26:12
26420560,2024-07-05,2024-07-25,,2026-07-29T18:26:12
26420835,2024-07-05,2024-09-20,,2026-07-29T18:26:12
26421331,2024-07-05,2024-08-17,,2026-07-29T18:26:12
26421959,2024-07-05,2024-07-20,,2026-07-29T18:26:13
26422629,2024-07-05,2024-08-07,,2026-07-29T18:26:13
26422995,2024-07-05,2025-02-25,,2026-07-29T18:26:13
26423098,2024-07-05,2024-07-31,,2026-07-29T18:26:14
26423889,2024-07-05,2024-12-22,,2026-07-29T18:26:14
26424435,2024-07-06,2026-05-31,,2026-07-29T18:26:15
26426365,2024-07-06,2024-12-30,,2026-07-29T18:26:15
26436411,2024-07-06,2026-04-19,,2026-07-29T18:26:16
26437854,2024-07-06,2024-07-10,,2026-07-29T18:26:17
26438337,2024-07-06,2025-06-06,,2026-07-29T18:26:19
26440387,2024-07-06,2025-01-19,,2026-07-29T18:26:18
26448719,2024-07-07,2025-04-15,,2026-07-29T18:26:19
26451443,2024-07-07,2025-07-07,,2026-07-29T18:26:19
26453239,2024-07-07,2024-07-11,,2026-07-29T18:26:20
26454976,2024-07-07,2025-11-09,,2026-07-29T18:26:21
26456649,2024-07-08,2025-02-03,,2026-07-29T18:26:21
26458444,2024-07-08,2025-06-05,,2026-07-29T18:26:21
26464035,2024-07-08,2026-07-15,,2026-07-29T18:26:22
26472215,2024-07-08,2025-06-12,,2026-07-29T18:26:22
26472422,2024-07-08,2024-07-24,,2026-07-29T18:26:22
26474459,2024-07-08,2025-12-26,,2026-07-29T18:26:23
26481158,2024-07-08,2024-08-13,,2026-07-29T18:26:23
26482510,2024-07-09,2025-02-17,,2026-07-29T18:26:23
26483370,2024-07-09,2026-05-26,,2026-07-29T18:26:23
26484311,2024-07-09,2024-11-18,,2026-07-29T18:26:23
26498371,2024-07-09,2024-07-12,,2026-07-29T18:26:23
26505635,2024-07-09,2025-11-14,,2026-07-29T18:26:24
26507031,2024-07-09,2025-01-08,,2026-07-29T18:26:25
26507976,2024-07-09,2024-11-14,,2026-07-29T18:26:25
26509238,2024-07-09,2026-03-24,,2026-07-29T18:26:25
26517536,2024-07-10,2024-08-14,,2026-07-29T18:26:26
26525973,2024-07-10,2024-09-22,,2026-07-29T18:26:26
26525995,2024-07-10,2024-07-16,,2026-07-29T18:26:26
26528162,2024-07-10,2025-12-01,,2026-07-29T18:26:27
26528485,2024-07-10,2025-03-14,,2026-07-29T18:26:27
26528587,2024-07-10,2024-11-05,,2026-07-29T18:26:27
26530532,2024-07-10,2026-07-22,,2026-07-29T18:26:28
26532115,2024-07-10,2025-08-16,,2026-07-29T18:26:27
26532178,2024-07-10,2024-07-10,,2026-07-29T18:26:28
26532577,2024-07-10,2025-11-19,,2026-07-29T18:26:28
26533918,2024-07-10,2024-07-16,,2026-07-29T18:26:28
26534846,2024-07-10,2024-08-14,,2026-07-29T18:26:28
26534853,2024-07-10,2025-06-12,,2026-07-29T18:26:29
26536165,2024-07-11,2024-07-11,,2026-07-29T18:26:29
26538785,2024-07-11,2026-01-12,,2026-07-29T18:26:30
26555528,2024-07-11,2025-01-22,,2026-07-29T18:26:30
26556610,2024-07-11,2025-03-29,,2026-07-29T18:26:30
26556898,2024-07-11,2025-07-15,,2026-07-29T18:26:31
26559909,2024-07-11,2025-06-16,,2026-07-29T18:26:31
26561013,2024-07-11,2024-12-26,,2026-07-29T18:26:32
26565585,2024-07-12,2024-07-23,,2026-07-29T18:26:32
26577415,2024-07-12,2025-04-11,,2026-07-29T18:26:32
26578706,2024-07-12,2026-04-21,,2026-07-29T18:26:33
26579914,2024-07-12,2026-02-07,,2026-07-29T18:26:33
26580207,2024-07-12,2024-07-13,,2026-07-29T18:26:33
26580921,2024-07-12,2026-08-20,,2026-08-21T04:21:15
26600189,2024-07-13,2026-06-22,,2026-07-29T18:26:33
26601621,2024-07-13,2025-10-03,,2026-07-29T18:26:33
26617575,2024-07-15,2025-09-15,,2026-07-29T18:26:34
26618095,2024-07-15,2026-05-06,,2026-07-29T18:26:34
26618703,2024-07-15,2025-05-15,,2026-07-29T18:26:34
26618868,2024-07-15,2024-10-26,,2026-07-29T18:26:35
26634796,2024-07-15,2025-03-31,,2026-07-29T18:26:35
26636602,2024-07-15,2026-06-18,,2026-07-29T18:26:35
26636796,2024-07-15,2025-02-06,,2026-07-29T18:26:35
26637557,2024-07-15,2024-08-10,,2026-07-29T18:26:35
26641298,2024-07-15,2025-05-28,,2026-07-29T18:26:35
26641607,2024-07-15,2026-08-17,,2026-08-19T04:19:00
26641819,2024-07-15,2026-06-09,,2026-07-29T18:26:36
26642862,2024-07-15,2024-11-14,,2026-07-29T18:26:36
26642916,2024-07-15,2025-11-11,,2026-07-29T18:26:36
26643818,2024-07-15,2024-08-14,,2026-07-29T18:26:37
26645157,2024-07-16,2026-03-26,,2026-07-29T18:26:37
26645285,2024-07-16,2024-10-31,,2026-07-29T18:26:37
26645494,2024-07-16,2024-08-31,,2026-07-29T18:26:37
26645881,2024-07-16,2025-02-21,,2026-07-29T18:26:38
26646283,2024-07-16,2024-07-16,,2026-07-29T18:26:38
26647724,2024-07-16,2024-10-19,,2026-07-29T18:26:38
26659990,2024-07-16,2024-08-26,,2026-07-29T18:26:38
26662114,2024-07-16,2026-08-24,,2026-08-24T23:04:31
26664704,2024-07-16,2024-11-25,,2026-07-29T18:26:39
26665319,2024-07-16,2024-08-10,,2026-07-29T18:26:39
26666441,2024-07-16,2026-08-13,,2026-08-15T04:06:42
26668016,2024-07-16,2025-10-01,,2026-07-29T18:26:39
26668248,2024-07-16,2026-06-29,,2026-07-29T18:26:40
26668297,2024-07-16,2024-07-16,,2026-07-29T18:26:40
26669334,2024-07-17,2024-08-23,,2026-07-29T18:26:40
26671061,2024-07-17,2024-12-14,,2026-07-29T18:26:40
26685969,2024-07-17,2026-03-19,,2026-07-29T18:26:41
26686827,2024-07-17,2025-12-20,,2026-07-29T18:26:41
26687501,2024-07-17,2025-08-21,,2026-07-29T18:26:41
26687923,2024-07-17,2024-07-18,,2026-07-29T18:26:41
26688022,2024-07-17,2026-07-14,,2026-07-29T18:26:41
26688425,2024-07-17,2024-07-18,,2026-07-29T18:26:41
26691706,2024-07-17,2024-11-10,,2026-07-29T18:26:42
26691727,2024-07-17,2026-04-18,,2026-07-29T18:26:42
26695734,2024-07-18,2025-02-12,,2026-07-29T18:26:43
26709993,2024-07-18,2026-08-19,,2026-08-21T04:13:42
26711689,2024-07-18,2026-01-24,,2026-07-29T18:26:43
26712047,2024-07-18,2024-07-21,,2026-07-29T18:26:43
26712292,2024-07-18,2025-02-21,,2026-07-29T18:26:43
26712515,2024-07-18,2024-10-12,,2026-07-29T18:26:43
26716609,2024-07-18,2024-08-27,,2026-07-29T18:26:44
26717687,2024-07-18,2025-08-14,,2026-07-29T18:26:44
26719126,2024-07-19,2025-05-24,,2026-08-10T15:05:27
26719770,2024-07-19,2026-03-26,,2026-07-29T18:26:44
26733472,2024-07-19,2024-07-19,,2026-07-29T18:26:44
26734102,2024-07-19,2024-08-21,,2026-07-29T18:26:45
26735033,2024-07-19,2024-07-29,,2026-07-29T18:26:45
26736842,2024-07-19,2025-08-20,,2026-07-29T18:26:45
26737680,2024-07-19,2026-06-08,,2026-07-29T18:26:45
26738691,2024-07-19,2024-08-11,,2026-07-29T18:26:45
26741048,2024-07-20,2026-07-08,,2026-07-29T18:26:46
26744541,2024-07-20,2024-12-13,,2026-07-29T18:26:46
26752011,2024-07-20,2025-03-01,,2026-07-29T18:26:47
26753373,2024-07-20,2024-09-16,,2026-07-29T18:26:47
26753853,2024-07-20,2025-01-16,,2026-07-29T18:26:48
26753968,2024-07-20,2024-08-06,,2026-07-29T18:26:48
26753996,2024-07-20,2025-06-24,,2026-07-29T18:26:48
26754939,2024-07-20,2026-08-12,,2026-08-14T05:10:37
26755113,2024-07-20,2026-07-02,,2026-07-29T18:26:50
26755259,2024-07-20,2025-01-03,,2026-07-29T18:26:50
26757205,2024-07-20,2024-09-30,,2026-07-29T18:26:50
26758083,2024-07-20,2024-09-09,,2026-07-29T18:26:51
26758360,2024-07-21,2026-05-11,,2026-07-29T18:26:51
26758369,2024-07-21,2024-09-28,,2026-07-29T18:26:51
26758853,2024-07-21,2025-02-02,,2026-07-29T18:26:51
26758904,2024-07-21,2025-05-23,,2026-07-29T18:26:51
26759036,2024-07-21,2024-10-13,,2026-07-29T18:26:51
26759347,2024-07-21,2026-05-26,,2026-07-29T18:26:52
26759746,2024-07-21,2024-07-26,,2026-07-29T18:26:52
26761102,2024-07-21,2024-08-04,,2026-07-29T18:26:52
26761819,2024-07-21,2024-07-21,,2026-07-29T18:26:52
26764360,2024-07-21,2026-01-01,,2026-07-29T18:26:52
26764956,2024-07-21,2025-10-18,,2026-07-29T18:26:53
26765367,2024-07-21,2026-04-27,,2026-07-29T18:26:53
26765683,2024-07-21,2024-08-22,,2026-07-29T18:26:54
26765689,2024-07-21,2025-01-24,,2026-07-29T18:26:53
26765758,2024-07-21,2025-04-27,,2026-07-29T18:26:54
26766324,2024-07-21,2025-09-24,,2026-07-29T18:26:54
26766690,2024-07-21,2026-06-25,,2026-07-29T18:26:54
26767746,2024-07-21,2026-08-23,,2026-08-25T04:09:06
26768297,2024-07-21,2024-07-22,,2026-07-29T18:26:55
26769276,2024-07-21,2024-08-13,,2026-07-29T18:26:55
26770970,2024-07-21,2024-10-14,,2026-07-29T18:26:55
26771217,2024-07-22,2026-03-11,,2026-07-29T18:26:56
26773558,2024-07-22,2026-02-09,,2026-07-29T18:26:56
26776873,2024-07-22,2026-02-22,,2026-07-29T18:26:57
26777304,2024-07-22,2026-03-04,,2026-07-29T18:26:57
26778019,2024-07-22,2026-03-04,,2026-07-29T18:26:57
26779276,2024-07-22,2025-11-04,,2026-07-29T18:26:57
26780295,2024-07-22,2025-09-30,,2026-07-29T18:26:57
26786454,2024-07-22,2026-08-24,,2026-08-24T18:03:31
26788141,2024-07-22,2024-08-14,,2026-07-29T18:26:58
26790031,2024-07-22,2026-02-06,,2026-07-29T18:26:58
26790815,2024-07-22,2024-09-30,,2026-07-29T18:26:58
26790831,2024-07-22,2024-07-25,,2026-07-29T18:26:58
26790877,2024-07-22,2026-08-19,,2026-08-21T04:21:15
26790998,2024-07-22,2024-08-07,,2026-07-29T18:26:59
26791281,2024-07-22,2024-08-01,,2026-07-29T18:26:59
26791654,2024-07-22,2024-09-27,,2026-07-29T18:26:59
26792046,2024-07-22,2024-08-02,,2026-07-29T18:26:59
26793137,2024-07-22,2024-08-30,,2026-07-29T18:27:00
26793438,2024-07-22,2024-08-02,,2026-07-29T18:27:00
26793941,2024-07-22,2024-09-24,,2026-07-29T18:27:00
26795339,2024-07-22,2026-04-04,,2026-07-29T18:27:01
26795602,2024-07-22,2025-12-30,,2026-07-29T18:27:01
26795712,2024-07-22,2026-01-09,,2026-07-29T18:27:01
26795734,2024-07-22,2024-09-05,,2026-07-29T18:27:01
26795861,2024-07-22,2024-09-16,,2026-07-29T18:27:02
26797686,2024-07-23,2024-09-21,,2026-07-29T18:27:02
26798914,2024-07-23,2024-08-10,,2026-07-29T18:27:02
26799163,2024-07-23,2026-03-28,,2026-07-29T18:27:02
26799349,2024-07-23,2026-01-04,,2026-07-29T18:27:02
26805683,2024-07-23,2024-10-18,,2026-07-29T18:27:03
26812359,2024-07-23,2024-09-12,,2026-07-29T18:27:03
26814068,2024-07-23,2024-07-24,,2026-07-29T18:27:03
26817430,2024-07-23,2026-08-24,,2026-08-24T01:36:05
26817720,2024-07-23,2025-07-07,,2026-07-29T18:27:03
26819374,2024-07-23,2024-08-10,,2026-07-29T18:27:04
26819689,2024-07-23,2025-05-21,,2026-07-29T18:27:04
26819862,2024-07-23,2026-05-27,,2026-07-29T18:27:04
26820529,2024-07-23,2025-01-09,,2026-07-29T18:27:04
26820705,2024-07-23,2025-06-26,,2026-07-29T18:27:05
26820938,2024-07-23,2025-12-14,,2026-07-29T18:27:05
26821152,2024-07-23,2024-10-16,,2026-07-29T18:27:05
26821674,2024-07-23,2025-06-22,,2026-07-29T18:27:05
26823185,2024-07-23,2025-02-23,,2026-07-29T18:27:05
26823949,2024-07-24,2024-08-02,,2026-07-29T18:27:06
26824636,2024-07-24,2025-06-09,,2026-07-29T18:27:06
26824898,2024-07-24,2025-04-16,,2026-07-29T18:27:06
26824953,2024-07-24,2024-07-24,,2026-07-29T18:27:06
26824970,2024-07-24,2024-10-14,,2026-07-29T18:27:06
26827683,2024-07-24,2025-10-20,,2026-07-29T18:27:06
26832222,2024-07-24,2024-09-25,,2026-07-29T18:27:08
26840351,2024-07-24,2024-07-25,,2026-07-29T18:27:07
26841996,2024-07-24,2026-06-18,,2026-07-29T18:27:07
26843533,2024-07-24,2024-11-15,,2026-07-29T18:27:07
26843725,2024-07-24,2024-07-28,,2026-07-29T18:27:08
26844600,2024-07-24,2024-07-24,,2026-07-29T18:27:08
26844893,2024-07-24,2024-07-25,,2026-07-29T18:27:08
26845184,2024-07-24,2026-02-02,,2026-07-29T18:27:10
26845303,2024-07-24,2025-01-14,,2026-07-29T18:27:09
26845755,2024-07-24,2024-08-28,,2026-07-29T18:27:10
26848402,2024-07-24,2024-12-02,,2026-07-29T18:27:11
26849685,2024-07-24,2026-07-13,,2026-07-30T16:25:02
26849695,2024-07-24,2025-07-16,,2026-07-29T18:27:12
26850007,2024-07-25,2024-08-24,,2026-07-29T18:27:11
26850221,2024-07-25,2024-07-25,,2026-07-29T18:27:11
26850256,2024-07-25,2025-09-14,,2026-07-29T18:27:12
26850344,2024-07-25,2025-07-26,,2026-07-29T18:27:13
26851496,2024-07-25,2026-03-21,,2026-07-29T18:27:12
26851608,2024-07-25,2024-07-25,,2026-07-29T18:27:13
26852037,2024-07-25,2026-08-17,,2026-08-19T07:05:10
26852137,2024-07-25,2026-01-10,,2026-07-29T18:27:13
26852166,2024-07-25,2025-02-28,,2026-07-29T18:27:13
26854156,2024-07-25,2025-08-28,,2026-07-29T18:27:13
26866437,2024-07-25,2024-07-31,,2026-07-29T18:27:13
26866731,2024-07-25,2024-08-20,,2026-07-29T18:27:14
26867232,2024-07-25,2024-09-10,,2026-07-29T18:27:14
26868025,2024-07-25,2026-08-22,,2026-08-24T04:07:25
26868935,2024-07-25,2026-08-22,,2026-08-24T04:04:58
26869817,2024-07-25,2026-08-14,,2026-08-16T04:25:43
26870867,2024-07-25,2024-08-03,,2026-07-29T18:27:14
26871070,2024-07-25,2024-12-30,,2026-07-29T18:27:15
26872172,2024-07-25,2025-02-13,,2026-07-29T18:27:15
26872488,2024-07-25,2025-10-30,,2026-07-29T18:27:15
26872787,2024-07-25,2026-04-24,,2026-07-29T18:27:15
26872900,2024-07-25,2026-07-11,,2026-07-29T18:27:16
26873874,2024-07-25,2026-08-13,,2026-08-15T07:12:20
26874017,2024-07-25,2024-08-19,,2026-07-29T18:27:17
26874065,2024-07-25,2026-08-17,,2026-08-19T07:05:07
26874106,2024-07-25,2026-08-23,,2026-08-23T14:32:26
26874194,2024-07-25,2024-07-27,,2026-07-29T18:27:18
26874419,2024-07-25,2024-07-27,,2026-07-29T18:27:18
26874570,2024-07-25,2026-04-30,,2026-07-29T18:27:19
26875103,2024-07-25,2024-08-05,,2026-07-29T18:27:19
26875306,2024-07-25,2024-09-02,,2026-07-29T18:27:19
26875627,2024-07-25,2026-08-11,,2026-08-13T04:19:22
26875886,2024-07-25,2026-01-14,,2026-07-29T18:27:20
26876156,2024-07-25,2024-07-25,,2026-07-29T18:27:21
26876822,2024-07-25,2024-12-06,,2026-07-29T18:27:21
26877264,2024-07-25,2026-04-13,,2026-07-29T18:27:21
26877275,2024-07-25,2026-07-14,,2026-07-29T18:27:21
26877401,2024-07-25,2024-07-29,,2026-07-29T18:27:21
26877510,2024-07-25,2024-08-09,,2026-07-29T18:27:22
26878070,2024-07-25,2025-06-06,,2026-07-29T18:27:22
26878082,2024-07-25,2025-06-10,,2026-07-29T18:27:22
26878393,2024-07-26,2024-07-29,,2026-07-29T18:27:23
26878437,2024-07-26,2026-08-11,,2026-08-13T07:04:36
26878595,2024-07-26,2024-07-26,,2026-07-29T18:27:23
26878688,2024-07-26,2026-08-25,,2026-08-25T02:07:49
26878749,2024-07-26,2024-08-24,,2026-07-29T18:27:23
26878769,2024-07-26,2024-07-30,,2026-07-29T18:27:24
26878789,2024-07-26,2025-08-03,,2026-07-29T18:27:24
26878982,2024-07-26,2025-02-18,,2026-08-10T10:02:27
26879009,2024-07-26,2026-07-04,,2026-07-29T18:27:24
26879104,2024-07-26,2026-08-04,,2026-08-06T07:13:38
26879289,2024-07-26,2024-08-03,,2026-07-29T18:27:26
26879306,2024-07-26,2024-07-26,,2026-07-29T18:27:26
26879329,2024-07-26,2024-08-11,,2026-07-29T18:27:26
26879469,2024-07-26,2025-10-03,,2026-07-29T18:27:26
26879866,2024-07-26,2026-08-20,,2026-08-22T05:10:51
26879984,2024-07-26,2026-08-16,,2026-08-18T04:04:59
26880053,2024-07-26,2025-07-07,,2026-07-29T18:27:27
26880151,2024-07-26,2026-03-29,,2026-07-29T18:27:27
26880378,2024-07-26,2024-09-07,,2026-07-29T18:27:27
26880763,2024-07-26,2025-04-21,,2026-07-29T18:27:27
26881361,2024-07-26,2025-10-19,,2026-07-29T18:27:28
26881443,2024-07-26,2026-08-20,,2026-08-22T07:07:02
26881854,2024-07-26,2026-01-29,,2026-07-29T18:27:28
26882893,2024-07-26,2026-07-22,,2026-07-29T18:27:28
26884498,2024-07-26,2026-08-06,,2026-08-08T07:12:36
26885582,2024-07-26,2024-08-21,,2026-07-29T18:27:28
26889725,2024-07-26,2026-02-10,,2026-07-29T18:27:29
26893846,2024-07-26,2025-11-01,,2026-07-29T18:27:29
26894871,2024-07-26,2024-08-07,,2026-07-29T18:27:29
26895186,2024-07-26,2025-05-05,,2026-07-29T18:27:29
26895253,2024-07-26,2024-07-26,,2026-07-29T18:27:29
26898023,2024-07-26,2024-11-18,,2026-07-29T18:27:29
26898263,2024-07-26,2026-08-09,,2026-08-11T04:08:21
26898402,2024-07-26,2025-07-28,,2026-07-29T18:27:31
26899131,2024-07-26,2024-11-17,,2026-07-29T18:27:31
26899554,2024-07-26,2024-11-07,,2026-07-29T18:27:31
26900030,2024-07-26,2025-09-13,,2026-07-29T18:27:31
26900842,2024-07-26,2024-07-29,,2026-07-29T18:27:31
26901644,2024-07-26,2025-10-22,,2026-07-29T18:27:31
26902263,2024-07-27,2026-01-08,,2026-07-29T18:27:31
26902570,2024-07-27,2026-07-08,,2026-07-29T18:27:33
26902629,2024-07-27,2025-08-29,,2026-07-29T18:27:33
26902865,2024-07-27,2026-05-03,,2026-07-29T18:27:33
26903850,2024-07-27,2024-07-27,,2026-07-29T18:27:33
26907581,2024-07-27,2025-11-13,,2026-07-29T18:27:33
26910351,2024-07-27,2026-05-21,,2026-07-29T18:27:33
26916383,2024-07-27,2026-07-15,,2026-07-29T18:27:33
26916577,2024-07-27,2026-08-19,,2026-08-21T06:03:05
26917229,2024-07-27,2024-10-02,,2026-07-29T18:27:33
26917314,2024-07-27,2025-05-02,,2026-07-29T18:27:33
26918477,2024-07-27,2024-07-27,,2026-07-29T18:27:35
26919535,2024-07-27,2024-07-30,,2026-07-29T18:27:35
26920232,2024-07-27,2024-09-17,,2026-07-29T18:27:35
26920886,2024-07-27,2026-08-20,,2026-08-22T04:20:32
26921395,2024-07-28,2026-05-22,,2026-07-29T18:27:35
26921563,2024-07-28,2025-07-04,,2026-07-29T18:27:35
26922212,2024-07-28,2025-09-21,,2026-07-29T18:27:35
26922997,2024-07-28,2024-08-15,,2026-07-29T18:27:35
26923040,2024-07-28,2026-07-30,,2026-08-01T07:09:28
26923207,2024-07-28,2024-10-15,,2026-07-29T18:27:35
26929995,2024-07-28,2024-07-28,,2026-07-29T18:27:35
26930253,2024-07-28,2024-10-22,,2026-07-29T18:27:38
26931807,2024-07-28,2024-08-02,,2026-07-29T18:27:38
26932966,2024-07-28,2025-02-14,,2026-07-29T18:27:38
26933695,2024-07-28,2025-02-01,,2026-07-29T18:27:38
26933850,2024-07-28,2026-07-21,,2026-07-29T18:27:38
26934467,2024-07-28,2024-08-03,,2026-07-29T18:27:38
26934578,2024-07-29,2024-09-15,,2026-07-29T18:27:38
26941661,2024-07-29,2025-04-06,,2026-07-29T18:27:38
26954335,2024-07-29,2025-10-10,,2026-07-29T18:27:38
26954379,2024-07-29,2024-08-15,,2026-07-29T18:27:38
26955539,2024-07-29,2025-01-03,,2026-07-29T18:27:38
26955829,2024-07-29,2024-12-27,,2026-07-29T18:27:38
26955884,2024-07-29,2024-08-10,,2026-07-29T18:27:38
26956381,2024-07-29,2026-03-12,,2026-07-29T18:27:39
26956835,2024-07-29,2026-04-28,,2026-07-29T18:27:42
26956936,2024-07-29,2025-05-15,,2026-07-29T18:27:42
26959654,2024-07-29,2026-07-30,,2026-08-01T04:22:10
26960946,2024-07-29,2024-10-22,,2026-07-29T18:27:42
26961323,2024-07-29,2025-04-01,,2026-07-29T18:27:42
26962593,2024-07-30,2025-10-13,,2026-07-29T18:27:42
26962644,2024-07-30,2024-09-05,,2026-07-29T18:27:42
26963114,2024-07-30,2024-07-30,,2026-07-29T18:27:42
26981715,2024-07-30,2024-08-10,,2026-07-29T18:27:42
26982775,2024-07-30,2025-03-19,,2026-07-29T18:27:42
26985818,2024-07-30,2026-07-07,,2026-07-29T18:27:42
26989899,2024-07-30,2026-02-12,,2026-07-29T18:27:42
26990826,2024-07-30,2024-09-25,,2026-07-29T18:27:42
26991283,2024-07-30,2025-02-07,,2026-07-29T18:27:42
26991877,2024-07-30,2026-08-14,,2026-08-16T04:25:59
26992373,2024-07-31,2024-11-14,,2026-07-29T18:27:42
26992655,2024-07-31,2024-08-21,,2026-07-29T18:27:42
26993006,2024-07-31,2025-09-04,,2026-07-29T18:27:46
26993280,2024-07-31,2024-08-30,,2026-07-29T18:27:46
26993303,2024-07-31,2026-08-18,,2026-08-20T06:03:51
26993440,2024-07-31,2025-06-21,,2026-07-29T18:27:46
26993466,2024-07-31,2025-09-16,,2026-07-29T18:27:46
26993469,2024-07-31,2026-01-17,,2026-07-29T18:27:46
26993771,2024-07-31,2024-10-02,,2026-07-29T18:27:46
26993941,2024-07-31,2025-02-09,,2026-07-29T18:27:46
26994125,2024-07-31,2026-01-11,,2026-07-29T18:27:46
26994156,2024-07-31,2025-08-07,,2026-07-29T18:27:46
26997873,2024-07-31,2024-08-01,,2026-07-29T18:27:46
27013699,2024-07-31,2024-08-02,,2026-07-29T18:27:46
27019354,2024-08-01,2026-07-09,,2026-07-29T18:27:46
27020172,2024-08-01,2024-12-12,,2026-07-29T18:27:46
27020393,2024-08-01,2025-11-05,,2026-07-29T18:27:46
27021607,2024-08-01,2026-08-20,,2026-08-22T05:05:12
27022899,2024-08-01,2024-08-01,,2026-07-29T18:27:46
27036692,2024-08-01,2026-03-11,,2026-07-29T18:27:46
27038377,2024-08-01,2024-10-03,,2026-07-29T18:27:46
27039352,2024-08-01,2024-08-08,,2026-07-29T18:27:46
27040389,2024-08-01,2024-11-01,,2026-07-29T18:27:50
27041310,2024-08-01,2024-09-04,,2026-07-29T18:27:50
27042142,2024-08-01,2025-08-13,,2026-07-29T18:27:50
27043151,2024-08-01,2025-03-08,,2026-07-29T18:27:50
27045265,2024-08-01,2025-08-26,,2026-07-29T18:27:50
27049580,2024-08-02,2024-11-18,,2026-07-29T18:27:50
27049664,2024-08-02,2026-08-25,,2026-08-25T02:01:08
27052227,2024-08-02,2025-11-04,,2026-07-29T18:27:50
27067744,2024-08-02,2025-02-23,,2026-07-29T18:27:50
27070408,2024-08-02,2025-03-12,,2026-07-29T18:27:50
27070830,2024-08-02,2025-06-23,,2026-07-29T18:27:50
27071412,2024-08-02,2026-04-26,,2026-07-29T18:27:50
27072757,2024-08-03,2025-03-13,,2026-07-29T18:27:50
27072788,2024-08-03,2025-08-11,,2026-07-29T18:27:50
27072907,2024-08-03,2025-05-02,,2026-07-29T18:27:50
27072910,2024-08-03,2026-06-26,,2026-07-29T18:27:50
27074673,2024-08-03,2026-08-17,,2026-08-18T07:13:02
27075444,2024-08-03,2026-02-02,,2026-07-29T18:27:50
27087232,2024-08-03,2024-12-17,,2026-07-29T18:27:50
27088208,2024-08-03,2025-08-12,,2026-07-29T18:27:50
27089031,2024-08-03,2026-05-17,,2026-07-29T18:27:54
27089050,2024-08-03,2025-04-21,,2026-07-29T18:27:54
27090112,2024-08-03,2024-08-14,,2026-07-29T18:27:54
27091615,2024-08-03,2025-06-04,,2026-07-29T18:27:54
27091766,2024-08-03,2026-02-03,,2026-07-29T18:27:54
27091990,2024-08-04,2026-03-01,,2026-07-29T18:27:54
27092176,2024-08-04,2026-08-13,,2026-08-14T04:27:30
27092347,2024-08-04,2025-01-02,,2026-07-29T18:27:54
27092386,2024-08-04,2025-02-12,,2026-07-29T18:27:54
27092463,2024-08-04,2026-01-29,,2026-07-29T18:27:54
27093225,2024-08-04,2025-10-30,,2026-07-29T18:27:54
27094202,2024-08-04,2024-12-15,,2026-07-29T18:27:54
27095978,2024-08-04,2024-08-27,,2026-07-29T18:27:54
27095979,2024-08-04,2024-08-06,,2026-07-29T18:27:54
27099868,2024-08-04,2025-08-05,,2026-07-29T18:27:54
27101828,2024-08-04,2025-01-16,,2026-07-29T18:27:54
27104040,2024-08-04,2024-09-28,,2026-07-29T18:27:54
27104640,2024-08-04,2026-06-18,,2026-07-29T18:27:57
27104718,2024-08-04,2026-05-21,,2026-07-29T18:27:57
27105105,2024-08-04,2026-01-30,,2026-07-29T18:27:57
27105848,2024-08-04,2026-04-14,,2026-07-29T18:27:57
27106013,2024-08-04,2024-11-21,,2026-07-29T18:27:57
27106321,2024-08-05,2024-10-06,,2026-07-29T18:27:57
27106565,2024-08-05,2024-10-30,,2026-07-29T18:27:57
27106843,2024-08-05,2026-08-19,,2026-08-21T07:15:59
27107098,2024-08-05,2024-08-05,,2026-07-29T18:27:57
27107229,2024-08-05,2025-09-07,,2026-07-29T18:27:57
27107610,2024-08-05,2025-04-07,,2026-07-29T18:27:57
27107684,2024-08-05,2025-04-08,,2026-07-29T18:27:58
27107842,2024-08-05,2026-07-13,,2026-07-29T18:27:58
27107945,2024-08-05,2026-08-25,,2026-08-25T02:36:29
27108153,2024-08-05,2026-08-21,,2026-08-23T04:20:20
27108250,2024-08-05,2024-11-24,,2026-07-29T18:28:01
27108299,2024-08-05,2025-08-23,,2026-07-29T18:28:01
27125143,2024-08-05,2025-06-19,,2026-07-29T18:28:01
27128961,2024-08-05,2025-08-13,,2026-07-29T18:28:01
27129106,2024-08-05,2025-06-14,,2026-07-29T18:28:01
27132450,2024-08-05,2025-01-20,,2026-07-29T18:28:01
27132628,2024-08-05,2024-08-05,,2026-07-29T18:28:01
27132736,2024-08-05,2025-02-06,,2026-07-29T18:28:01
27134488,2024-08-06,2024-12-19,,2026-07-29T18:28:01
27134663,2024-08-06,2024-12-08,,2026-07-29T18:28:01
27135415,2024-08-06,2024-08-28,,2026-07-29T18:28:02
27137349,2024-08-06,2025-05-13,,2026-07-29T18:28:02
27152142,2024-08-06,2025-08-21,,2026-07-29T18:28:02
27161631,2024-08-06,2024-09-14,,2026-07-29T18:28:02
27162150,2024-08-06,2024-10-05,,2026-07-29T18:28:02
27163503,2024-08-07,2025-08-20,,2026-07-29T18:28:02
27164800,2024-08-07,2024-08-08,,2026-07-29T18:28:02
27165506,2024-08-07,2025-01-29,,2026-07-29T18:28:02
27166134,2024-08-07,2026-08-07,,2026-08-08T07:06:25
27166879,2024-08-07,2025-06-05,,2026-07-29T18:28:04
27171415,2024-08-07,2025-08-17,,2026-08-17T10:03:20
27181334,2024-08-07,2026-02-20,,2026-07-29T18:28:04
27185079,2024-08-07,2024-08-07,,2026-07-29T18:28:03
27186099,2024-08-07,2024-12-11,,2026-07-29T18:28:04
27188934,2024-08-07,2026-08-21,,2026-08-22T07:14:07
27188986,2024-08-07,2025-01-29,,2026-07-29T18:28:05
27189339,2024-08-07,2024-08-18,,2026-07-29T18:28:04
27190408,2024-08-07,2024-08-15,,2026-07-29T18:28:05
27190447,2024-08-07,2024-08-08,,2026-08-20T10:03:15
27190965,2024-08-07,2025-06-28,,2026-07-29T18:28:05
27191028,2024-08-07,2024-09-13,,2026-07-29T18:28:05
27196818,2024-08-08,2024-09-15,,2026-07-29T18:28:05
27208236,2024-08-08,2026-08-15,,2026-08-17T04:09:35
27213158,2024-08-08,2025-07-03,,2026-07-29T18:28:06
27213207,2024-08-08,2024-10-17,,2026-07-29T18:28:06
27214047,2024-08-08,2024-11-23,,2026-07-29T18:28:07
27215606,2024-08-08,2025-05-14,,2026-07-29T18:28:08
27216482,2024-08-08,2025-04-17,,2026-07-29T18:28:08
27217872,2024-08-08,2024-08-31,,2026-07-29T18:28:08
27218076,2024-08-08,2024-09-23,,2026-07-29T18:28:08
27218472,2024-08-08,2025-03-22,,2026-07-29T18:28:08
27219210,2024-08-09,2026-03-01,,2026-07-29T18:28:09
27219296,2024-08-09,2025-03-30,,2026-07-29T18:28:09
27220091,2024-08-09,2026-05-24,,2026-07-29T18:28:09
27222016,2024-08-09,2026-04-12,,2026-07-29T18:28:10
27228845,2024-08-09,2025-03-11,,2026-07-29T18:28:09
27236397,2024-08-09,2025-05-13,,2026-07-29T18:28:10
27238127,2024-08-09,2025-07-09,,2026-07-29T18:28:10
27241679,2024-08-09,2025-06-05,,2026-07-29T18:28:11
27242169,2024-08-09,2024-08-10,,2026-07-29T18:28:12
27243685,2024-08-09,2024-08-15,,2026-07-29T18:28:12
27244212,2024-08-09,2026-08-05,,2026-08-06T08:33:55
27246952,2024-08-10,2025-01-15,,2026-07-29T18:28:12
27250731,2024-08-10,2024-10-07,,2026-07-29T18:28:13
27264554,2024-08-10,2026-06-09,,2026-07-29T18:28:14
27266460,2024-08-11,2025-01-30,,2026-07-29T18:28:13
27276012,2024-08-11,2024-08-14,,2026-07-29T18:28:14
27277026,2024-08-11,2025-05-31,,2026-07-29T18:28:14
27277600,2024-08-11,2024-08-25,,2026-07-29T18:28:14
27278798,2024-08-11,2025-02-06,,2026-07-29T18:28:15
27298304,2024-08-12,2026-08-23,,2026-08-25T05:02:10
27298325,2024-08-12,2025-01-11,,2026-07-29T18:28:15
27298583,2024-08-12,2025-03-10,,2026-07-29T18:28:16
27300945,2024-08-12,2024-09-24,,2026-07-29T18:28:16
27302155,2024-08-12,2024-10-16,,2026-07-29T18:28:17
27305786,2024-08-12,2024-08-19,,2026-07-29T18:28:18
27306041,2024-08-12,2025-03-09,,2026-08-24T17:57:40
27306574,2024-08-12,2026-08-23,,2026-08-25T05:01:32
27307249,2024-08-12,2025-04-01,,2026-07-29T18:28:18
27308009,2024-08-13,2026-05-01,,2026-07-29T18:28:18
27308488,2024-08-13,2025-03-22,,2026-07-29T18:28:18
27308647,2024-08-13,2024-12-11,,2026-07-29T18:28:19
27310812,2024-08-13,2024-10-01,,2026-07-29T18:28:19
27319874,2024-08-13,2026-08-23,,2026-08-25T04:05:48
27330810,2024-08-13,2024-09-10,,2026-07-29T18:28:20
27334145,2024-08-13,2024-11-15,,2026-07-29T18:28:20
27341029,2024-08-14,2024-09-28,,2026-07-29T18:28:20
27344698,2024-08-14,2024-12-06,,2026-07-29T18:28:21
27354659,2024-08-14,2024-08-20,,2026-07-29T18:28:21
27356991,2024-08-14,2025-06-02,,2026-07-29T18:28:22
27358081,2024-08-14,2025-03-27,,2026-07-29T18:28:23
27358774,2024-08-14,2026-08-16,,2026-08-18T05:06:59
27361417,2024-08-14,2026-08-21,,2026-08-23T04:13:09
27361956,2024-08-15,2026-08-02,,2026-08-04T04:15:47
27362309,2024-08-15,2024-11-11,,2026-07-29T18:28:23
27362522,2024-08-15,2026-07-15,,2026-07-29T18:28:24
27362906,2024-08-15,2024-08-19,,2026-07-29T18:28:23
27363035,2024-08-15,2025-05-19,,2026-07-29T18:28:25
27364183,2024-08-15,2026-07-27,,2026-07-29T18:28:25
27366309,2024-08-15,2024-09-02,,2026-07-29T18:28:25
27369848,2024-08-15,2026-02-18,,2026-07-29T18:28:26
27375021,2024-08-15,2024-10-15,,2026-07-29T18:28:26
27378183,2024-08-15,2025-03-14,,2026-07-29T18:28:27
27381613,2024-08-15,2025-01-21,,2026-07-29T18:28:44
27382841,2024-08-15,2026-08-13,,2026-08-15T05:07:45
27382902,2024-08-15,2026-01-18,,2026-07-29T18:28:44
27383127,2024-08-15,2024-09-21,,2026-07-29T18:28:44
27383775,2024-08-15,2026-08-07,,2026-08-09T06:03:04
27384005,2024-08-15,2026-08-13,,2026-08-15T07:14:37
27384376,2024-08-15,2026-08-19,,2026-08-21T05:09:45
27386435,2024-08-16,2024-11-27,,2026-07-29T18:28:47
27386536,2024-08-16,2026-08-17,,2026-08-19T07:06:20
27386683,2024-08-16,2024-09-10,,2026-07-29T18:28:48
27386703,2024-08-16,2024-12-12,,2026-07-29T18:28:48
27386730,2024-08-16,2024-12-13,,2026-07-29T18:28:49
27387772,2024-08-16,2025-02-14,,2026-07-29T18:28:49
27388054,2024-08-16,2026-07-27,,2026-07-29T18:28:49
27388159,2024-08-16,2025-08-15,,2026-07-29T18:28:50
27388436,2024-08-16,2025-11-05,,2026-07-29T18:28:50
27389328,2024-08-16,2025-02-20,,2026-07-29T18:28:51
27390116,2024-08-16,2025-04-13,,2026-07-29T18:28:51
27398233,2024-08-16,2025-11-18,,2026-07-29T18:28:52
27401344,2024-08-16,2026-06-18,,2026-07-29T18:28:52
27402860,2024-08-16,2024-08-16,,2026-07-29T18:28:52
27402964,2024-08-16,2025-02-09,,2026-07-29T18:28:52
27403142,2024-08-16,2025-02-10,,2026-07-29T18:28:54
27405508,2024-08-16,2025-04-23,,2026-07-29T18:28:53
27405537,2024-08-16,2024-12-29,,2026-07-29T18:28:53
27406157,2024-08-16,2024-08-16,,2026-07-29T18:28:54
27409971,2024-08-16,2024-08-16,,2026-07-29T18:28:54
27411063,2024-08-16,2024-11-08,,2026-07-29T18:28:54
27414053,2024-08-17,2024-11-14,,2026-07-29T18:28:55
27415119,2024-08-17,2025-01-24,,2026-07-29T18:28:55
27415523,2024-08-17,2026-08-22,,2026-08-24T04:08:35
27416276,2024-08-17,2026-04-10,,2026-07-29T18:28:55
27428131,2024-08-17,2024-12-30,,2026-07-29T18:28:56
27428978,2024-08-17,2024-09-16,,2026-07-29T18:28:56
27430142,2024-08-17,2024-09-03,,2026-07-29T18:28:56
27430730,2024-08-17,2025-02-21,,2026-07-29T18:28:56
27430744,2024-08-17,2026-04-09,,2026-07-29T18:28:56
27431081,2024-08-17,2025-03-07,,2026-07-29T18:28:57
27432054,2024-08-17,2024-10-12,,2026-07-29T18:28:57
27433165,2024-08-17,2026-08-23,,2026-08-25T04:10:03
27433819,2024-08-17,2026-02-23,,2026-07-29T18:28:57
27434203,2024-08-17,2024-09-19,,2026-07-29T18:28:57
27434766,2024-08-17,2024-08-25,,2026-07-29T18:28:58
27435151,2024-08-18,2024-12-15,,2026-07-29T18:28:58
27435498,2024-08-18,2025-02-26,,2026-07-29T18:28:58
27435818,2024-08-18,2026-05-24,,2026-07-29T18:28:58
27436502,2024-08-18,2024-09-12,,2026-07-29T18:28:58
27436725,2024-08-18,2024-12-02,,2026-07-29T18:28:59
27437436,2024-08-18,2026-08-21,,2026-08-23T05:11:27
27438114,2024-08-18,2024-10-12,,2026-07-29T18:29:00
27441523,2024-08-18,2024-08-18,,2026-07-29T18:28:59
27441826,2024-08-18,2025-04-23,,2026-07-29T18:28:59
27443337,2024-08-18,2026-08-19,,2026-08-21T04:17:05
27443776,2024-08-18,2024-08-18,,2026-07-29T18:29:00
27447026,2024-08-18,2024-08-18,,2026-07-29T18:29:00
27447682,2024-08-18,2026-08-11,,2026-08-12T07:15:39
27448097,2024-08-18,2025-04-28,,2026-07-29T18:29:01
27448286,2024-08-18,2026-04-19,,2026-07-29T18:29:01
27449028,2024-08-18,2024-08-18,,2026-07-29T18:29:01
27449097,2024-08-18,2025-01-04,,2026-07-29T18:29:02
27449191,2024-08-18,2025-06-16,,2026-07-29T18:29:02
27450010,2024-08-19,2024-08-31,,2026-07-29T18:29:02
27451720,2024-08-19,2024-09-18,,2026-07-29T18:29:02
27452051,2024-08-19,2026-03-19,,2026-07-29T18:29:03
27452483,2024-08-19,2026-03-23,,2026-07-29T18:29:03
27455099,2024-08-19,2024-08-28,,2026-07-29T18:29:03
27462094,2024-08-19,2024-09-05,,2026-07-29T18:29:04
27465314,2024-08-19,2025-02-19,,2026-07-29T18:29:04
27465555,2024-08-19,2024-08-20,,2026-07-29T18:29:04
27466777,2024-08-19,2025-03-21,,2026-07-29T18:29:04
27467174,2024-08-19,2024-09-11,,2026-07-29T18:29:04
27467267,2024-08-19,2026-07-13,,2026-07-29T18:29:05
27467891,2024-08-19,2024-12-06,,2026-07-29T18:29:05
27470431,2024-08-19,2026-01-06,,2026-07-29T18:29:05
27471906,2024-08-19,2025-03-10,,2026-07-29T18:29:06
27475023,2024-08-20,2025-06-05,,2026-07-29T18:29:06
27475353,2024-08-20,2026-07-01,,2026-07-29T18:29:06
27476002,2024-08-20,2024-11-05,,2026-07-29T18:29:06
27476306,2024-08-20,2024-10-16,,2026-07-29T18:29:06
27477908,2024-08-20,2026-07-30,,2026-07-31T04:27:33
27484581,2024-08-20,2024-11-13,,2026-07-29T18:29:06
27493457,2024-08-20,2024-09-27,,2026-07-29T18:29:07
27494624,2024-08-20,2025-02-23,,2026-07-29T18:29:07
27494788,2024-08-20,2025-01-02,,2026-07-29T18:29:08
27496295,2024-08-20,2024-08-20,,2026-07-29T18:29:08
27496700,2024-08-20,2026-03-23,,2026-07-29T18:29:09
27500283,2024-08-20,2024-08-24,,2026-07-29T18:29:08
27500756,2024-08-20,2025-03-01,,2026-07-29T18:29:09
27501968,2024-08-20,2025-10-28,,2026-07-29T18:29:09
27502106,2024-08-20,2024-11-01,,2026-07-29T18:29:09
27502119,2024-08-20,2024-08-20,,2026-07-29T18:29:10
27502227,2024-08-20,2026-08-22,,2026-08-23T05:12:39
27502421,2024-08-20,2024-12-19,,2026-07-29T18:29:10
27502889,2024-08-20,2024-10-18,,2026-07-29T18:29:10
27502993,2024-08-20,2025-03-18,,2026-07-29T18:29:10
27504670,2024-08-21,2025-02-17,,2026-07-29T18:29:11
27504738,2024-08-21,2026-08-14,,2026-08-16T07:15:09
27505231,2024-08-21,2024-10-04,,2026-07-29T18:29:11
27505487,2024-08-21,2024-10-10,,2026-07-29T18:29:11
27505722,2024-08-21,2024-11-17,,2026-07-29T18:29:11
27505879,2024-08-21,2025-02-22,,2026-07-29T18:29:12
27506024,2024-08-21,2026-08-12,,2026-08-14T06:03:35
27506186,2024-08-21,2026-05-09,,2026-07-29T18:29:12
27508434,2024-08-21,2025-04-24,,2026-07-29T18:29:12
27525248,2024-08-21,2025-05-14,,2026-07-29T18:29:13
27526105,2024-08-21,2025-01-22,,2026-07-29T18:29:13
27526123,2024-08-21,2024-12-26,,2026-07-29T18:29:13
27527330,2024-08-21,2025-10-08,,2026-07-29T18:29:14
27528341,2024-08-21,2025-04-13,,2026-07-29T18:29:14
27528600,2024-08-21,2025-08-19,,2026-07-29T18:29:14
27528619,2024-08-21,2025-09-04,,2026-07-29T18:29:14
27528654,2024-08-21,2026-03-20,,2026-07-29T18:29:14
27530645,2024-08-21,2026-05-03,,2026-07-29T18:29:15
27531605,2024-08-21,2024-11-29,,2026-07-29T18:29:15
27531976,2024-08-21,2025-04-16,,2026-07-29T18:29:15
27532780,2024-08-21,2024-10-25,,2026-07-29T18:29:16
27532818,2024-08-21,2025-10-14,,2026-07-29T18:29:16
27532926,2024-08-21,2024-09-10,,2026-07-29T18:29:16
27534200,2024-08-22,2025-02-14,,2026-07-29T18:29:16
27534215,2024-08-22,2024-09-21,,2026-07-29T18:29:16
27534612,2024-08-22,2025-04-24,,2026-07-29T18:29:17
27534897,2024-08-22,2024-08-31,,2026-07-29T18:29:17
27535188,2024-08-22,2026-02-12,,2026-07-29T18:29:17
27535197,2024-08-22,2024-09-16,,2026-07-29T18:29:18
27535545,2024-08-22,2025-03-20,,2026-07-29T18:29:18
27536135,2024-08-22,2026-04-15,,2026-07-29T18:29:18
27536776,2024-08-22,2024-08-28,,2026-07-29T18:29:18
27537565,2024-08-22,2026-03-28,,2026-07-29T18:29:18
27542676,2024-08-22,2024-09-02,,2026-07-29T18:29:19
27545399,2024-08-22,2026-08-20,,2026-08-22T05:06:06
27556304,2024-08-22,2024-12-24,,2026-07-29T18:29:19
27559301,2024-08-22,2024-10-02,,2026-07-29T18:29:19
27560097,2024-08-22,2024-08-22,,2026-07-29T18:29:20
27561120,2024-08-22,2024-09-19,,2026-07-29T18:29:20
27561271,2024-08-22,2024-10-23,,2026-07-29T18:29:20
27562028,2024-08-22,2025-12-01,,2026-07-29T18:29:20
27562314,2024-08-22,2024-11-09,,2026-07-29T18:29:21
27562911,2024-08-22,2026-06-02,,2026-07-29T18:29:21
27563248,2024-08-22,2024-09-10,,2026-07-29T18:29:21
27564136,2024-08-22,2024-11-01,,2026-07-29T18:29:21
27564207,2024-08-22,2026-08-17,,2026-08-18T06:02:52
27564468,2024-08-22,2026-07-11,,2026-07-29T18:29:22
27565018,2024-08-22,2025-09-01,,2026-07-29T18:29:22
27565149,2024-08-22,2024-11-08,,2026-07-29T18:29:22
27565504,2024-08-23,2024-12-07,,2026-07-29T18:29:22
27565808,2024-08-23,2026-08-24,,2026-08-24T22:52:23
27565905,2024-08-23,2026-05-26,,2026-07-29T18:29:22
27567175,2024-08-23,2024-08-30,,2026-07-29T18:29:23
27567263,2024-08-23,2024-09-06,,2026-07-29T18:29:23
27567597,2024-08-23,2024-12-04,,2026-07-29T18:29:23
27567651,2024-08-23,2024-08-23,,2026-07-29T18:29:24
27568050,2024-08-23,2026-06-22,,2026-07-29T18:29:24
27571984,2024-08-23,2026-08-24,,2026-08-24T19:50:19
27572335,2024-08-23,2025-03-23,,2026-07-29T18:29:25
27575788,2024-08-23,2025-10-03,,2026-07-29T18:29:25
27577079,2024-08-23,2025-06-15,,2026-07-29T18:29:25
27579794,2024-08-23,2024-10-11,,2026-07-29T18:29:25
27581478,2024-08-23,2024-10-07,,2026-07-29T18:29:25
27582155,2024-08-23,2024-11-19,,2026-07-29T18:29:25
27583946,2024-08-23,2025-04-14,,2026-07-29T18:29:26
27585644,2024-08-23,2024-08-28,,2026-07-29T18:29:26
27586066,2024-08-23,2024-09-20,,2026-07-29T18:29:26
27586682,2024-08-23,2025-03-12,,2026-07-29T18:29:27
27586879,2024-08-23,2025-01-04,,2026-07-29T18:29:27
27587069,2024-08-23,2025-08-29,,2026-07-29T18:29:29
27588575,2024-08-23,2025-12-15,,2026-07-29T18:29:28
27589581,2024-08-23,2025-01-21,,2026-07-29T18:29:28
27590110,2024-08-23,2026-06-11,,2026-07-29T18:29:30
27591829,2024-08-23,2024-09-06,,2026-07-29T18:29:28
27593748,2024-08-24,2026-08-18,,2026-08-20T05:10:22
27593768,2024-08-24,2024-10-23,,2026-07-29T18:29:29
27594117,2024-08-24,2025-01-11,,2026-07-29T18:29:29
27594465,2024-08-24,2025-01-23,,2026-07-29T18:29:29
27595275,2024-08-24,2025-10-04,,2026-07-29T18:29:30
27595982,2024-08-24,2024-10-08,,2026-07-29T18:29:30
27596179,2024-08-24,2025-01-21,,2026-07-29T18:29:31
27596214,2024-08-24,2026-08-24,,2026-08-24T14:32:03
27600689,2024-08-24,2025-09-11,,2026-07-29T18:29:31
27601845,2024-08-24,2025-11-04,,2026-08-06T22:13:32
27606538,2024-08-24,2024-09-07,,2026-07-29T18:29:32
27606785,2024-08-24,2025-01-30,,2026-07-29T18:29:32
27607444,2024-08-24,2026-08-23,,2026-08-25T04:02:18
27607554,2024-08-24,2025-11-04,,2026-07-29T18:29:32
27608173,2024-08-24,2026-01-15,,2026-07-29T18:29:32
27609523,2024-08-24,2024-08-24,,2026-07-29T18:29:33
27609614,2024-08-24,2025-09-17,,2026-07-29T18:29:33
27609631,2024-08-24,2024-11-23,,2026-07-29T18:29:33
27610175,2024-08-24,2024-09-27,,2026-07-29T18:29:33
27610291,2024-08-24,2024-08-24,,2026-07-29T18:29:33
27610546,2024-08-24,2025-07-02,,2026-07-29T18:29:34
27610602,2024-08-24,2025-09-02,,2026-07-29T18:29:34
27612070,2024-08-24,2025-08-03,,2026-07-29T18:29:34
27612991,2024-08-24,2026-05-29,,2026-07-29T18:29:34
27613192,2024-08-24,2025-02-20,,2026-07-29T18:29:34
27613780,2024-08-24,2024-09-17,,2026-07-29T18:29:35
27615096,2024-08-24,2025-12-09,,2026-07-29T18:29:35
27615191,2024-08-24,2025-01-19,,2026-07-29T18:29:35
27615312,2024-08-24,2026-07-08,,2026-07-29T18:29:35
27615634,2024-08-25,2025-08-31,,2026-07-29T18:29:35
27616091,2024-08-25,2024-11-04,,2026-07-29T18:29:35
27616213,2024-08-25,2025-04-23,,2026-07-29T18:29:36
27616444,2024-08-25,2025-03-31,,2026-07-29T18:29:36
27616693,2024-08-25,2024-10-11,,2026-07-29T18:29:36
27616788,2024-08-25,2024-08-27,,2025-12-01T21:59:38
27616806,2024-08-25,2024-08-29,,2026-07-29T18:29:37
27616935,2024-08-25,2025-01-08,,2026-07-29T18:29:37
27617176,2024-08-25,2024-11-16,,2026-07-29T18:29:37
27618922,2024-08-25,2025-06-27,,2026-07-29T18:29:38
27619542,2024-08-25,2024-08-29,,2026-07-29T18:29:38
27619698,2024-08-25,2024-11-06,,2026-07-29T18:29:39
27619746,2024-08-25,2026-06-14,,2026-07-29T18:29:39
27622251,2024-08-25,2025-11-03,,2026-07-29T18:29:42
27624954,2024-08-25,2025-03-28,,2026-07-29T18:29:39
27625391,2024-08-25,2026-01-18,,2026-07-29T18:29:41
27625544,2024-08-25,2025-07-03,,2026-07-29T18:29:40
27626490,2024-08-25,2025-12-30,,2026-07-29T18:29:41
27627498,2024-08-25,2024-11-10,,2026-07-29T18:29:41
27628743,2024-08-25,2026-08-06,,2026-08-07T04:18:46
27629515,2024-08-25,2024-11-11,,2026-07-29T18:29:42
27629620,2024-08-25,2025-02-22,,2026-07-29T18:29:43
27629663,2024-08-25,2024-12-27,,2026-07-29T18:29:44
27630107,2024-08-25,2025-07-29,,2026-07-29T18:29:44
27630264,2024-08-25,2025-06-23,,2026-07-29T18:29:44
27630404,2024-08-25,2025-02-26,,2026-07-29T18:29:45
27630412,2024-08-25,2024-10-13,,2026-07-29T18:29:45
27630538,2024-08-25,2026-08-25,,2026-08-25T03:43:17
27630758,2024-08-25,2025-08-26,,2026-07-29T18:29:45
27630995,2024-08-25,2026-08-17,,2026-08-19T05:06:33
27631209,2024-08-25,2025-07-01,,2026-07-29T18:29:46
27631295,2024-08-25,2025-04-01,,2026-07-29T18:29:46
27631547,2024-08-25,2025-01-20,,2026-07-29T18:29:46
27631879,2024-08-26,2026-07-14,,2026-07-29T18:29:46
27632055,2024-08-26,2025-06-14,,2026-07-29T18:29:46
27632268,2024-08-26,2024-11-05,,2026-07-29T18:29:47
27632324,2024-08-26,2026-01-29,,2026-07-29T18:29:47
27632381,2024-08-26,2024-11-28,,2026-07-29T18:29:47
27632394,2024-08-26,2026-03-28,,2026-07-29T18:29:49
27632888,2024-08-26,2024-09-26,,2026-07-29T18:29:49
27633022,2024-08-26,2025-08-20,,2026-07-29T18:29:49
27633400,2024-08-26,2025-05-24,,2026-07-29T18:29:50
27633732,2024-08-26,2026-08-16,,2026-08-18T07:06:04
27633749,2024-08-26,2026-08-23,,2026-08-25T05:00:02
27634335,2024-08-26,2025-04-23,,2026-07-29T18:29:51
27635026,2024-08-26,2024-10-01,,2026-07-29T18:29:51
27636786,2024-08-26,2026-04-29,,2026-07-29T18:29:53
27643552,2024-08-26,2025-01-13,,2026-07-29T18:29:53
27643717,2024-08-26,2024-09-16,,2026-07-29T18:29:53
27648117,2024-08-26,2024-10-07,,2026-07-29T18:29:54
27649478,2024-08-26,2024-09-29,,2026-07-29T18:29:55
27651115,2024-08-26,2024-08-28,,2026-07-29T18:29:55
27654139,2024-08-26,2026-07-16,,2026-08-09T16:33:55
27655305,2024-08-26,2025-09-17,,2026-07-29T18:29:55
27655978,2024-08-26,2024-10-24,,2026-07-29T18:29:56
27656930,2024-08-26,2024-09-24,,2026-07-29T18:29:56
27659773,2024-08-26,2025-08-08,,2026-07-29T18:29:56
27660818,2024-08-26,2026-05-23,,2026-07-29T18:29:59
27666520,2024-08-27,2024-12-26,,2026-07-29T18:29:58
27683619,2024-08-27,2026-01-07,,2026-07-29T18:29:58
27687559,2024-08-27,2025-10-08,,2026-07-29T18:29:58
27688649,2024-08-27,2025-04-01,,2026-07-29T18:30:00
27690725,2024-08-27,2024-09-04,,2026-07-29T18:30:00
27691520,2024-08-27,2024-09-30,,2026-07-29T18:30:00
27691682,2024-08-27,2026-08-05,,2026-08-07T04:15:08
27692293,2024-08-28,2025-05-03,,2026-07-29T18:30:00
27692887,2024-08-28,2025-01-28,,2026-07-29T18:30:00
27693165,2024-08-28,2024-09-05,,2026-07-29T18:30:00
27694050,2024-08-28,2025-07-28,,2026-07-29T18:30:00
27696622,2024-08-28,2025-04-10,,2026-07-29T18:30:00
27696940,2024-08-28,2024-09-24,,2026-07-29T18:30:00
27714547,2024-08-28,2025-02-01,,2026-07-29T18:30:00
27715414,2024-08-28,2026-03-26,,2026-07-29T18:30:00
27716245,2024-08-28,2024-08-28,,2026-07-29T18:30:02
27717690,2024-08-28,2026-06-15,,2026-07-29T18:30:01
27717727,2024-08-28,2026-08-24,,2026-08-24T22:22:54
27717744,2024-08-28,2024-10-15,,2026-07-29T18:30:01
27720460,2024-08-28,2025-03-25,,2026-07-29T18:30:01
27720741,2024-08-28,2025-10-18,,2026-07-29T18:30:02
27721099,2024-08-28,2024-11-21,,2026-07-29T18:30:02
27723171,2024-08-29,2026-04-21,,2026-07-29T18:30:03
27723506,2024-08-29,2025-03-25,,2026-07-29T18:30:03
27723765,2024-08-29,2025-04-07,,2026-07-29T18:30:04
27724287,2024-08-29,2025-03-19,,2026-07-29T18:30:04
27724392,2024-08-29,2026-08-23,,2026-08-23T18:38:03
27725591,2024-08-29,2025-03-07,,2026-07-29T18:30:05
27730673,2024-08-29,2025-12-24,,2026-07-29T18:30:05
27733426,2024-08-29,2025-01-19,,2026-07-29T18:30:05
27742330,2024-08-29,2025-02-19,,2026-07-29T18:30:05
27744029,2024-08-29,2025-02-09,,2026-07-29T18:30:07
27745722,2024-08-29,2024-10-29,,2026-07-29T18:30:06
27746279,2024-08-29,2026-05-08,,2026-07-29T18:30:07
27747704,2024-08-29,2024-09-25,,2026-07-29T18:30:07
27748250,2024-08-29,2025-08-24,,2026-07-29T18:30:07
27749215,2024-08-29,2025-07-24,,2026-07-29T18:30:07
27749522,2024-08-29,2025-04-13,,2026-07-29T18:30:08
27750426,2024-08-29,2024-09-23,,2026-07-29T18:30:08
27750942,2024-08-29,2024-08-30,,2026-07-29T18:30:08
27752406,2024-08-30,2025-07-15,,2026-07-29T18:30:09
27753008,2024-08-30,2025-01-14,,2026-07-29T18:30:09
27758340,2024-08-30,2026-08-25,,2026-08-25T04:24:17
27768733,2024-08-30,2024-09-30,,2026-07-29T18:30:10
27769451,2024-08-30,2025-01-31,,2026-07-29T18:30:16
27770721,2024-08-30,2024-10-01,,2026-07-29T18:30:10
27775049,2024-08-30,2025-09-01,,2026-07-29T18:30:18
27775214,2024-08-30,2024-08-30,,2026-07-29T18:30:17
27775355,2024-08-30,2024-08-30,,2026-07-29T18:30:10
27777088,2024-08-30,2025-01-14,,2026-07-29T18:30:11
27779263,2024-08-31,2025-05-01,,2026-07-29T18:30:11
27780352,2024-08-31,2026-08-21,,2026-08-23T04:11:28
27783653,2024-08-31,2026-02-26,,2026-07-29T18:30:12
27795266,2024-08-31,2025-09-22,,2026-07-29T18:30:13
27798016,2024-08-31,2026-02-01,,2026-07-29T18:30:13
27799336,2024-09-01,2025-09-04,,2026-07-29T18:30:13
27799711,2024-09-01,2025-06-20,,2026-07-29T18:30:14
27801209,2024-09-01,2026-07-12,,2026-07-29T18:30:14
27802104,2024-09-01,2026-06-06,,2026-07-29T18:30:16
27807158,2024-09-01,2024-09-11,,2026-07-29T18:30:16
27809926,2024-09-01,2024-12-17,,2026-07-29T18:30:17
27810024,2024-09-01,2024-10-10,,2026-07-29T18:30:17
27810099,2024-09-01,2024-10-26,,2026-07-29T18:30:17
27811843,2024-09-01,2024-09-24,,2026-07-29T18:30:17
27812026,2024-09-01,2025-11-07,,2026-07-29T18:30:17
27813588,2024-09-01,2024-09-10,,2026-07-29T18:30:17
27817494,2024-09-02,2024-11-20,,2026-07-29T18:30:17
27824080,2024-09-02,2026-07-24,,2026-07-29T18:30:18
27835631,2024-09-02,2024-11-22,,2026-07-29T18:30:18
27836115,2024-09-02,2025-11-05,,2026-07-29T18:30:18
27839693,2024-09-02,2024-09-07,,2026-07-29T18:30:19
27839903,2024-09-02,2026-06-25,,2026-07-29T18:30:19
27840050,2024-09-02,2025-05-30,,2026-07-29T18:30:23
27841018,2024-09-02,2024-11-18,,2026-07-29T18:30:19
27841074,2024-09-02,2024-10-15,,2026-07-29T18:30:21
27842061,2024-09-02,2024-09-16,,2026-07-29T18:30:21
27850210,2024-09-03,2025-09-10,,2026-07-29T18:30:21
27860786,2024-09-03,2026-04-25,,2026-07-29T18:30:21
27861261,2024-09-03,2024-10-11,,2026-07-29T18:30:22
27863394,2024-09-03,2024-11-07,,2026-07-29T18:30:22
27863408,2024-09-03,2024-12-21,,2026-07-29T18:30:23
27863658,2024-09-03,2024-09-27,,2026-07-29T18:30:23
27863814,2024-09-03,2024-09-10,,2026-07-29T18:30:24
27866136,2024-09-03,2024-10-01,,2026-07-29T18:30:25
27866428,2024-09-03,2025-10-18,,2026-07-29T18:30:29
27866678,2024-09-03,2025-02-21,,2026-07-29T18:30:31
27867029,2024-09-03,2025-05-11,,2026-07-29T18:30:28
27870469,2024-09-03,2025-04-09,,2026-07-29T18:30:27
27870532,2024-09-03,2024-09-20,,2026-07-29T18:30:31
27871404,2024-09-03,2025-05-18,,2026-07-29T18:30:32
27874633,2024-09-04,2026-06-01,,2026-07-29T18:30:29
27874812,2024-09-04,2026-02-07,,2026-07-29T18:30:30
27876921,2024-09-04,2025-08-14,,2026-07-29T18:30:30
27889763,2024-09-04,2025-03-04,,2026-07-29T18:30:32
27890772,2024-09-04,2024-09-30,,2026-07-29T18:30:30
27895831,2024-09-04,2025-05-09,,2026-07-29T18:30:31
27895971,2024-09-04,2025-01-29,,2026-08-11T14:56:28
27897308,2024-09-04,2025-07-16,,2026-07-29T18:30:33
27897351,2024-09-04,2025-03-10,,2026-07-29T18:30:31
27898272,2024-09-04,2024-09-08,,2026-07-29T18:30:31
27900109,2024-09-04,2026-04-29,,2026-07-29T18:30:33
27900276,2024-09-04,2025-08-02,,2026-07-29T18:30:33
27900831,2024-09-04,2024-09-30,,2026-07-29T18:30:33
27901260,2024-09-04,2024-09-13,,2026-07-29T18:30:33
27901883,2024-09-04,2024-11-04,,2026-07-29T18:30:33
27902260,2024-09-04,2024-12-09,,2026-07-29T18:30:34
27902293,2024-09-04,2024-09-05,,2026-07-29T18:30:34
27902430,2024-09-04,2026-03-22,,2026-07-29T18:30:37
27902731,2024-09-05,2026-08-10,,2026-08-12T04:12:17
27902925,2024-09-05,2025-01-04,,2026-07-29T18:30:35
27903756,2024-09-05,2025-05-20,,2026-07-29T18:30:35
27903866,2024-09-05,2025-08-11,,2026-07-29T18:30:36
27904228,2024-09-05,2026-08-18,,2026-08-20T05:02:51
27904247,2024-09-05,2025-05-11,,2026-07-29T18:30:36
27904791,2024-09-05,2026-04-15,,2026-07-29T18:30:36
27904947,2024-09-05,2024-12-24,,2026-07-29T18:30:40
27904988,2024-09-05,2025-11-30,,2026-07-29T18:30:43
27905377,2024-09-05,2025-07-11,,2026-07-29T18:30:41
27906019,2024-09-05,2026-02-04,,2026-07-29T18:30:42
27906421,2024-09-05,2026-05-01,,2026-07-29T18:30:45
27931520,2024-09-06,2026-08-17,,2026-08-19T07:09:52
27951267,2024-09-06,2025-07-17,,2026-07-29T18:30:43
27956537,2024-09-06,2026-03-26,,2026-07-29T18:30:43
27957150,2024-09-06,2025-01-05,,2026-07-29T18:30:43
27957432,2024-09-06,2025-02-15,,2026-07-29T18:30:43
27958343,2024-09-06,2025-09-23,,2026-07-29T18:30:43
27960566,2024-09-07,2024-10-02,,2026-07-29T18:30:44
27975975,2024-09-07,2024-11-20,,2026-07-29T18:30:44
27978298,2024-09-08,2025-03-11,,2026-07-29T18:30:44
27978453,2024-09-08,2024-09-20,,2026-07-29T18:30:46
27983686,2024-09-08,2025-04-06,,2026-07-29T18:30:45
27988881,2024-09-08,2025-10-22,,2026-07-29T18:30:45
27989663,2024-09-08,2024-09-08,,2026-07-29T18:30:46
27990209,2024-09-08,2025-04-16,,2026-07-29T18:30:46
27991962,2024-09-08,2025-02-11,,2026-07-29T18:30:46
27993516,2024-09-09,2024-10-18,,2026-07-29T18:30:46
27993565,2024-09-09,2025-12-20,,2026-07-29T18:30:46
28018976,2024-09-09,2026-05-13,,2026-07-29T18:30:47
28019966,2024-09-09,2025-10-07,,2026-07-29T18:30:47
28028305,2024-09-10,2025-11-06,,2026-07-29T18:30:47
28028372,2024-09-10,2026-08-20,,2026-08-22T04:19:05
28032131,2024-09-10,2025-01-09,,2026-07-29T18:30:47
28041670,2024-09-10,2024-09-17,,2026-07-29T18:30:47
28044925,2024-09-10,2024-09-16,,2026-07-29T18:30:48
28052487,2024-09-10,2025-03-10,,2026-07-29T18:30:48
28052897,2024-09-10,2026-06-04,,2026-07-29T18:30:48
28054150,2024-09-10,2024-09-19,,2026-07-29T18:30:48
28058509,2024-09-10,2025-06-13,,2026-07-29T18:30:49
28060224,2024-09-11,2024-10-11,,2026-07-29T18:30:49
28062448,2024-09-11,2024-09-28,,2026-07-29T18:30:49
28062759,2024-09-11,2026-06-23,,2026-07-29T18:30:49
28087115,2024-09-11,2026-08-12,,2026-08-13T04:26:09
28090211,2024-09-11,2026-08-20,,2026-08-22T04:06:09
28090600,2024-09-11,2025-03-16,,2026-07-29T18:30:50
28091838,2024-09-12,2024-11-12,,2026-07-29T18:30:50
28099798,2024-09-12,2025-02-05,,2026-07-29T18:30:50
28100379,2024-09-12,2026-03-25,,2026-07-29T18:30:51
28111894,2024-09-12,2026-06-02,,2026-07-29T18:30:51
28116595,2024-09-12,2025-10-09,,2026-07-29T18:30:51
28117155,2024-09-12,2026-08-18,,2026-08-20T05:04:37
28120456,2024-09-12,2025-07-30,,2026-07-29T18:31:05
28138103,2024-09-13,2024-09-15,,2026-07-29T18:31:05
28146405,2024-09-13,2026-07-21,,2026-07-29T18:31:05
28148050,2024-09-13,2026-03-19,,2026-07-29T18:31:05
28149170,2024-09-13,2024-11-04,,2026-07-29T18:31:05
28151534,2024-09-13,2024-11-17,,2026-07-29T18:31:06
28153470,2024-09-14,2025-08-16,,2026-08-04T04:36:52
28157902,2024-09-14,2025-10-29,,2026-07-29T18:31:06
28167859,2024-09-14,2025-03-14,,2026-07-29T18:31:06
28171315,2024-09-14,2024-09-16,,2026-07-29T18:31:07
28171673,2024-09-14,2024-11-29,,2026-07-29T18:31:08
28174174,2024-09-15,2025-09-25,,2026-07-29T18:31:07
28175990,2024-09-15,2024-10-05,,2026-07-29T18:31:07
28176336,2024-09-15,2026-08-03,,2026-08-05T05:11:22
28178535,2024-09-15,2024-10-27,,2026-07-29T18:31:08
28181586,2024-09-15,2024-09-15,,2026-07-29T18:31:08
28182689,2024-09-15,2026-03-07,,2026-07-29T18:31:09
28183436,2024-09-15,2026-06-27,,2026-07-29T18:31:09
28183540,2024-09-15,2025-05-16,,2026-07-29T18:31:11
28185704,2024-09-15,2025-09-18,,2026-07-29T18:31:13
28186554,2024-09-15,2025-06-23,,2026-07-29T18:31:16
28187463,2024-09-15,2025-02-22,,2026-07-29T18:31:12
28189971,2024-09-15,2025-04-23,,2026-07-29T18:31:13
28190827,2024-09-16,2024-10-10,,2026-07-29T18:31:13
28196767,2024-09-16,2024-09-16,,2026-07-29T18:31:16
28211200,2024-09-16,2025-09-24,,2026-07-29T18:31:14
28213067,2024-09-16,2024-09-27,,2026-07-29T18:31:14
28217124,2024-09-16,2026-05-12,,2026-07-29T18:31:15
28217406,2024-09-16,2025-10-26,,2026-07-29T18:31:15
28218186,2024-09-16,2025-04-07,,2026-07-29T18:31:16
28220787,2024-09-17,2024-10-12,,2026-07-29T18:31:17
28220972,2024-09-17,2025-07-02,,2026-07-29T18:31:17
28239144,2024-09-17,2026-05-26,,2026-07-29T18:31:17
28245302,2024-09-17,2025-02-16,,2026-07-29T18:31:17
28246941,2024-09-17,2024-11-06,,2026-07-29T18:31:18
28247093,2024-09-17,2024-11-18,,2026-07-29T18:31:18
28247356,2024-09-18,2024-11-20,,2026-07-29T18:31:18
28249088,2024-09-18,2025-10-11,,2026-07-29T18:31:18
28261399,2024-09-18,2026-08-17,,2026-08-19T07:10:38
28270468,2024-09-18,2025-02-28,,2026-07-29T18:31:19
28271047,2024-09-18,2024-09-18,,2026-07-29T18:31:19
28272396,2024-09-18,2025-06-29,,2026-07-29T18:31:20
28272665,2024-09-18,2024-10-04,,2026-07-29T18:31:20
28272772,2024-09-18,2024-09-19,,2026-07-29T18:31:20
28278618,2024-09-19,2024-12-15,,2026-07-29T18:31:20
28279106,2024-09-19,2024-10-03,,2026-07-29T18:31:21
28279354,2024-09-19,2026-08-05,,2026-08-07T04:15:35
28279458,2024-09-19,2025-05-16,,2026-07-29T18:31:21
28279623,2024-09-19,2024-09-19,,2026-07-29T18:31:21
28281197,2024-09-19,2026-02-12,,2026-07-29T18:31:21
28281485,2024-09-19,2024-09-25,,2026-07-29T18:31:22
28299038,2024-09-19,2024-09-20,,2026-07-29T18:31:22
28299958,2024-09-19,2025-02-02,,2026-07-29T18:31:22
28300460,2024-09-19,2025-04-11,,2026-07-29T18:31:22
28302932,2024-09-19,2025-11-19,,2026-07-29T18:31:25
28303823,2024-09-19,2025-04-03,,2026-07-29T18:31:23
28304351,2024-09-19,2026-05-14,,2026-07-29T18:31:23
28304786,2024-09-19,2025-05-14,,2026-07-29T18:31:23
28305243,2024-09-19,2025-08-18,,2026-07-29T18:31:24
28305638,2024-09-19,2026-07-31,,2026-08-02T06:02:59
28307069,2024-09-19,2025-09-25,,2026-07-29T18:31:25
28307147,2024-09-19,2026-06-02,,2026-07-29T18:31:25
28307295,2024-09-19,2024-09-19,,2026-07-29T18:31:25
28308110,2024-09-20,2025-09-05,,2026-07-29T18:31:26
28315049,2024-09-20,2025-02-14,,2026-07-29T18:31:26
28322885,2024-09-20,2024-09-20,,2026-07-29T18:31:26
28323717,2024-09-20,2024-11-08,,2026-07-29T18:31:26
28328171,2024-09-20,2026-08-05,,2026-08-07T04:15:01
28329581,2024-09-20,2024-09-22,,2026-07-29T18:31:27
28330358,2024-09-20,2025-10-19,,2026-07-29T18:31:27
28330513,2024-09-20,2025-01-06,,2026-07-29T18:31:28
28330762,2024-09-20,2026-02-10,,2026-07-29T18:31:27
28332082,2024-09-20,2026-08-10,,2026-08-12T04:16:40
28332304,2024-09-20,2026-03-22,,2026-07-29T18:31:28
28333222,2024-09-20,2025-12-01,,2026-07-29T18:31:30
28334040,2024-09-20,2025-03-14,,2026-07-29T18:31:29
28334156,2024-09-20,2025-12-13,,2026-07-29T18:31:32
28334309,2024-09-21,2024-11-15,,2026-07-29T18:31:29
28334327,2024-09-21,2024-09-24,,2026-07-29T18:31:29
28335043,2024-09-21,2025-05-16,,2026-07-29T18:31:29
28335140,2024-09-21,2026-08-03,,2026-08-05T07:08:30
28335421,2024-09-21,2024-12-23,,2026-07-29T18:31:30
28335742,2024-09-21,2026-08-24,,2026-08-24T07:39:31
28338559,2024-09-21,2024-11-30,,2026-07-29T18:31:30
28348223,2024-09-21,2025-09-13,,2026-07-29T18:31:30
28348957,2024-09-21,2025-06-22,,2026-07-29T18:31:33
28349748,2024-09-21,2025-09-23,,2026-07-29T18:31:32
28350827,2024-09-21,2026-01-20,,2026-07-29T18:31:33
28350993,2024-09-21,2026-08-05,,2026-08-07T04:08:13
28351530,2024-09-21,2025-04-30,,2026-07-29T18:31:33
28352417,2024-09-21,2024-12-26,,2026-07-29T18:31:34
28352512,2024-09-21,2025-06-23,,2026-07-29T18:31:34
28353287,2024-09-21,2025-03-01,,2026-07-29T18:31:35
28354300,2024-09-21,2025-06-20,,2026-07-29T18:31:35
28355046,2024-09-22,2024-12-11,,2026-07-29T18:31:38
28355090,2024-09-22,2026-07-11,,2026-07-29T18:31:38
28355246,2024-09-22,2025-04-05,,2026-07-29T18:31:39
28355473,2024-09-22,2024-11-29,,2026-07-29T18:31:39
28355564,2024-09-22,2024-11-27,,2026-07-29T18:31:39
28355668,2024-09-22,2024-09-27,,2026-07-29T18:31:40
28355900,2024-09-22,2024-09-23,,2026-07-29T18:31:40
28355996,2024-09-22,2026-01-28,,2026-07-29T18:31:40
28359405,2024-09-22,2025-03-25,,2026-07-29T18:31:41
28362623,2024-09-22,2024-11-03,,2026-07-29T18:31:41
28363484,2024-09-22,2024-09-23,,2026-07-29T18:31:42
28363693,2024-09-22,2024-10-11,,2026-07-29T18:31:42
28365648,2024-09-22,2024-11-04,,2026-07-29T18:31:43
28365757,2024-09-22,2024-10-01,,2026-07-29T18:31:43
28366258,2024-09-22,2026-07-13,,2026-07-29T18:31:43
28368875,2024-09-22,2025-10-05,,2026-07-29T18:31:43
28369003,2024-09-22,2024-09-25,,2026-07-29T18:31:44
28369494,2024-09-22,2025-12-01,,2026-07-29T18:31:45
28369933,2024-09-22,2024-12-26,,2026-07-29T18:31:44
28370634,2024-09-23,2024-10-07,,2026-07-29T18:31:44
28370731,2024-09-23,2026-07-28,,2026-07-30T06:03:32
28370753,2024-09-23,2025-05-05,,2026-07-29T18:31:45
28371042,2024-09-23,2026-08-21,,2026-08-23T04:10:13
28371188,2024-09-23,2025-09-17,,2026-07-29T18:31:45
28372826,2024-09-23,2024-10-06,,2026-07-29T18:31:46
28373056,2024-09-23,2024-10-07,,2026-07-29T18:31:46
28373448,2024-09-23,2024-11-22,,2026-07-29T18:31:46
28376699,2024-09-23,2026-07-14,,2026-07-29T18:31:46
28385594,2024-09-23,2024-10-04,,2026-07-29T18:31:47
28389439,2024-09-23,2026-06-26,,2026-07-29T18:31:47
28389932,2024-09-23,2025-01-31,,2026-07-29T18:31:47
28391371,2024-09-23,2025-12-24,,2026-07-29T18:31:47
28391632,2024-09-23,2026-04-11,,2026-07-29T18:31:47
28393062,2024-09-23,2024-12-22,,2026-07-29T18:31:48
28393103,2024-09-23,2025-01-14,,2026-07-29T18:31:48
28394674,2024-09-23,2024-12-04,,2026-07-29T18:31:50
28395125,2024-09-23,2024-11-03,,2026-07-29T18:31:48
28395199,2024-09-23,2026-08-15,,2026-08-17T04:11:21
28395791,2024-09-23,2025-01-23,,2026-07-29T18:31:49
28396102,2024-09-23,2026-04-08,,2026-07-29T18:31:49
28398048,2024-09-23,2024-10-15,,2026-07-29T18:31:49
28398396,2024-09-23,2024-11-06,,2026-07-29T18:31:50
28399814,2024-09-23,2026-08-19,,2026-08-21T04:04:30
28400305,2024-09-23,2025-01-23,,2026-07-29T18:31:52
28400374,2024-09-23,2024-11-26,,2026-07-29T18:31:50
28400857,2024-09-23,2025-05-13,,2026-07-29T18:31:51
28400881,2024-09-23,2025-10-02,,2026-07-29T18:31:51
28402001,2024-09-23,2025-03-16,,2026-07-29T18:31:51
28402063,2024-09-23,2026-02-22,,2026-07-29T18:31:51
28403092,2024-09-24,2025-01-03,,2026-07-29T18:31:51
28403610,2024-09-24,2024-09-24,,2026-07-29T18:31:51
28403611,2024-09-24,2025-05-26,,2026-07-29T18:31:52
28404123,2024-09-24,2025-01-19,,2026-07-29T18:31:52
28404355,2024-09-24,2024-11-05,,2026-07-29T18:31:52
28404398,2024-09-24,2025-07-20,,2026-07-29T18:31:52
28404497,2024-09-24,2026-08-23,,2026-08-25T05:02:24
28404573,2024-09-24,2025-03-16,,2026-07-29T18:31:53
28404669,2024-09-24,2025-04-10,,2026-07-29T18:31:53
28405897,2024-09-24,2024-12-24,,2026-07-29T18:31:54
28406214,2024-09-24,2024-12-09,,2026-07-29T18:31:53
28408254,2024-09-24,2024-10-18,,2026-07-29T18:31:53
28421910,2024-09-24,2024-09-24,,2026-07-29T18:31:54
28426414,2024-09-24,2025-12-22,,2026-07-29T18:31:54
28426805,2024-09-24,2026-06-01,,2026-07-29T18:31:54
28426935,2024-09-24,2026-08-21,,2026-08-23T04:23:06
28427343,2024-09-24,2025-07-07,,2026-07-29T18:31:55
28428542,2024-09-24,2024-09-24,,2026-07-29T18:31:55
28429082,2024-09-24,2025-01-13,,2026-07-29T18:31:55
28429155,2024-09-24,2026-08-12,,2026-08-14T07:17:26
28429166,2024-09-24,2024-09-24,,2026-07-29T18:31:56
28429207,2024-09-24,2024-09-30,,2026-07-29T18:31:56
28429418,2024-09-24,2025-06-15,,2026-07-29T18:31:56
28429879,2024-09-24,2025-01-01,,2026-07-29T18:31:56
28432041,2024-09-24,2024-09-25,,2026-07-29T18:31:56
28433063,2024-09-24,2024-09-24,,2026-07-29T18:31:57
28433096,2024-09-24,2025-01-12,,2026-07-29T18:31:57
28434214,2024-09-24,2024-12-09,,2026-07-29T18:31:57
28434439,2024-09-24,2024-11-05,,2026-07-29T18:31:57
28434619,2024-09-24,2024-12-13,,2026-07-29T18:31:57
28435002,2024-09-24,2026-02-26,,2026-07-29T18:31:58
28435163,2024-09-24,2025-02-25,,2026-07-29T18:31:58
28435250,2024-09-24,2024-09-29,,2026-07-29T18:31:58
28435452,2024-09-24,2025-03-14,,2026-07-29T18:31:58
28435939,2024-09-24,2026-07-29,,2026-07-30T04:11:37
28436326,2024-09-24,2024-09-24,,2026-07-29T18:31:59
28436597,2024-09-24,2024-09-25,,2026-07-29T18:31:59
28437866,2024-09-25,2025-02-26,,2026-07-29T18:31:59
28437963,2024-09-25,2026-03-04,,2026-07-29T18:31:59
28438066,2024-09-25,2024-09-27,,2026-07-29T18:31:59
28438418,2024-09-25,2026-08-19,,2026-08-20T04:12:21
28438640,2024-09-25,2026-03-26,,2026-07-29T18:32:00
28438695,2024-09-25,2025-05-09,,2026-07-29T18:32:01
28438774,2024-09-25,2026-05-30,,2026-07-29T18:32:02
28438842,2024-09-25,2026-06-29,,2026-07-29T18:32:02
28439053,2024-09-25,2024-09-26,,2026-07-29T18:32:01
28439535,2024-09-25,2026-04-01,,2026-07-29T18:32:03
28439775,2024-09-25,2025-03-10,,2026-08-18T01:21:24
28439928,2024-09-25,2024-11-29,,2026-07-29T18:32:01
28440393,2024-09-25,2026-04-01,,2026-07-29T18:32:02
28441399,2024-09-25,2025-01-16,,2026-07-29T18:32:02
28445037,2024-09-25,2024-10-19,,2026-07-29T18:32:02
28445355,2024-09-25,2026-02-24,,2026-07-29T18:32:03
28445503,2024-09-25,2026-02-01,,2026-07-29T18:32:03
28455555,2024-09-25,2024-10-03,,2026-07-29T18:32:03
28456078,2024-09-25,2024-12-23,,2026-07-29T18:32:03
28459208,2024-09-25,2026-08-19,,2026-08-21T05:06:18
28459848,2024-09-25,2026-08-11,,2026-08-13T07:13:58
28461256,2024-09-25,2026-02-16,,2026-08-06T16:26:19
28461612,2024-09-25,2025-06-23,,2026-07-29T18:32:04
28462052,2024-09-25,2026-03-31,,2026-07-29T18:32:05
28462255,2024-09-25,2026-08-24,,2026-08-24T15:38:18
28462433,2024-09-25,2024-12-30,,2026-07-29T18:32:05
28462487,2024-09-25,2025-03-22,,2026-07-29T18:32:05
28463145,2024-09-25,2025-08-12,,2026-07-29T18:32:06
28463357,2024-09-25,2026-08-16,,2026-08-17T07:11:48
28465568,2024-09-25,2024-11-12,,2026-07-29T18:32:06
28465596,2024-09-25,2026-04-01,,2026-07-29T18:32:06
28465935,2024-09-25,2025-04-26,,2026-07-29T18:32:07
28466053,2024-09-25,2025-09-30,,2026-07-29T18:32:07
28466341,2024-09-25,2024-09-29,,2026-07-29T18:32:07
28466421,2024-09-25,2025-02-05,,2026-07-29T18:32:08
28466563,2024-09-25,2024-09-25,,2026-07-29T18:32:08
28466699,2024-09-25,2024-09-26,,2026-07-29T18:32:08
28466936,2024-09-25,2025-02-23,,2026-07-29T18:32:08
28467186,2024-09-25,2025-10-04,,2026-07-29T18:32:09
28467276,2024-09-25,2025-05-14,,2026-07-29T18:32:09
28467631,2024-09-25,2025-01-21,,2026-07-29T18:32:09
28467885,2024-09-25,2024-09-25,,2026-07-29T18:32:09
28468208,2024-09-25,2025-05-17,,2026-07-29T18:32:10
28468353,2024-09-25,2024-12-13,,2026-07-29T18:32:10
28468892,2024-09-25,2025-04-28,,2026-07-29T18:32:10
28469115,2024-09-25,2025-11-01,,2026-07-29T18:32:10
28469125,2024-09-25,2024-11-12,,2026-07-29T18:32:11
28469149,2024-09-25,2026-05-04,,2026-07-29T18:32:11
28469312,2024-09-25,2024-10-11,,2026-07-29T18:32:11
28469525,2024-09-25,2026-07-11,,2026-07-29T18:32:11
28470404,2024-09-26,2025-02-03,,2026-07-29T18:32:12
28470613,2024-09-26,2026-08-22,,2026-08-24T05:06:00
28470617,2024-09-26,2024-11-02,,2026-07-29T18:32:12
28470782,2024-09-26,2026-01-27,,2026-07-29T18:32:13
28471057,2024-09-26,2024-09-26,,2026-07-29T18:32:12
28471627,2024-09-26,2025-01-05,,2026-07-29T18:32:13
28471829,2024-09-26,2025-05-16,,2026-07-29T18:32:14
28471894,2024-09-26,2026-07-15,,2026-07-29T18:32:14
28472267,2024-09-26,2026-01-18,,2026-07-29T18:32:15
28472330,2024-09-26,2024-09-29,,2026-07-29T18:32:15
28472796,2024-09-26,2025-03-12,,2026-07-29T18:32:15
28472828,2024-09-26,2026-08-03,,2026-08-05T05:12:46
28472860,2024-09-26,2025-02-05,,2026-07-29T18:32:16
28473254,2024-09-26,2025-02-03,,2026-07-29T18:32:17
28473739,2024-09-26,2024-11-14,,2026-07-29T18:32:17
28473878,2024-09-26,2025-01-27,,2026-07-29T18:32:17
28473981,2024-09-26,2025-05-23,,2026-07-29T18:32:18
28474592,2024-09-26,2026-02-10,,2026-07-29T18:32:18
28475118,2024-09-26,2025-10-05,,2026-07-29T18:32:19
28475871,2024-09-26,2025-02-07,,2026-07-29T18:32:19
28480491,2024-09-26,2025-04-22,,2026-07-29T18:32:19
28485312,2024-09-26,2026-06-30,,2026-07-29T18:32:19
28487621,2024-09-26,2026-08-22,,2026-08-24T04:12:31
28489204,2024-09-26,2024-09-26,,2026-07-29T18:32:20
28494093,2024-09-26,2026-06-03,,2026-07-29T18:32:20
28494410,2024-09-26,2025-03-22,,2026-07-29T18:32:20
28497594,2024-09-26,2025-12-24,,2026-07-29T18:32:20
28498388,2024-09-26,2024-12-26,,2026-07-29T18:32:20
28498481,2024-09-26,2025-07-06,,2026-07-29T18:32:21
28498610,2024-09-26,2026-07-09,,2026-07-29T18:32:21
28500129,2024-09-26,2024-11-29,,2026-07-29T18:32:21
28500913,2024-09-26,2025-07-01,,2026-07-29T18:32:21
28501696,2024-09-26,2024-10-22,,2026-07-29T18:32:22
28508051,2024-09-26,2024-10-21,,2026-07-29T18:32:23
28511278,2024-09-27,2024-09-28,,2026-07-29T18:32:23
28511948,2024-09-27,2026-08-17,,2026-08-19T17:00:19
28512495,2024-09-27,2024-10-04,,2026-07-29T18:32:23
28515560,2024-09-27,2024-10-06,,2026-07-29T18:32:24
28529275,2024-09-27,2024-09-27,,2026-07-29T18:32:24
28532981,2024-09-27,2024-10-14,,2026-07-29T18:32:24
28533120,2024-09-27,2024-12-11,,2026-07-29T18:32:24
28534606,2024-09-27,2026-06-29,,2026-07-29T18:32:25
28542217,2024-09-28,2026-08-18,,2026-08-20T04:07:22
28556477,2024-09-28,2024-10-10,,2026-07-29T18:32:25
28556612,2024-09-28,2026-03-21,,2026-07-29T18:32:25
28557624,2024-09-29,2025-01-22,,2026-07-29T18:32:25
28557955,2024-09-29,2026-08-23,,2026-08-25T04:04:33
28558195,2024-09-29,2024-12-29,,2026-07-29T18:32:26
28560289,2024-09-29,2026-08-15,,2026-08-17T05:06:39
28570318,2024-09-29,2026-04-27,,2026-07-29T18:32:28
28589592,2024-09-30,2025-05-02,,2026-07-29T18:32:28
28593444,2024-09-30,2026-01-14,,2026-07-29T18:32:28
28597738,2024-09-30,2024-09-30,,2026-07-29T18:32:28
28600324,2024-09-30,2025-07-08,,2026-07-29T18:32:28
28600619,2024-09-30,2025-06-08,,2026-07-29T18:32:29
28603373,2024-10-01,2025-04-11,,2026-07-29T18:32:29
28604101,2024-10-01,2025-06-10,,2026-07-29T18:32:29
28604445,2024-10-01,2024-10-01,,2026-07-29T18:32:29
28604486,2024-10-01,2025-01-13,,2026-07-29T18:32:29
28605166,2024-10-01,2026-08-14,,2026-08-16T05:12:15
28605562,2024-10-01,2026-07-20,,2026-07-29T18:32:30
28605570,2024-10-01,2025-04-04,,2026-07-29T18:32:30
28609372,2024-10-01,2025-02-17,,2026-07-29T18:32:41
28622339,2024-10-01,2026-01-19,,2026-07-29T18:32:42
28623510,2024-10-01,2024-10-01,,2026-07-29T18:32:42
28624714,2024-10-01,2025-07-27,,2026-07-29T18:32:42
28625619,2024-10-01,2025-02-21,,2026-07-29T18:32:42
28628015,2024-10-01,2025-11-07,,2026-07-29T18:32:42
28628171,2024-10-01,2026-08-09,,2026-08-10T04:14:39
28628758,2024-10-01,2025-11-05,,2026-07-29T18:32:43
28633113,2024-10-02,2024-12-22,,2026-07-29T18:32:43
28647365,2024-10-02,2026-04-01,,2026-07-29T18:32:44
28647425,2024-10-02,2026-06-24,,2026-07-29T18:32:44
28652903,2024-10-02,2024-10-13,,2026-07-29T18:32:44
28653520,2024-10-02,2024-12-07,,2026-07-29T18:32:44
28654736,2024-10-02,2025-04-17,,2026-07-29T18:32:44
28654752,2024-10-02,2026-03-25,,2026-07-29T18:32:44
28656362,2024-10-02,2024-10-29,,2026-08-04T20:05:39
28656775,2024-10-02,2026-02-15,,2026-07-29T18:32:45
28657022,2024-10-02,2025-11-11,,2026-07-29T18:32:45
28657129,2024-10-02,2026-01-14,,2026-07-29T18:32:45
28657175,2024-10-02,2024-11-21,,2026-07-29T18:32:46
28660076,2024-10-03,2025-07-18,,2026-07-29T18:32:46
28660133,2024-10-03,2026-02-25,,2026-07-29T18:32:46
28664869,2024-10-03,2026-01-19,,2026-07-29T18:32:47
28677230,2024-10-03,2026-08-17,,2026-08-19T04:16:58
28680466,2024-10-03,2025-06-08,,2026-07-29T18:32:47
28681652,2024-10-03,2024-10-03,,2026-07-29T18:32:47
28682928,2024-10-03,2025-02-20,,2026-07-29T18:32:47
28687059,2024-10-03,2026-08-12,,2026-08-14T04:26:05
28687898,2024-10-03,2025-04-21,,2026-07-29T18:32:48
28688658,2024-10-03,2024-12-31,,2026-07-29T18:32:48
28688754,2024-10-03,2026-08-03,,2026-08-05T06:03:49
28688917,2024-10-03,2024-10-03,,2026-07-29T18:32:48
28689333,2024-10-03,2025-03-14,,2026-07-29T18:32:50
28689410,2024-10-03,2024-10-17,,2026-07-29T18:32:51
28689569,2024-10-04,2024-10-04,,2026-07-29T18:32:51
28691018,2024-10-04,2025-10-04,,2026-07-29T18:32:52
28691263,2024-10-04,2024-10-27,,2026-07-29T18:32:52
28692788,2024-10-04,2026-08-22,,2026-08-24T05:05:57
28696457,2024-10-04,2026-07-18,,2026-07-29T18:32:53
28702057,2024-10-04,2024-10-11,,2026-07-29T18:32:53
28708837,2024-10-04,2024-11-13,,2026-07-29T18:32:53
28710688,2024-10-04,2024-10-23,,2026-07-29T18:32:54
28712251,2024-10-04,2024-10-29,,2026-07-29T18:32:54
28714102,2024-10-04,2026-08-23,,2026-08-23T14:31:14
28714808,2024-10-04,2025-02-19,,2026-07-29T18:32:56
28714917,2024-10-04,2026-03-25,,2026-07-29T18:32:59
28715713,2024-10-04,2026-01-23,,2026-07-29T18:32:59
28717603,2024-10-05,2024-10-21,,2026-07-29T18:32:59
28717658,2024-10-05,2025-11-10,,2026-07-29T18:32:59
28718159,2024-10-05,2024-10-25,,2026-07-29T18:32:59
28718177,2024-10-05,2026-03-30,,2026-07-29T18:33:00
28735427,2024-10-05,2024-10-31,,2026-07-29T18:33:00
28737883,2024-10-06,2025-01-20,,2026-07-29T18:33:00
28744576,2024-10-06,2024-10-08,,2026-07-29T18:33:00
28748035,2024-10-06,2025-08-17,,2026-07-29T18:33:01
28750376,2024-10-06,2026-08-17,,2026-08-19T05:06:54
28752140,2024-10-06,2026-08-24,,2026-08-24T23:17:57
28766222,2024-10-07,2026-08-24,,2026-08-24T21:18:02
28766957,2024-10-07,2024-10-07,,2026-07-29T18:33:02
28767973,2024-10-07,2025-05-15,,2026-07-29T18:33:02
28781757,2024-10-07,2026-06-20,,2026-07-29T18:33:02
28782072,2024-10-08,2025-10-07,,2026-07-29T18:33:02
28783843,2024-10-08,2026-04-09,,2026-07-29T18:33:02
28799702,2024-10-08,2024-12-09,,2026-07-29T18:33:03
28813989,2024-10-09,2024-12-16,,2026-07-29T18:33:03
28814746,2024-10-09,2026-05-13,,2026-07-29T18:33:03
28815430,2024-10-09,2025-01-20,,2026-07-29T18:33:03
28838183,2024-10-09,2024-11-06,,2026-07-29T18:33:03
28842323,2024-10-09,2024-11-09,,2026-07-29T18:33:04
28842578,2024-10-09,2024-10-16,,2026-07-29T18:33:04
28845631,2024-10-10,2024-10-30,,2026-07-29T18:33:04
28847113,2024-10-10,2026-08-25,,2026-08-25T04:20:49
28859351,2024-10-10,2025-07-31,,2026-08-20T10:03:15
28866468,2024-10-10,2025-07-15,,2026-07-29T18:33:07
28869065,2024-10-10,2025-11-04,,2026-07-29T18:33:07
28870336,2024-10-10,2025-02-14,,2026-07-29T18:33:07
28870558,2024-10-10,2026-06-11,,2026-07-29T18:33:07
28872483,2024-10-10,2026-02-22,,2026-07-29T18:33:08
28873438,2024-10-10,2025-03-24,,2026-07-29T18:33:08
28873574,2024-10-10,2025-02-20,,2026-07-29T18:33:08
28873978,2024-10-10,2026-08-11,,2026-08-13T05:09:22
28875463,2024-10-11,2026-05-18,,2026-07-29T18:33:09
28875521,2024-10-11,2025-08-12,,2026-07-29T18:33:09
28875540,2024-10-11,2025-10-20,,2026-07-29T18:33:09
28876638,2024-10-11,2026-06-11,,2026-07-29T18:33:09
28876971,2024-10-11,2024-12-28,,2026-07-29T18:33:11
28888380,2024-10-11,2026-04-10,,2026-07-29T18:33:12
28892382,2024-10-11,2025-11-04,,2026-07-29T18:33:10
28892408,2024-10-11,2025-10-08,,2026-07-29T18:33:10
28893732,2024-10-11,2025-02-17,,2026-07-29T18:33:12
28894477,2024-10-11,2024-10-11,,2026-07-29T18:33:10
28895024,2024-10-11,2024-12-22,,2026-07-29T18:33:11
28895150,2024-10-11,2024-10-11,,2026-07-29T18:33:11
28896006,2024-10-11,2026-07-01,,2026-07-29T18:33:13
28898478,2024-10-11,2026-01-31,,2026-07-29T18:33:11
28899219,2024-10-11,2024-10-28,,2026-07-29T18:33:11
28900640,2024-10-12,2025-02-18,,2026-07-29T18:33:12
28900895,2024-10-12,2024-10-12,,2026-07-29T18:33:12
28912412,2024-10-12,2026-02-08,,2026-07-29T18:33:12
28914421,2024-10-12,2026-08-02,,2026-08-04T04:07:14
28915134,2024-10-12,2024-11-29,,2026-07-29T18:33:13
28916672,2024-10-13,2025-10-28,,2026-07-29T18:33:13
28917445,2024-10-13,2026-04-28,,2026-07-29T18:33:14
28925741,2024-10-13,2025-04-22,,2026-07-29T18:33:14
28927354,2024-10-13,2025-05-14,,2026-07-29T18:33:14
28929820,2024-10-13,2024-12-30,,2026-07-29T18:33:15
28930621,2024-10-14,2026-08-24,,2026-08-24T23:04:21
28930683,2024-10-14,2024-12-16,,2026-07-29T18:33:15
28931791,2024-10-14,2026-07-04,,2026-07-29T18:33:16
28934370,2024-10-14,2026-01-03,,2026-07-29T18:33:15
28938667,2024-10-14,2026-04-22,,2026-07-29T18:33:16
28948243,2024-10-14,2024-10-15,,2026-07-29T18:33:17
28949790,2024-10-14,2026-04-04,,2026-07-29T18:33:16
28954222,2024-10-14,2025-10-26,,2026-07-29T18:33:16
28956048,2024-10-14,2024-11-07,,2026-07-29T18:33:17
28956667,2024-10-14,2026-08-13,,2026-08-15T04:13:55
28957343,2024-10-14,2026-05-28,,2026-07-29T18:33:17
28960396,2024-10-15,2024-10-15,,2026-07-29T18:33:17
28961511,2024-10-15,2026-05-19,,2026-07-29T18:33:17
28977313,2024-10-15,2024-11-04,,2026-07-29T18:33:18
28977742,2024-10-15,2024-12-04,,2026-07-29T18:33:18
28978146,2024-10-15,2024-10-16,,2026-07-29T18:33:18
28979206,2024-10-15,2024-10-17,,2026-07-29T18:33:19
28981042,2024-10-15,2024-10-15,,2026-07-29T18:33:19
28982810,2024-10-15,2026-06-27,,2026-07-29T18:33:19
28983735,2024-10-15,2025-02-23,,2026-07-29T18:33:19
28988141,2024-10-15,2025-09-05,,2026-07-29T18:33:20
28988981,2024-10-15,2025-04-29,,2026-07-29T18:33:20
28990531,2024-10-16,2025-03-19,,2026-07-29T18:33:20
28990642,2024-10-16,2025-10-04,,2026-07-29T18:33:20
28991532,2024-10-16,2025-03-04,,2026-07-29T18:33:21
29012062,2024-10-16,2026-05-14,,2026-07-29T18:33:21
29012493,2024-10-16,2025-08-10,,2026-07-29T18:33:21
29012533,2024-10-16,2024-10-16,,2026-07-29T18:33:22
29013799,2024-10-16,2024-10-16,,2026-07-29T18:33:22
29015647,2024-10-16,2025-08-14,,2026-07-29T18:33:22
29015966,2024-10-16,2025-10-31,,2026-07-29T18:33:23
29019265,2024-10-17,2026-07-30,,2026-07-31T07:16:51
29030950,2024-10-17,2024-10-19,,2026-07-29T18:33:23
29036235,2024-10-17,2026-05-22,,2026-07-29T18:33:23
29042094,2024-10-17,2026-03-23,,2026-07-29T18:33:23
29044034,2024-10-17,2025-07-26,,2026-07-29T18:33:24
29044133,2024-10-17,2026-06-22,,2026-07-29T18:33:24
29044587,2024-10-17,2026-08-22,,2026-08-24T05:03:09
29045830,2024-10-17,2025-04-28,,2026-07-29T18:33:24
29048752,2024-10-18,2025-12-01,,2026-07-29T18:33:24
29069988,2024-10-18,2026-08-14,,2026-08-16T04:25:06
29072222,2024-10-18,2025-05-31,,2026-07-29T18:33:25
29072469,2024-10-18,2025-02-26,,2026-07-29T18:33:25
29073306,2024-10-18,2026-04-09,,2026-07-29T18:33:25
29091768,2024-10-19,2025-11-23,,2026-07-29T18:33:25
29092180,2024-10-19,2024-11-08,,2026-07-29T18:33:26
29093842,2024-10-19,2025-02-27,,2026-07-29T18:33:26
29094729,2024-10-19,2024-11-11,,2026-07-29T18:33:26
29095077,2024-10-19,2024-12-26,,2026-07-29T18:33:26
29095759,2024-10-20,2024-11-01,,2026-07-29T18:33:27
29102217,2024-10-20,2025-02-12,,2026-07-29T18:33:27
29105859,2024-10-20,2025-03-05,,2026-07-29T18:33:27
29106207,2024-10-20,2025-03-06,,2026-07-29T18:33:27
29131977,2024-10-20,2026-02-24,,2026-07-29T18:33:28
29136436,2024-10-20,2025-12-10,,2026-07-29T18:33:30
29139764,2024-10-21,2025-07-04,,2026-07-29T18:33:29
29140654,2024-10-21,2025-02-25,,2026-07-29T18:33:31
29141052,2024-10-21,2025-05-23,,2026-07-29T18:33:30
29149648,2024-10-21,2024-12-02,,2026-07-29T18:33:30
29149950,2024-10-21,2026-03-07,,2026-07-29T18:33:31
29155746,2024-10-21,2025-11-18,,2026-07-29T18:33:31
29164381,2024-10-21,2025-03-04,,2026-07-29T18:33:31
29164691,2024-10-21,2025-12-10,,2026-07-29T18:33:32
29165067,2024-10-21,2026-02-16,,2026-07-29T18:33:32
29165192,2024-10-21,2024-12-01,,2026-07-29T18:33:32
29167303,2024-10-21,2026-07-15,,2026-07-29T18:33:32
29172687,2024-10-21,2025-03-25,,2026-07-29T18:33:32
29178568,2024-10-21,2025-05-30,,2026-07-29T18:33:33
29180968,2024-10-21,2024-11-09,,2026-07-29T18:33:33
29181592,2024-10-21,2025-05-17,,2026-07-29T18:33:33
29199869,2024-10-22,2025-01-30,,2026-07-29T18:33:33
29202529,2024-10-22,2025-06-29,,2026-07-29T18:33:34
29202867,2024-10-22,2026-08-22,,2026-08-23T04:24:36
29205094,2024-10-22,2024-10-29,,2026-07-29T18:33:34
29208945,2024-10-22,2024-10-22,,2026-07-29T18:33:34
29210818,2024-10-22,2025-03-03,,2026-07-29T18:33:35
29217315,2024-10-22,2024-11-26,,2026-07-29T18:33:35
29229691,2024-10-22,2024-10-22,,2026-07-29T18:33:35
29231711,2024-10-22,2024-10-22,,2026-07-29T18:33:35
29232730,2024-10-22,2025-01-22,,2026-07-29T18:33:35
29233014,2024-10-22,2025-03-30,,2026-07-29T18:33:36
29235226,2024-10-22,2024-11-21,,2026-07-29T18:33:36
29237284,2024-10-22,2025-08-21,,2026-07-29T18:33:36
29240316,2024-10-22,2026-03-25,,2026-07-29T18:33:36
29240365,2024-10-22,2025-02-19,,2026-07-29T18:33:37
29241450,2024-10-22,2026-02-16,,2026-07-29T18:33:37
29241666,2024-10-22,2025-12-28,,2026-07-29T18:33:37
29245149,2024-10-22,2024-10-29,,2026-07-29T18:33:37
29252107,2024-10-23,2025-05-02,,2026-07-29T18:33:37
29261343,2024-10-23,2026-05-04,,2026-07-29T18:33:37
29270533,2024-10-23,2025-10-24,,2026-07-29T18:33:51
29273107,2024-10-23,2024-11-02,,2026-07-29T18:33:52
29273853,2024-10-23,2025-01-16,,2026-07-29T18:33:53
29293285,2024-10-23,2026-06-29,,2026-07-29T18:33:53
29295033,2024-10-24,2024-12-05,,2026-07-29T18:33:53
29298981,2024-10-24,2025-11-21,,2026-07-29T18:33:55
29299466,2024-10-24,2025-03-10,,2026-07-29T18:33:53
29299510,2024-10-24,2024-12-01,,2026-07-29T18:33:54
29302345,2024-10-24,2026-04-20,,2026-07-29T18:33:55
29313313,2024-10-24,2025-09-23,,2026-07-29T18:33:56
29318206,2024-10-24,2025-06-22,,2026-07-29T18:33:55
29320075,2024-10-24,2024-10-28,,2026-07-29T18:33:55
29321721,2024-10-24,2026-06-27,,2026-07-29T18:33:58
29329230,2024-10-24,2025-04-25,,2026-07-29T18:33:56
29329540,2024-10-24,2025-04-16,,2026-07-29T18:33:56
29331359,2024-10-24,2025-09-11,,2026-07-29T18:33:56
29336331,2024-10-24,2026-05-08,,2026-07-29T18:34:00
29336696,2024-10-24,2026-02-20,,2026-07-29T18:33:57
29336852,2024-10-24,2025-01-07,,2026-07-29T18:33:59
29337431,2024-10-25,2026-08-22,,2026-08-23T06:04:36
29338788,2024-10-25,2025-01-28,,2026-07-29T18:33:58
29340604,2024-10-25,2026-03-25,,2026-07-29T18:34:00
29341903,2024-10-25,2025-10-10,,2026-07-29T18:33:59
29342114,2024-10-25,2025-08-09,,2026-07-29T18:34:00
29342673,2024-10-25,2026-04-12,,2026-07-29T18:34:00
29344328,2024-10-25,2026-08-14,,2026-08-16T07:12:55
29344408,2024-10-25,2024-12-10,,2026-07-29T18:34:00
29344601,2024-10-25,2025-02-08,,2026-07-29T18:34:00
29344610,2024-10-25,2025-05-21,,2026-07-29T18:34:01
29348204,2024-10-25,2024-10-25,,2026-07-29T18:34:01
29351418,2024-10-25,2024-11-20,,2026-07-29T18:34:01
29352402,2024-10-25,2024-12-12,,2026-07-29T18:34:02
29361558,2024-10-25,2025-07-10,,2026-07-29T18:34:03
29363513,2024-10-25,2024-10-30,,2026-07-29T18:34:04
29363559,2024-10-25,2024-11-26,,2026-07-29T18:34:05
29364751,2024-10-25,2026-07-20,,2026-07-29T18:34:04
29366905,2024-10-25,2025-01-25,,2026-07-29T18:34:05
29367167,2024-10-25,2025-03-10,,2026-07-29T18:34:06
29367754,2024-10-25,2024-12-02,,2026-07-29T18:34:05
29369261,2024-10-25,2024-12-19,,2026-07-29T18:34:06
29370449,2024-10-25,2026-05-28,,2026-07-29T18:34:06
29370688,2024-10-25,2026-04-04,,2026-07-29T18:34:07
29370721,2024-10-25,2025-05-21,,2026-07-29T18:34:07
29373904,2024-10-25,2026-08-24,,2026-08-25T04:00:37
29374211,2024-10-26,2024-10-31,,2026-07-29T18:34:07
29374368,2024-10-26,2025-04-12,,2026-07-29T18:34:10
29375015,2024-10-26,2024-10-26,,2026-07-29T18:34:11
29375617,2024-10-26,2024-11-07,,2026-07-29T18:34:09
29376088,2024-10-26,2025-05-02,,2026-07-29T18:34:09
29376097,2024-10-26,2024-12-29,,2026-07-29T18:34:10
29376442,2024-10-26,2024-11-12,,2026-07-29T18:34:10
29377005,2024-10-26,2026-02-11,,2026-07-29T18:34:10
29377032,2024-10-26,2026-08-04,,2026-08-06T07:01:35
29377520,2024-10-26,2026-05-18,,2026-07-29T18:34:10
29380004,2024-10-26,2025-01-18,,2026-07-29T18:34:10
29384303,2024-10-26,2025-01-25,,2026-07-29T18:34:12
29386501,2024-10-26,2024-11-19,,2026-07-29T18:34:13
29390283,2024-10-26,2025-01-09,,2026-07-29T18:34:11
29391718,2024-10-26,2025-04-07,,2026-07-29T18:34:11
29393360,2024-10-26,2024-11-02,,2026-07-29T18:34:12
29396960,2024-10-26,2024-11-26,,2026-07-29T18:34:12
29397563,2024-10-26,2025-05-12,,2026-07-29T18:34:12
29397985,2024-10-26,2026-08-23,,2026-08-25T05:00:46
29398906,2024-10-26,2026-02-14,,2026-07-29T18:34:13
29400513,2024-10-27,2026-05-07,,2026-07-29T18:34:14
29401587,2024-10-27,2025-01-29,,2026-07-29T18:34:14
29408127,2024-10-27,2026-05-23,,2026-07-29T18:34:14
29412630,2024-10-27,2026-05-17,,2026-07-29T18:34:14
29412650,2024-10-27,2026-04-12,,2026-07-29T18:34:13
29412811,2024-10-27,2026-08-22,,2026-08-23T04:24:02
29416414,2024-10-27,2025-02-04,,2026-07-29T18:34:14
29416869,2024-10-27,2026-06-17,,2026-07-29T18:34:14
29422688,2024-10-27,2026-08-11,,2026-08-13T04:01:12
29424357,2024-10-27,2025-03-30,,2026-07-29T18:34:14
29426829,2024-10-28,2026-05-21,,2026-07-29T18:34:15
29427847,2024-10-28,2025-08-14,,2026-07-29T18:34:15
29431448,2024-10-28,2025-05-11,,2026-07-29T18:34:15
29441737,2024-10-28,2026-05-23,,2026-07-29T18:34:16
29453090,2024-10-28,2026-07-09,,2026-07-29T18:34:15
29453323,2024-10-28,2026-08-05,,2026-08-07T18:20:40
29457342,2024-10-28,2025-06-14,,2026-07-29T18:34:16
29459785,2024-10-28,2025-03-04,,2026-07-29T18:34:16
29460748,2024-10-28,2024-10-31,,2026-07-29T18:34:16
29461372,2024-10-28,2024-12-11,,2026-07-29T18:34:16
29466082,2024-10-28,2025-11-11,,2026-07-29T18:34:17
29466917,2024-10-28,2026-07-04,,2026-07-29T18:34:19
29469089,2024-10-29,2025-03-05,,2026-07-29T18:34:18
29477546,2024-10-29,2026-06-28,,2026-07-29T18:34:18
29479014,2024-10-29,2025-08-01,,2026-07-29T18:34:18
29486483,2024-10-29,2026-04-09,,2026-07-29T18:34:18
29488120,2024-10-29,2026-03-12,,2026-07-29T18:34:18
29489990,2024-10-29,2025-04-20,,2026-07-29T18:34:18
29491834,2024-10-29,2024-11-11,,2026-07-29T18:34:19
29492807,2024-10-29,2025-08-23,,2026-07-29T18:34:19
29496223,2024-10-29,2026-07-09,,2026-07-29T18:34:20
29502529,2024-10-29,2026-08-21,,2026-08-23T04:17:37
29505026,2024-10-29,2026-08-22,,2026-08-24T04:13:00
29512747,2024-10-30,2025-02-20,,2026-07-29T18:34:21
29514455,2024-10-30,2025-08-04,,2026-07-29T18:34:21
29515040,2024-10-30,2026-07-23,,2026-07-29T18:34:21
29530352,2024-10-30,2025-10-11,,2026-07-29T18:34:21
29532227,2024-10-30,2024-11-29,,2026-07-29T18:34:21
29532769,2024-10-30,2024-11-04,,2026-07-29T18:34:22
29534184,2024-10-30,2025-07-29,,2026-07-29T18:34:22
29534432,2024-10-30,2026-08-17,,2026-08-19T04:07:59
29535280,2024-10-30,2026-01-13,,2026-07-29T18:34:22
29535334,2024-10-30,2026-06-13,,2026-07-29T18:34:22
29537087,2024-10-30,2024-11-28,,2026-07-29T18:34:22
29537280,2024-10-30,2025-12-02,,2026-07-29T18:34:23
29538953,2024-10-30,2024-11-12,,2026-07-29T18:34:23
29540808,2024-10-30,2026-07-31,,2026-08-02T07:08:32
29541727,2024-10-30,2024-11-12,,2026-07-29T18:34:23
29541842,2024-10-30,2024-11-03,,2026-07-29T18:34:23
29543080,2024-10-30,2025-06-29,,2026-07-29T18:34:24
29543371,2024-10-30,2026-08-11,,2026-08-13T07:14:05
29547021,2024-10-31,2024-10-31,,2026-07-29T18:34:24
29547272,2024-10-31,2026-01-29,,2026-07-29T18:34:24
29548688,2024-10-31,2026-06-12,,2026-07-29T18:34:25
29551316,2024-10-31,2024-12-14,,2026-07-29T18:34:25
29553363,2024-10-31,2026-05-05,,2026-07-29T18:34:25
29561476,2024-10-31,2025-05-01,,2026-07-29T18:34:25
29564968,2024-10-31,2025-02-19,,2026-07-29T18:34:25
29565750,2024-10-31,2024-12-20,,2026-07-29T18:34:25
29565910,2024-10-31,2025-01-08,,2026-07-29T18:34:26
29567689,2024-10-31,2025-05-09,,2026-07-29T18:34:26
29568114,2024-10-31,2024-12-30,,2026-07-29T18:34:26
29569469,2024-11-01,2025-04-09,,2026-07-29T18:34:26
29569487,2024-11-01,2024-11-26,,2026-07-29T18:34:27
29573808,2024-11-01,2026-08-25,,2026-08-25T04:45:04
29578367,2024-11-01,2026-08-02,,2026-08-03T06:03:21
29579289,2024-11-01,2026-01-10,,2026-07-29T18:34:27
29588563,2024-11-01,2025-03-07,,2026-07-29T18:34:27
29598149,2024-11-01,2026-02-11,,2026-07-29T18:34:28
29600099,2024-11-02,2024-12-04,,2026-07-29T18:34:28
29600964,2024-11-02,2025-12-05,,2026-07-29T18:34:28
29601108,2024-11-02,2026-05-22,,2026-07-29T18:34:28
29601442,2024-11-02,2026-06-26,,2026-07-29T18:34:29
29604628,2024-11-02,2025-01-28,,2026-07-29T18:34:29
29605708,2024-11-02,2025-09-03,,2026-07-29T18:34:29
29606931,2024-11-02,2024-12-07,,2026-07-29T18:34:29
29609849,2024-11-02,2026-08-18,,2026-08-20T04:21:54
29611052,2024-11-02,2024-12-22,,2026-07-29T18:34:29
29611996,2024-11-02,2024-11-20,,2026-07-29T18:34:30
29612900,2024-11-02,2024-11-03,,2026-07-29T18:34:30
29614660,2024-11-02,2026-04-18,,2026-07-29T18:34:30
29614929,2024-11-02,2025-06-27,,2026-07-29T18:34:30
29615190,2024-11-02,2026-08-06,,2026-08-08T05:08:06
29615838,2024-11-02,2024-11-25,,2026-07-29T18:34:31
29616437,2024-11-02,2025-04-16,,2026-07-29T18:34:31
29616691,2024-11-02,2025-03-17,,2026-07-29T18:34:31
29616964,2024-11-02,2026-08-13,,2026-08-14T06:05:46
29617263,2024-11-02,2025-05-04,,2026-07-29T18:34:31
29617450,2024-11-02,2024-11-08,,2026-07-29T18:34:32
29620873,2024-11-03,2026-08-12,,2026-08-14T04:12:58
29624425,2024-11-03,2024-11-20,,2026-07-29T18:34:32
29630331,2024-11-03,2026-08-17,,2026-08-19T05:04:14
29630339,2024-11-03,2024-12-08,,2026-07-29T18:34:32
29631964,2024-11-03,2024-12-24,,2026-07-29T18:34:33
29633236,2024-11-03,2024-12-12,,2026-07-29T18:34:33
29633780,2024-11-04,2025-04-28,,2026-07-29T18:34:33
29634030,2024-11-04,2024-11-04,,2026-07-29T18:34:33
29634182,2024-11-04,2025-06-06,,2026-07-29T18:34:33
29635250,2024-11-04,2024-12-23,,2026-07-29T18:34:34
29640067,2024-11-04,2024-11-13,,2026-07-29T18:34:34
29645758,2024-11-04,2025-09-19,,2026-07-29T18:34:35
29654279,2024-11-04,2025-01-03,,2026-07-29T18:34:34
29654776,2024-11-04,2024-11-28,,2026-07-29T18:34:36
29655630,2024-11-04,2025-08-15,,2026-07-29T18:34:37
29656267,2024-11-04,2026-02-04,,2026-07-29T18:34:35
29656429,2024-11-04,2024-12-10,,2026-07-29T18:34:35
29657079,2024-11-04,2024-12-09,,2026-07-29T18:34:37
29658035,2024-11-04,2025-02-01,,2026-07-29T18:34:37
29659798,2024-11-04,2025-01-28,,2026-07-29T18:34:37
29660106,2024-11-04,2025-06-13,,2026-07-29T18:34:37
29660477,2024-11-04,2024-12-02,,2026-07-29T18:34:38
29661167,2024-11-04,2025-05-13,,2026-07-29T18:34:38
29661601,2024-11-04,2024-12-05,,2026-07-29T18:34:38
29662402,2024-11-04,2025-01-27,,2026-07-29T18:34:38
29663307,2024-11-05,2026-03-26,,2026-07-29T18:34:39
29663570,2024-11-05,2025-05-05,,2026-07-29T18:34:39
29663870,2024-11-05,2025-01-17,,2026-07-29T18:34:40
29663968,2024-11-05,2024-11-07,,2026-07-29T18:34:40
29664616,2024-11-05,2025-02-01,,2026-07-29T18:34:40
29665312,2024-11-05,2026-04-09,,2026-07-29T18:34:40
29666711,2024-11-05,2024-11-22,,2026-07-29T18:34:40
29667253,2024-11-05,2024-11-26,,2026-07-29T18:34:40
29675250,2024-11-05,2024-11-05,,2026-07-29T18:34:40
29686574,2024-11-05,2025-11-19,,2026-07-29T18:34:40
29693626,2024-11-06,2024-11-06,,2026-07-29T18:34:41
29696402,2024-11-06,2024-12-02,,2026-07-29T18:34:41
29709742,2024-11-06,2026-03-21,,2026-07-29T18:34:41
29710923,2024-11-06,2026-08-23,,2026-08-23T15:44:01
29713462,2024-11-06,2025-05-08,,2026-07-29T18:34:42
29716782,2024-11-06,2026-08-12,,2026-08-13T04:25:45
29717349,2024-11-06,2026-08-17,,2026-08-19T04:09:50
29719429,2024-11-06,2024-12-15,,2026-07-29T18:34:44
29722939,2024-11-07,2025-01-22,,2026-07-29T18:34:45
29737869,2024-11-07,2026-08-17,,2026-08-19T07:08:18
29743142,2024-11-07,2026-01-02,,2026-07-29T18:34:46
29743204,2024-11-07,2024-11-18,,2026-07-29T18:34:46
29746123,2024-11-07,2026-03-19,,2026-07-29T18:34:46
29746376,2024-11-07,2024-11-18,,2026-07-29T18:34:47
29747581,2024-11-07,2024-11-15,,2026-07-29T18:34:47
29749533,2024-11-07,2025-03-01,,2026-07-29T18:34:48
29750033,2024-11-07,2026-03-20,,2026-07-29T18:34:48
29752547,2024-11-08,2025-01-28,,2026-07-29T18:34:49
29753059,2024-11-08,2024-11-19,,2026-07-29T18:34:49
29756214,2024-11-08,2024-12-09,,2026-07-29T18:34:50
29776087,2024-11-08,2024-12-19,,2026-07-29T18:34:50
29776622,2024-11-08,2024-11-24,,2026-07-29T18:34:50
29776750,2024-11-08,2025-03-26,,2026-07-29T18:34:50
29782797,2024-11-09,2026-03-01,,2026-07-29T18:34:51
29783476,2024-11-09,2025-12-04,,2026-07-29T18:34:51
29786561,2024-11-09,2026-08-20,,2026-08-22T06:01:42
29790761,2024-11-09,2025-04-03,,2026-07-29T18:34:52
29791557,2024-11-09,2024-11-13,,2026-07-29T18:34:52
29793650,2024-11-09,2024-12-05,,2026-07-29T18:34:52
29794465,2024-11-09,2024-11-11,,2026-07-29T18:34:52
29794906,2024-11-09,2025-03-24,,2026-07-29T18:34:52
29797254,2024-11-09,2025-06-02,,2026-07-29T18:34:53
29797899,2024-11-09,2026-08-14,,2026-08-16T04:16:00
29798973,2024-11-09,2026-08-08,,2026-08-10T04:11:17
29807945,2024-11-10,2026-01-19,,2026-07-29T18:34:53
29812272,2024-11-10,2026-07-04,,2026-08-19T22:58:08
29812423,2024-11-10,2024-12-28,,2026-07-29T18:34:54
29812827,2024-11-10,2025-07-03,,2026-07-29T18:34:54
29813255,2024-11-10,2026-03-19,,2026-07-29T18:34:54
29813343,2024-11-10,2025-02-04,,2026-07-29T18:34:55
29813375,2024-11-10,2025-08-31,,2026-07-29T18:34:55
29814010,2024-11-10,2026-02-05,,2026-07-29T18:34:55
29814769,2024-11-11,2026-08-08,,2026-08-10T05:06:56
29815465,2024-11-11,2026-01-03,,2026-07-29T18:34:56
29823630,2024-11-11,2025-08-12,,2026-07-29T18:34:56
29831894,2024-11-11,2025-05-09,,2026-07-29T18:34:56
29835493,2024-11-11,2025-03-05,,2026-07-29T18:34:56
29835528,2024-11-11,2026-01-31,,2026-07-29T18:34:57
29837594,2024-11-11,2026-08-19,,2026-08-21T05:01:09
29839598,2024-11-11,2024-12-03,,2026-07-29T18:34:57
29840643,2024-11-11,2025-01-22,,2026-07-29T18:34:57
29841671,2024-11-11,2026-08-21,,2026-08-23T07:07:55
29843555,2024-11-11,2025-09-22,,2026-07-29T18:34:58
29843916,2024-11-12,2025-03-18,,2026-07-29T18:34:58
29844178,2024-11-12,2025-06-06,,2026-07-29T18:34:59
29844540,2024-11-12,2025-10-02,,2026-07-29T18:34:59
29855653,2024-11-12,2025-10-24,,2026-07-29T18:34:59
29857959,2024-11-12,2025-05-08,,2026-07-29T18:34:59
29860928,2024-11-12,2026-08-07,,2026-08-08T04:12:30
29866841,2024-11-12,2025-01-13,,2026-07-29T18:35:01
29869857,2024-11-12,2025-06-21,,2026-07-29T18:35:01
29871057,2024-11-12,2025-03-24,,2026-07-29T18:35:01
29871160,2024-11-12,2025-03-30,,2026-07-29T18:35:02
29871682,2024-11-12,2024-12-18,,2026-07-29T18:35:02
29873816,2024-11-13,2024-11-20,,2026-07-29T18:35:02
29874201,2024-11-13,2026-03-28,,2026-07-29T18:35:02
29875541,2024-11-13,2026-02-19,,2026-07-29T18:35:03
29878478,2024-11-13,2024-11-30,,2026-07-29T18:35:04
29892428,2024-11-13,2026-08-14,,2026-08-16T04:10:29
29893846,2024-11-13,2024-11-14,,2026-07-29T18:35:04
29894625,2024-11-13,2026-06-01,,2026-07-29T18:35:05
29894913,2024-11-13,2025-02-03,,2026-07-29T18:35:06
29896214,2024-11-13,2025-06-30,,2026-07-29T18:35:06
29897733,2024-11-13,2025-06-01,,2026-07-29T18:35:06
29898246,2024-11-13,2025-08-24,,2026-07-29T18:35:06
29899028,2024-11-13,2026-01-30,,2026-07-29T18:35:06
29899256,2024-11-13,2026-07-04,,2026-07-29T18:35:07
29900374,2024-11-13,2024-11-16,,2026-07-29T18:35:07
29901153,2024-11-13,2024-11-14,,2026-07-29T18:35:07
29901813,2024-11-14,2025-12-05,,2026-07-29T18:35:07
29902436,2024-11-14,2025-12-11,,2026-07-29T18:35:08
29902870,2024-11-14,2025-05-06,,2026-07-29T18:35:08
29902980,2024-11-14,2026-04-22,,2026-07-29T18:35:08
29904246,2024-11-14,2026-01-14,,2026-07-29T18:35:08
29904473,2024-11-14,2025-04-11,,2026-07-29T18:35:08
29905295,2024-11-14,2025-03-05,,2026-07-29T18:35:09
29911134,2024-11-14,2026-03-25,,2026-07-29T18:35:09
29917033,2024-11-14,2025-11-25,,2026-07-29T18:35:09
29922632,2024-11-14,2024-11-30,,2026-07-29T18:35:09
29927694,2024-11-14,2026-06-17,,2026-07-29T18:35:10
29929341,2024-11-14,2024-12-08,,2026-07-29T18:35:10
29929587,2024-11-14,2025-12-16,,2026-07-29T18:35:10
29930328,2024-11-14,2026-03-13,,2026-07-29T18:35:10
29930440,2024-11-15,2025-06-09,,2026-07-29T18:35:11
29931445,2024-11-15,2024-12-11,,2026-07-29T18:35:11
29946430,2024-11-15,2026-08-01,,2026-08-03T07:07:58
29949817,2024-11-15,2026-07-30,,2026-07-31T04:04:42
29949914,2024-11-15,2024-11-16,,2026-07-29T18:35:12
29950287,2024-11-15,2026-08-24,,2026-08-24T06:28:09
29951854,2024-11-15,2024-11-15,,2026-07-29T18:35:12
29952705,2024-11-15,2024-12-21,,2026-07-29T18:35:12
29952777,2024-11-15,2025-02-21,,2026-07-29T18:35:13
29953272,2024-11-15,2025-05-24,,2026-08-22T17:45:24
29954685,2024-11-15,2026-08-15,,2026-08-17T08:34:54
29955610,2024-11-16,2025-09-18,,2026-07-29T18:35:14
29955775,2024-11-16,2026-08-12,,2026-08-14T04:12:14
29956429,2024-11-16,2026-06-29,,2026-07-29T18:35:14
29956519,2024-11-16,2025-01-21,,2026-07-29T18:35:16
29957712,2024-11-16,2026-05-25,,2026-07-29T18:35:28
29958563,2024-11-16,2026-04-16,,2026-07-29T18:35:28
29970447,2024-11-16,2025-07-07,,2026-07-29T18:35:28
29972902,2024-11-16,2026-03-31,,2026-07-29T18:35:29
29979092,2024-11-17,2024-11-17,,2026-07-29T18:35:29
29982439,2024-11-17,2026-07-17,,2026-07-29T18:35:29
29987670,2024-11-17,2025-05-29,,2026-07-29T18:35:30
29988583,2024-11-17,2025-10-06,,2026-07-29T18:35:30
29989055,2024-11-17,2024-12-02,,2026-07-29T18:35:30
29989191,2024-11-17,2025-11-11,,2026-07-29T18:35:30
29989488,2024-11-17,2025-12-01,,2026-07-29T18:35:30
29993276,2024-11-18,2024-11-19,,2026-07-29T18:35:31
30010931,2024-11-18,2024-11-20,,2026-07-29T18:35:32
30011922,2024-11-18,2024-11-18,,2026-07-29T18:35:32
30012962,2024-11-18,2025-10-20,,2026-07-29T18:35:32
30015108,2024-11-18,2025-02-10,,2026-07-29T18:35:32
30015283,2024-11-18,2025-01-09,,2026-07-29T18:35:32
30017768,2024-11-19,2025-02-16,,2026-07-29T18:35:33
30021514,2024-11-19,2026-08-03,,2026-08-05T04:14:36
30026559,2024-11-19,2025-06-01,,2026-07-29T18:35:33
30043682,2024-11-19,2025-01-30,,2026-07-29T18:35:33
30043948,2024-11-19,2024-12-24,,2026-07-29T18:35:33
30046184,2024-11-19,2024-12-05,,2026-07-29T18:35:34
30047820,2024-11-20,2026-06-16,,2026-07-29T18:35:34
30048322,2024-11-20,2024-11-26,,2026-07-29T18:35:34
30048369,2024-11-20,2025-02-04,,2026-07-29T18:35:34
30066226,2024-11-20,2024-11-20,,2026-07-29T18:35:35
30066904,2024-11-20,2026-07-08,,2026-07-29T18:35:35
30067534,2024-11-20,2025-03-14,,2026-07-29T18:35:35
30069230,2024-11-20,2024-11-22,,2026-07-29T18:35:36
30071250,2024-11-20,2024-11-20,,2026-07-29T18:35:36
30072045,2024-11-20,2025-03-07,,2026-07-29T18:35:36
30075567,2024-11-20,2026-06-01,,2026-07-29T18:35:36
30076128,2024-11-21,2024-11-26,,2026-07-29T18:35:37
30076143,2024-11-21,2024-11-26,,2026-07-29T18:35:37
30077826,2024-11-21,2024-12-15,,2026-07-29T18:35:38
30077912,2024-11-21,2024-12-28,,2026-07-29T18:35:51
30078137,2024-11-21,2026-08-22,,2026-08-24T04:09:11
30078334,2024-11-21,2025-06-23,,2026-07-29T18:35:53
30080616,2024-11-21,2024-12-05,,2026-07-29T18:35:54
30084039,2024-11-21,2025-04-25,,2026-07-29T18:35:55
30084198,2024-11-21,2026-07-07,,2026-07-29T18:35:55
30088247,2024-11-21,2026-08-21,,2026-08-23T07:14:03
30092225,2024-11-21,2026-01-14,,2026-07-29T18:35:57
30094567,2024-11-21,2025-04-24,,2026-07-29T18:35:58
30094904,2024-11-21,2026-08-11,,2026-08-13T05:08:13
30095943,2024-11-21,2026-08-22,,2026-08-24T05:03:54
30096992,2024-11-21,2024-11-25,,2026-07-29T18:36:00
30098885,2024-11-21,2025-02-24,,2026-08-01T03:21:56
30103103,2024-11-21,2024-11-24,,2026-07-29T18:36:00
30103115,2024-11-21,2024-11-26,,2026-07-29T18:36:02
30103129,2024-11-21,2025-01-06,,2026-07-29T18:36:03
30104006,2024-11-21,2026-02-02,,2026-07-29T18:36:04
30104214,2024-11-21,2025-04-28,,2026-07-29T18:36:04
30104862,2024-11-22,2025-09-16,,2026-07-29T18:36:06
30105855,2024-11-22,2024-12-03,,2026-07-29T18:36:07
30120615,2024-11-22,2025-01-07,,2026-07-29T18:36:08
30122693,2024-11-22,2025-04-14,,2026-07-29T18:36:09
30126509,2024-11-22,2025-09-24,,2026-07-29T18:36:10
30127236,2024-11-22,2025-03-21,,2026-07-29T18:36:12
30127672,2024-11-22,2024-11-22,,2026-07-29T18:36:13
30127745,2024-11-22,2026-03-05,,2026-07-29T18:36:13
30128820,2024-11-22,2025-08-26,,2026-07-29T18:36:14
30128877,2024-11-22,2025-01-02,,2026-07-29T18:36:14
30129723,2024-11-22,2025-01-04,,2026-07-29T18:36:14
30129882,2024-11-23,2025-05-29,,2026-07-29T18:36:15
30130538,2024-11-23,2025-03-15,,2026-07-29T18:36:15
30131470,2024-11-23,2025-03-15,,2026-07-29T18:36:16
30131913,2024-11-23,2025-02-04,,2026-07-29T18:36:17
30131970,2024-11-23,2024-12-05,,2026-07-29T18:36:19
30135987,2024-11-23,2025-01-22,,2026-07-29T18:36:32
30140500,2024-11-23,2026-05-27,,2026-07-29T18:36:33
30141041,2024-11-23,2024-11-24,,2026-07-29T18:36:33
30143761,2024-11-23,2025-01-16,,2026-07-29T18:36:33
30144294,2024-11-23,2025-07-31,,2026-07-29T18:36:33
30144972,2024-11-23,2026-08-10,,2026-08-12T05:06:02
30145567,2024-11-23,2024-12-04,,2026-07-29T18:36:34
30145836,2024-11-23,2026-08-18,,2026-08-20T05:08:51
30146024,2024-11-23,2025-07-01,,2026-07-29T18:36:35
30146311,2024-11-23,2026-08-20,,2026-08-22T04:16:26
30147304,2024-11-23,2025-01-30,,2026-07-29T18:36:35
30148085,2024-11-23,2026-08-10,,2026-08-11T04:11:41
30148092,2024-11-23,2025-12-20,,2026-07-29T18:36:35
30148273,2024-11-23,2025-05-03,,2026-07-29T18:36:36
30148298,2024-11-23,2025-07-04,,2026-07-29T18:36:36
30148790,2024-11-23,2025-01-28,,2026-07-29T18:36:36
30149042,2024-11-24,2026-01-14,,2026-07-29T18:36:36
30149169,2024-11-24,2026-01-19,,2026-07-29T18:36:37
30149977,2024-11-24,2024-11-26,,2026-07-29T18:36:37
30152407,2024-11-24,2026-03-30,,2026-07-29T18:36:37
30153343,2024-11-24,2025-12-20,,2026-07-29T18:36:37
30157809,2024-11-24,2024-11-25,,2026-07-29T18:36:38
30160056,2024-11-24,2026-05-21,,2026-07-29T18:36:38
30160592,2024-11-24,2025-02-02,,2026-07-29T18:36:54
30160662,2024-11-24,2025-09-24,,2026-07-29T18:36:55
30161606,2024-11-24,2024-12-20,,2026-07-29T18:36:55
30162076,2024-11-24,2024-11-25,,2026-07-29T18:36:55
30162147,2024-11-24,2026-08-06,,2026-08-08T04:14:07
30163945,2024-11-24,2026-02-22,,2026-07-29T18:36:56
30164191,2024-11-24,2026-06-01,,2026-07-29T18:36:56
30164607,2024-11-24,2025-12-30,,2026-07-29T18:36:56
30164807,2024-11-25,2024-12-16,,2026-07-29T18:36:57
30165036,2024-11-25,2024-11-26,,2026-07-29T18:36:57
30165252,2024-11-25,2025-06-28,,2026-07-29T18:36:57
30165469,2024-11-25,2025-01-14,,2026-07-29T18:36:57
30165597,2024-11-25,2024-11-26,,2026-07-29T18:36:57
30165610,2024-11-25,2026-08-04,,2026-08-06T04:13:45
30165661,2024-11-25,2025-07-21,,2026-07-29T18:36:58
30165797,2024-11-25,2026-04-30,,2026-07-29T18:36:58
30165877,2024-11-25,2026-01-02,,2026-07-29T18:36:59
30166278,2024-11-25,2025-02-17,,2026-07-29T18:36:59
30167820,2024-11-25,2025-03-13,,2026-07-29T18:36:59
30168182,2024-11-25,2026-08-24,,2026-08-24T19:05:45
30171985,2024-11-25,2025-05-05,,2026-07-29T18:37:01
30173995,2024-11-25,2025-08-15,,2026-07-29T18:37:02
30176446,2024-11-25,2026-07-17,,2026-07-29T18:37:02
30182351,2024-11-25,2025-02-19,,2026-07-29T18:37:02
30182915,2024-11-25,2025-03-26,,2026-07-29T18:37:02
30184949,2024-11-25,2026-08-10,,2026-08-12T04:18:25
30185619,2024-11-25,2025-02-01,,2026-07-29T18:37:02
30189222,2024-11-25,2025-01-30,,2026-07-29T18:37:03
30189326,2024-11-25,2025-02-24,,2026-07-29T18:37:03
30189935,2024-11-25,2026-08-03,,2026-08-05T04:15:28
30191221,2024-11-25,2025-09-30,,2026-07-29T18:37:04
30192404,2024-11-25,2026-02-13,,2026-07-29T18:37:04
30192700,2024-11-25,2025-03-02,,2026-07-29T18:37:19
30193268,2024-11-25,2026-05-05,,2026-07-29T18:37:19
30193419,2024-11-25,2026-04-26,,2026-07-29T18:37:20
30193994,2024-11-26,2024-11-30,,2026-07-29T18:37:21
30194130,2024-11-26,2025-01-07,,2026-07-29T18:37:21
30195233,2024-11-26,2024-12-04,,2026-07-29T18:37:21
30195437,2024-11-26,2026-06-20,,2026-07-29T18:37:22
30196907,2024-11-26,2026-08-06,,2026-08-11T08:32:58
30197148,2024-11-26,2025-04-08,,2026-07-29T18:37:22
30197275,2024-11-26,2024-12-04,,2026-07-29T18:37:22
30197572,2024-11-26,2025-06-07,,2026-07-29T18:37:22
30200636,2024-11-26,2025-09-22,,2026-07-29T18:37:23
30208190,2024-11-26,2024-11-26,,2026-07-29T18:37:23
30215025,2024-11-26,2025-02-21,,2026-07-29T18:37:23
30215122,2024-11-26,2025-07-22,,2026-07-29T18:37:24
30219347,2024-11-26,2025-01-26,,2026-07-29T18:37:24
30219991,2024-11-26,2025-01-12,,2026-07-29T18:37:24
30221172,2024-11-26,2026-05-30,,2026-07-29T18:37:24
30223084,2024-11-27,2025-12-29,,2026-07-29T18:37:25
30223342,2024-11-27,2025-08-06,,2026-07-29T18:37:25
30223619,2024-11-27,2024-12-05,,2026-07-29T18:37:25
30223776,2024-11-27,2025-03-17,,2026-07-29T18:37:25
30224775,2024-11-27,2024-11-27,,2026-07-29T18:37:26
30225764,2024-11-27,2024-11-27,,2026-07-29T18:37:26
30230638,2024-11-27,2025-05-29,,2026-07-29T18:37:27
30232741,2024-11-27,2025-01-24,,2026-07-29T18:37:27
30242884,2024-11-27,2025-04-28,,2026-07-29T18:37:28
30243145,2024-11-27,2024-12-13,,2026-07-29T18:37:28
30245488,2024-11-27,2025-01-20,,2026-07-29T18:37:29
30248311,2024-11-27,2026-04-27,,2026-07-29T18:37:29
30252685,2024-11-28,2024-12-12,,2026-07-29T18:37:29
30273771,2024-11-28,2025-06-02,,2026-07-29T18:37:29
30273794,2024-11-28,2025-01-23,,2026-07-29T18:37:30
30275202,2024-11-29,2025-03-11,,2026-07-29T18:37:30
30298011,2024-11-29,2025-01-21,,2026-07-29T18:37:31
30298663,2024-11-29,2025-06-18,,2026-07-29T18:37:31
30299045,2024-11-30,2025-06-29,,2026-07-29T18:37:32
30299825,2024-11-30,2026-08-12,,2026-08-14T04:23:18
30300526,2024-11-30,2026-08-01,,2026-08-03T05:03:55
30309079,2024-11-30,2024-11-30,,2026-07-29T18:37:32
30309935,2024-11-30,2025-01-03,,2026-07-29T18:37:32
30315738,2024-11-30,2025-01-20,,2026-07-29T18:37:32
30316734,2024-11-30,2025-05-06,,2026-07-29T18:37:32
30317603,2024-11-30,2026-01-20,,2026-07-29T18:37:34
30319889,2024-12-01,2026-02-17,,2026-07-29T18:37:33
30320642,2024-12-01,2025-06-10,,2026-07-29T18:37:33
30322108,2024-12-01,2025-06-07,,2026-07-29T18:37:33
30325256,2024-12-01,2025-06-20,,2026-07-29T18:37:33
30328950,2024-12-01,2025-07-26,,2026-07-29T18:37:34
30331880,2024-12-01,2025-10-02,,2026-07-29T18:37:35
30336377,2024-12-02,2025-06-10,,2026-07-29T18:37:35
30337245,2024-12-02,2026-04-09,,2026-07-29T18:37:35
30338365,2024-12-02,2026-04-24,,2026-07-29T18:37:36
30338508,2024-12-02,2025-04-23,,2026-07-29T18:37:37
30339971,2024-12-02,2025-10-31,,2026-07-29T18:37:37
30346004,2024-12-02,2024-12-02,,2026-07-29T18:37:39
30351516,2024-12-02,2024-12-02,,2026-07-29T18:37:37
30352509,2024-12-02,2025-04-12,,2026-07-29T18:37:38
30356588,2024-12-02,2025-03-06,,2026-07-29T18:37:38
30363506,2024-12-02,2026-07-27,,2026-07-29T18:37:38
30365807,2024-12-02,2024-12-23,,2026-07-29T18:37:39
30368985,2024-12-03,2024-12-03,,2026-07-29T18:37:38
30369959,2024-12-03,2025-09-17,,2026-07-29T18:37:40
30374964,2024-12-03,2026-01-10,,2026-07-29T18:37:39
30381121,2024-12-03,2026-08-13,,2026-08-14T07:17:41
30383308,2024-12-03,2025-05-17,,2026-07-29T18:37:40
30389114,2024-12-03,2026-08-03,,2026-08-05T04:09:58
30389363,2024-12-03,2026-08-24,,2026-08-24T18:31:20
30389897,2024-12-03,2025-01-09,,2026-07-29T18:37:54
30390087,2024-12-03,2024-12-03,,2026-07-29T18:37:54
30390153,2024-12-03,2025-12-03,,2026-07-29T18:37:55
30394252,2024-12-03,2026-08-21,,2026-08-23T04:17:45
30394533,2024-12-03,2025-08-12,,2026-07-29T18:37:55
30395190,2024-12-03,2025-01-31,,2026-07-29T18:37:55
30395737,2024-12-03,2024-12-10,,2026-07-29T18:37:55
30396023,2024-12-03,2026-08-20,,2026-08-22T07:13:42
30398377,2024-12-04,2025-01-28,,2026-07-29T18:37:56
30399026,2024-12-04,2026-06-15,,2026-07-29T18:37:56
30399536,2024-12-04,2025-03-31,,2026-07-29T18:37:56
30399884,2024-12-04,2025-02-03,,2026-07-29T18:37:56
30401339,2024-12-04,2025-07-09,,2026-07-29T18:37:57
30405569,2024-12-04,2025-01-21,,2026-07-29T18:37:57
30407909,2024-12-04,2026-03-24,,2026-07-29T18:37:57
30415075,2024-12-04,2024-12-12,,2026-07-29T18:37:57
30417789,2024-12-04,2024-12-26,,2026-07-29T18:37:58
30420409,2024-12-04,2024-12-04,,2026-07-29T18:37:58
30422051,2024-12-04,2026-06-14,,2026-07-29T18:37:58
30422083,2024-12-04,2025-05-20,,2026-07-29T18:37:58
30423046,2024-12-04,2025-05-05,,2026-07-29T18:37:59
30423360,2024-12-04,2025-05-27,,2026-07-29T18:37:59
30425000,2024-12-04,2024-12-10,,2026-07-29T18:37:59
30425050,2024-12-04,2024-12-04,,2026-07-29T18:37:59
30425141,2024-12-04,2024-12-05,,2026-07-29T18:37:59
30425276,2024-12-04,2025-11-18,,2026-07-29T18:38:00
30425800,2024-12-05,2026-07-18,,2026-07-29T18:38:00
30426572,2024-12-05,2024-12-05,,2026-07-29T18:38:00
30426581,2024-12-05,2025-02-20,,2026-07-29T18:38:00
30426721,2024-12-05,2025-11-30,,2026-07-29T18:38:00
30426738,2024-12-05,2026-08-10,,2026-08-12T04:13:02
30427497,2024-12-05,2026-05-07,,2026-07-29T18:38:01
30427678,2024-12-05,2024-12-05,,2026-07-29T18:38:01
30428430,2024-12-05,2024-12-05,,2026-07-29T18:38:01
30429353,2024-12-05,2025-02-07,,2026-07-29T18:38:01
30430812,2024-12-05,2025-12-18,,2026-07-29T18:38:01
30432824,2024-12-05,2025-05-07,,2026-07-29T18:38:02
30447853,2024-12-05,2025-12-05,,2026-07-29T18:38:02
30448365,2024-12-05,2024-12-26,,2026-07-29T18:38:02
30449614,2024-12-05,2024-12-12,,2026-07-29T18:38:02
30450990,2024-12-05,2026-03-31,,2026-07-29T18:38:03
30451346,2024-12-05,2026-06-08,,2026-07-29T18:38:03
30458881,2024-12-06,2026-08-11,,2026-08-13T07:10:31
30461307,2024-12-06,2025-05-23,,2026-07-29T18:38:03
30462194,2024-12-06,2025-01-06,,2026-07-29T18:38:03
30463322,2024-12-06,2026-03-29,,2026-07-29T18:38:04
30470803,2024-12-06,2026-08-08,,2026-08-10T04:12:11
30477696,2024-12-06,2026-01-01,,2026-07-29T18:38:04
30478983,2024-12-06,2026-05-18,,2026-07-29T18:38:04
30481714,2024-12-07,2026-08-20,,2026-08-22T06:02:05
30490486,2024-12-07,2025-02-17,,2026-07-29T18:38:05
30494100,2024-12-07,2025-12-01,,2026-07-29T18:38:05
30494243,2024-12-07,2026-07-04,,2026-07-29T18:38:05
30497119,2024-12-07,2024-12-07,,2026-07-29T18:38:05
30498063,2024-12-07,2025-03-17,,2026-07-29T18:38:06
30503454,2024-12-08,2025-12-09,,2026-07-29T18:38:06
30507855,2024-12-08,2026-08-24,,2026-08-25T04:12:41
30509062,2024-12-08,2026-08-23,,2026-08-23T23:32:02
30513662,2024-12-08,2025-02-23,,2026-07-29T18:38:07
30515214,2024-12-09,2026-05-12,,2026-07-29T18:38:07
30515767,2024-12-09,2025-11-01,,2026-07-29T18:38:07
30515837,2024-12-09,2026-05-25,,2026-07-29T18:38:08
30521776,2024-12-09,2025-01-16,,2026-07-29T18:38:08
30534371,2024-12-09,2025-12-29,,2026-07-29T18:38:08
30535994,2024-12-09,2025-03-19,,2026-07-29T18:38:08
30537760,2024-12-09,2025-04-12,,2026-07-29T18:38:08
30541266,2024-12-09,2024-12-17,,2026-07-29T18:38:09
30541982,2024-12-09,2025-01-11,,2026-07-29T18:38:09
30542335,2024-12-10,2025-03-05,,2026-07-29T18:38:10
30563204,2024-12-10,2025-02-17,,2026-07-29T18:38:10
30569847,2024-12-10,2026-07-20,,2026-07-29T18:38:10
30570003,2024-12-10,2025-01-20,,2026-07-29T18:38:10
30570856,2024-12-10,2025-10-20,,2026-07-29T18:38:11
30571514,2024-12-10,2025-02-20,,2026-07-29T18:38:11
30571938,2024-12-10,2026-08-12,,2026-08-14T07:15:56
30573013,2024-12-11,2025-04-10,,2026-07-29T18:38:14
30584279,2024-12-11,2024-12-11,,2026-07-29T18:38:13
30589773,2024-12-11,2025-01-19,,2026-07-29T18:38:13
30594890,2024-12-11,2025-03-27,,2026-07-29T18:38:14
30594936,2024-12-11,2026-08-12,,2026-08-14T05:10:46
30596613,2024-12-11,2026-08-08,,2026-08-10T07:03:09
30598830,2024-12-11,2026-03-23,,2026-07-29T18:38:14
30599554,2024-12-11,2025-09-21,,2026-07-29T18:38:15
30600560,2024-12-12,2025-02-25,,2026-07-29T18:38:15
30601944,2024-12-12,2026-01-12,,2026-07-29T18:38:15
30602097,2024-12-12,2026-06-16,,2026-07-29T18:38:16
30605048,2024-12-12,2026-06-23,,2026-07-29T18:38:16
30612457,2024-12-12,2025-06-12,,2026-07-29T18:38:16
30619805,2024-12-12,2026-08-23,,2026-08-24T05:07:31
30620261,2024-12-12,2025-01-21,,2026-07-29T18:38:17
30623074,2024-12-12,2025-01-24,,2026-07-29T18:38:17
30624721,2024-12-12,2024-12-12,,2026-07-29T18:38:17
30628576,2024-12-12,2025-09-01,,2026-07-29T18:38:17
30628799,2024-12-12,2025-01-10,,2026-07-29T18:38:18
30628800,2024-12-12,2026-07-16,,2026-07-29T18:38:18
30629449,2024-12-12,2025-08-31,,2026-07-29T18:38:18
30629456,2024-12-13,2025-01-13,,2026-07-29T18:38:19
30631675,2024-12-13,2025-08-12,,2026-07-29T18:38:20
30632717,2024-12-13,2026-06-05,,2026-07-29T18:38:20
30636350,2024-12-13,2025-04-19,,2026-07-29T18:38:21
30637761,2024-12-13,2025-09-09,,2026-07-29T18:38:21
30645094,2024-12-13,2025-02-06,,2026-07-29T18:38:21
30652323,2024-12-13,2026-08-04,,2026-08-06T07:11:05
30653233,2024-12-13,2026-04-04,,2026-07-29T18:38:21
30653376,2024-12-13,2025-03-25,,2026-07-29T18:38:22
30653531,2024-12-13,2026-08-12,,2026-08-14T07:08:54
30654791,2024-12-13,2025-01-05,,2026-07-29T18:38:23
30655635,2024-12-14,2025-07-31,,2026-07-29T18:38:24
30655658,2024-12-14,2026-08-23,,2026-08-25T04:12:01
30655760,2024-12-14,2025-02-05,,2026-07-29T18:38:25
30655850,2024-12-14,2024-12-18,,2026-07-29T18:38:25
30656404,2024-12-14,2024-12-16,,2026-07-29T18:38:25
30657452,2024-12-14,2025-03-24,,2026-07-29T18:38:26
30658935,2024-12-14,2025-05-26,,2026-07-29T18:38:26
30669382,2024-12-14,2025-06-27,,2026-07-29T18:38:27
30671256,2024-12-14,2026-08-14,,2026-08-16T04:20:39
30673240,2024-12-14,2024-12-31,,2026-07-29T18:38:27
30673906,2024-12-15,2025-01-11,,2026-07-29T18:38:28
30674144,2024-12-15,2025-02-25,,2026-07-29T18:38:28
30674916,2024-12-15,2026-03-24,,2026-07-29T18:38:28
30675549,2024-12-15,2025-09-01,,2026-07-29T18:38:28
30678199,2024-12-15,2025-02-23,,2026-07-29T18:38:29
30680444,2024-12-15,2026-02-11,,2026-07-29T18:38:29
30685311,2024-12-15,2026-08-24,,2026-08-24T15:37:35
30687224,2024-12-15,2026-06-24,,2026-07-29T18:38:30
30687621,2024-12-15,2024-12-26,,2026-07-29T18:38:30
30687956,2024-12-16,2025-02-14,,2026-07-29T18:38:30
30688423,2024-12-16,2025-02-13,,2026-07-29T18:38:30
30688852,2024-12-16,2025-03-11,,2026-07-29T18:38:31
30689157,2024-12-16,2025-08-23,,2026-07-29T18:38:31
30689180,2024-12-16,2025-04-06,,2026-07-29T18:38:31
30690407,2024-12-16,2025-06-22,,2026-07-29T18:38:31
30697536,2024-12-16,2026-01-22,,2026-07-29T18:38:31
30698762,2024-12-16,2025-04-03,,2026-07-29T18:38:31
30709666,2024-12-16,2026-08-17,,2026-08-18T05:01:34
30714409,2024-12-16,2024-12-16,,2026-07-29T18:38:32
30714881,2024-12-16,2024-12-16,,2026-07-29T18:38:32
30731508,2024-12-17,2026-02-17,,2026-07-29T18:38:33
30737970,2024-12-17,2025-04-05,,2026-07-29T18:38:33
30739651,2024-12-17,2024-12-17,,2026-07-29T18:38:33
30743145,2024-12-17,2024-12-21,,2026-07-29T18:38:33
30743220,2024-12-18,2025-06-19,,2026-07-29T18:38:33
30743715,2024-12-18,2024-12-19,,2026-07-29T18:38:34
30751225,2024-12-18,2026-08-04,,2026-08-06T07:12:45
30753177,2024-12-18,2026-07-20,,2026-07-29T18:38:34
30754688,2024-12-18,2026-06-05,,2026-07-29T18:38:34
30761812,2024-12-18,2026-07-31,,2026-08-02T05:11:32
30762085,2024-12-18,2024-12-18,,2026-07-29T18:38:34
30762664,2024-12-18,2026-01-23,,2026-07-29T18:38:34
30764956,2024-12-18,2024-12-19,,2026-07-29T18:38:35
30769313,2024-12-18,2025-01-27,,2026-07-29T18:38:35
30770310,2024-12-18,2025-04-22,,2026-07-29T18:38:35
30791668,2024-12-19,2026-08-24,,2026-08-24T14:03:03
30794697,2024-12-19,2025-03-13,,2026-07-29T18:38:35
30795284,2024-12-19,2025-01-11,,2026-07-29T18:38:36
30797824,2024-12-19,2025-12-23,,2026-07-29T18:38:36
30798519,2024-12-19,2025-02-23,,2026-07-29T18:38:36
30798705,2024-12-19,2025-04-10,,2026-07-29T18:38:36
30798828,2024-12-19,2026-02-23,,2026-07-29T18:38:37
30799140,2024-12-20,2026-07-31,,2026-08-02T06:02:13
30800217,2024-12-20,2025-05-28,,2026-07-29T18:38:37
30805907,2024-12-20,2024-12-20,,2026-07-29T18:38:37
30811647,2024-12-20,2025-02-23,,2026-07-29T18:38:37
30816920,2024-12-20,2025-08-01,,2026-07-29T18:38:37
30820875,2024-12-20,2025-12-25,,2026-07-29T18:38:38
30820876,2024-12-20,2025-03-10,,2026-07-29T18:38:38
30820882,2024-12-20,2026-08-25,,2026-08-25T05:23:52
30822087,2024-12-20,2025-01-29,,2026-07-29T18:38:38
30822251,2024-12-20,2025-02-11,,2026-07-29T18:38:38
30822417,2024-12-20,2025-01-30,,2026-07-29T18:38:38
30823595,2024-12-20,2026-06-25,,2026-07-29T18:38:39
30824614,2024-12-21,2025-02-05,,2026-07-29T18:38:39
30824681,2024-12-21,2026-07-11,,2026-07-29T18:38:39
30825148,2024-12-21,2025-10-31,,2026-07-29T18:38:40
30826148,2024-12-21,2024-12-21,,2026-07-29T18:38:40
30826519,2024-12-21,2026-02-25,,2026-07-29T18:38:40
30836158,2024-12-21,2024-12-23,,2026-07-29T18:38:40
30838912,2024-12-21,2026-01-11,,2026-07-29T18:38:40
30839194,2024-12-21,2025-05-13,,2026-07-29T18:38:41
30839483,2024-12-21,2026-08-11,,2026-08-13T04:20:01
30839826,2024-12-21,2025-06-30,,2026-07-29T18:38:41
30839929,2024-12-21,2026-08-24,,2026-08-24T22:46:50
30842230,2024-12-21,2024-12-26,,2026-07-29T18:38:41
30843290,2024-12-21,2025-02-17,,2026-07-29T18:38:41
30844487,2024-12-22,2026-07-21,,2026-07-29T18:38:42
30845018,2024-12-22,2025-01-16,,2026-07-29T18:38:42
30845633,2024-12-22,2025-05-30,,2026-07-31T21:59:26
30845645,2024-12-22,2024-12-29,,2026-07-29T18:38:42
30845884,2024-12-22,2025-01-23,,2026-07-29T18:38:43
30853107,2024-12-22,2026-08-11,,2026-08-13T04:09:15
30854151,2024-12-22,2024-12-24,,2026-07-29T18:38:43
30854748,2024-12-22,2025-01-02,,2026-07-29T18:38:44
30854873,2024-12-22,2025-03-27,,2026-07-29T18:38:44
30856589,2024-12-22,2026-06-13,,2026-07-29T18:38:44
30856729,2024-12-22,2026-03-17,,2026-07-29T18:38:44
30857206,2024-12-22,2024-12-23,,2026-07-29T18:38:44
30857347,2024-12-22,2025-03-18,,2026-07-29T18:38:44
30857719,2024-12-22,2026-06-24,,2026-07-29T18:38:45
30858211,2024-12-22,2026-02-22,,2026-07-29T18:38:45
30858713,2024-12-22,2024-12-25,,2026-07-29T18:38:46
30859537,2024-12-23,2025-02-08,,2026-07-29T18:38:46
30859825,2024-12-23,2026-08-18,,2026-08-19T07:14:06
30860036,2024-12-23,2025-05-01,,2026-07-29T18:38:46
30860132,2024-12-23,2025-10-27,,2026-07-29T18:38:47
30860947,2024-12-23,2025-01-20,,2026-07-29T18:38:47
30861895,2024-12-23,2024-12-23,,2026-07-29T18:38:47
30862998,2024-12-23,2024-12-25,,2026-07-29T18:38:48
30863621,2024-12-23,2026-03-11,,2026-07-29T18:38:48
30864637,2024-12-23,2025-07-01,,2026-07-29T18:38:48
30867565,2024-12-23,2025-12-03,,2026-07-29T18:38:48
30870645,2024-12-23,2026-08-06,,2026-08-08T00:00:08
30875612,2024-12-23,2025-07-05,,2026-07-29T18:38:48
30876974,2024-12-23,2025-03-14,,2026-07-29T18:38:49
30877430,2024-12-23,2025-02-12,,2026-07-29T18:38:49
30877557,2024-12-23,2026-07-31,,2026-08-02T04:16:26
30877593,2024-12-23,2025-04-10,,2026-07-29T18:38:50
30879046,2024-12-23,2025-02-04,,2026-07-29T18:38:51
30880037,2024-12-23,2025-03-01,,2026-07-29T18:38:51
30880238,2024-12-23,2025-01-15,,2026-07-29T18:38:51
30880661,2024-12-23,2025-03-19,,2026-07-29T18:38:51
30881099,2024-12-23,2025-01-17,,2026-07-29T18:38:52
30881264,2024-12-23,2025-09-30,,2026-07-29T18:38:52
30882090,2024-12-23,2025-02-27,,2026-07-29T18:38:53
30882094,2024-12-23,2024-12-23,,2026-07-29T18:38:53
30882225,2024-12-23,2024-12-31,,2026-07-29T18:38:53
30882423,2024-12-23,2024-12-29,,2026-07-29T18:38:53
30885026,2024-12-23,2025-02-06,,2026-07-29T18:38:53
30885065,2024-12-23,2024-12-23,,2026-07-29T18:38:53
30885111,2024-12-24,2025-02-15,,2026-07-29T18:38:54
30885335,2024-12-24,2026-08-24,,2026-08-24T14:32:03
30885785,2024-12-24,2025-07-14,,2026-07-29T18:38:54
30886024,2024-12-24,2026-03-08,,2026-07-29T18:38:55
30886054,2024-12-24,2025-10-03,,2026-07-29T18:38:55
30886605,2024-12-24,2025-12-07,,2026-07-29T18:38:55
30886890,2024-12-24,2026-08-24,,2026-08-24T04:01:12
30887380,2024-12-24,2026-01-26,,2026-07-29T18:38:56
30889237,2024-12-24,2025-01-28,,2026-07-29T18:38:56
30889625,2024-12-24,2025-02-01,,2026-07-29T18:38:56
30891039,2024-12-24,2025-06-25,,2026-07-29T18:38:57
30892752,2024-12-24,2024-12-24,,2026-07-29T18:38:57
30901857,2024-12-24,2025-05-25,,2026-07-29T18:38:58
30903369,2024-12-24,2026-08-20,,2026-08-22T05:07:26
30903952,2024-12-24,2026-02-28,,2026-07-29T18:38:58
30904068,2024-12-24,2025-02-21,,2026-07-29T18:38:59
30904450,2024-12-24,2026-02-05,,2026-07-29T18:38:59
30904759,2024-12-24,2026-08-24,,2026-08-24T13:18:49
30905900,2024-12-24,2026-04-01,,2026-07-29T18:38:59
30907212,2024-12-24,2024-12-25,,2026-07-29T18:38:59
30907240,2024-12-24,2025-02-05,,2026-07-29T18:39:00
30907389,2024-12-24,2025-02-25,,2026-07-29T18:39:00
30907534,2024-12-24,2024-12-24,,2026-07-29T18:39:01
30907558,2024-12-24,2024-12-26,,2026-07-29T18:39:01
30908110,2024-12-24,2025-01-23,,2026-07-29T18:39:01
30909329,2024-12-24,2025-03-23,,2026-07-29T18:39:01
30909659,2024-12-25,2025-08-14,,2026-07-29T18:39:01
30909698,2024-12-25,2025-01-26,,2026-07-29T18:39:02
30909802,2024-12-25,2026-08-03,,2026-08-04T04:01:26
30909928,2024-12-25,2025-04-09,,2026-07-29T18:39:02
30909940,2024-12-25,2024-12-25,,2026-07-29T18:39:02
30910100,2024-12-25,2025-01-06,,2026-07-29T18:39:03
30910227,2024-12-25,2025-01-29,,2026-07-29T18:39:03
30910449,2024-12-25,2025-10-24,,2026-07-29T18:39:04
30910959,2024-12-25,2026-03-15,,2026-07-29T18:39:04
30911064,2024-12-25,2025-01-05,,2026-07-29T18:39:04
30911246,2024-12-25,2026-08-13,,2026-08-15T04:10:47
30911343,2024-12-25,2025-02-26,,2026-07-29T18:39:05
30911417,2024-12-25,2025-01-16,,2026-07-29T18:39:05
30911978,2024-12-25,2025-06-22,,2026-07-29T18:39:05
30912456,2024-12-25,2026-06-17,,2026-07-29T18:39:05
30914507,2024-12-25,2024-12-30,,2026-07-29T18:39:06
30914969,2024-12-25,2026-05-03,,2026-07-29T18:39:07
30915099,2024-12-25,2025-01-12,,2026-07-29T18:39:06
30915302,2024-12-25,2025-01-01,,2026-07-29T18:39:06
30915312,2024-12-25,2025-03-04,,2026-07-29T18:39:07
30917031,2024-12-25,2025-03-12,,2026-07-29T18:39:07
30917374,2024-12-25,2026-04-23,,2026-07-29T18:39:07
30918768,2024-12-25,2025-03-30,,2026-07-29T18:39:07
30920806,2024-12-25,2024-12-25,,2026-07-29T18:39:08
30920875,2024-12-25,2025-01-21,,2026-07-29T18:39:09
30921357,2024-12-25,2026-08-24,,2026-08-25T04:11:53
30921497,2024-12-25,2025-11-22,,2026-07-29T18:39:09
30922009,2024-12-25,2025-01-12,,2026-07-29T18:39:09
30923248,2024-12-25,2025-04-25,,2026-07-29T18:39:09
30923461,2024-12-25,2025-06-25,,2026-07-29T18:39:11
30924185,2024-12-25,2025-09-02,,2026-07-29T18:39:11
30924285,2024-12-25,2024-12-31,,2026-07-29T18:39:11
30924757,2024-12-25,2024-12-27,,2026-07-29T18:39:11
30924890,2024-12-25,2025-06-02,,2026-07-29T18:39:11
30925314,2024-12-25,2025-02-23,,2026-07-29T18:39:11
30925856,2024-12-25,2025-01-06,,2026-07-29T18:39:11
30926605,2024-12-25,2026-04-06,,2026-07-29T18:39:13
30926636,2024-12-25,2025-12-28,,2026-07-29T18:39:13
30926816,2024-12-25,2026-04-07,,2026-07-29T18:39:13
30926978,2024-12-25,2025-09-18,,2026-07-29T18:39:13
30927191,2024-12-25,2025-10-24,,2026-07-29T18:39:13
30927246,2024-12-25,2025-04-01,,2026-07-29T18:39:14
30927360,2024-12-25,2025-10-09,,2026-07-29T18:39:14
30927452,2024-12-26,2025-07-17,,2026-07-29T18:39:14
30927503,2024-12-26,2025-01-01,,2026-07-29T18:39:14
30927738,2024-12-26,2026-04-27,,2026-07-29T18:39:14
30927836,2024-12-26,2025-01-22,,2026-07-29T18:39:14
30927852,2024-12-26,2026-08-10,,2026-08-11T04:14:11
30927947,2024-12-26,2025-01-07,,2026-07-29T18:39:16
30928000,2024-12-26,2025-05-09,,2026-07-29T18:39:16
30928115,2024-12-26,2025-01-08,,2026-07-29T18:39:16
30928664,2024-12-26,2025-01-10,,2026-07-29T18:39:16
30928887,2024-12-26,2025-02-17,,2026-07-29T18:39:16
30928997,2024-12-26,2026-04-15,,2026-07-29T18:39:16
30929080,2024-12-26,2025-03-27,,2026-07-29T18:39:18
30929111,2024-12-26,2026-08-23,,2026-08-24T07:04:44
30929153,2024-12-26,2026-08-20,,2026-08-22T05:04:50
30929230,2024-12-26,2025-06-02,,2026-08-10T14:32:26
30929250,2024-12-26,2025-07-21,,2026-07-29T18:39:20
30929255,2024-12-26,2025-02-04,,2026-07-29T18:39:20
30929624,2024-12-26,2026-04-09,,2026-07-29T18:39:20
30929809,2024-12-26,2025-01-02,,2026-07-29T18:39:20
30929876,2024-12-26,2026-07-05,,2026-07-29T18:39:22
30929892,2024-12-26,2025-02-05,,2026-07-29T18:39:22
30929933,2024-12-26,2025-01-11,,2026-07-29T18:39:22
30930082,2024-12-26,2026-07-10,,2026-07-29T18:39:24
30930106,2024-12-26,2025-03-02,,2026-07-29T18:39:24
30930401,2024-12-26,2025-01-31,,2026-07-29T18:39:24
30931016,2024-12-26,2026-06-04,,2026-07-29T18:39:27
30931255,2024-12-26,2025-01-02,,2026-07-29T18:39:27
30931373,2024-12-26,2025-03-16,,2026-07-29T18:39:27
30932721,2024-12-26,2025-09-08,,2026-07-29T18:39:29
30933335,2024-12-26,2026-06-15,,2026-07-29T18:39:29
30934666,2024-12-26,2025-03-10,,2026-07-29T18:39:29
30936822,2024-12-26,2025-12-26,,2026-07-29T18:39:29
30939321,2024-12-26,2025-03-03,,2026-07-29T18:39:29
30940559,2024-12-26,2026-08-07,,2026-08-09T05:06:17
30941367,2024-12-26,2024-12-26,,2026-07-29T18:39:31
30944313,2024-12-26,2025-03-29,,2026-07-29T18:39:31
30946495,2024-12-26,2025-03-16,,2026-07-29T18:39:31
30946856,2024-12-26,2025-02-26,,2026-07-29T18:39:32
30948184,2024-12-26,2025-05-20,,2026-07-29T18:39:34
30949444,2024-12-26,2025-07-12,,2026-07-29T18:39:34
30950512,2024-12-26,2025-03-24,,2026-07-29T18:39:34
30950732,2024-12-26,2024-12-30,,2026-07-29T18:39:34
30950759,2024-12-26,2026-05-08,,2026-07-29T18:39:35
30951505,2024-12-26,2026-06-27,,2026-07-29T18:39:37
30952239,2024-12-26,2025-01-15,,2026-07-29T18:39:37
30953057,2024-12-26,2026-07-17,,2026-07-29T18:39:37
30953141,2024-12-26,2025-06-19,,2026-07-29T18:39:43
30954980,2024-12-27,2025-01-07,,2026-07-29T18:39:43
30956232,2024-12-27,2025-04-11,,2026-07-29T18:39:43
30956308,2024-12-27,2024-12-28,,2026-07-29T18:39:43
30961677,2024-12-27,2025-06-10,,2026-07-29T18:39:45
30961772,2024-12-27,2026-04-15,,2026-07-29T18:39:45
30965024,2024-12-27,2025-06-29,,2026-07-29T18:39:45
30970931,2024-12-27,2026-08-24,,2026-08-24T16:16:13
30975609,2024-12-27,2025-01-09,,2026-07-29T18:39:45
30976912,2024-12-27,2025-01-02,,2026-07-29T18:39:45
30980917,2024-12-28,2026-06-30,,2026-07-29T18:39:47
30984591,2024-12-28,2025-03-06,,2026-07-29T18:39:47
30992280,2024-12-28,2025-11-30,,2026-07-29T18:39:47
30992642,2024-12-28,2025-03-20,,2026-07-29T18:39:47
30994194,2024-12-28,2024-12-29,,2026-07-29T18:39:47
30995104,2024-12-28,2026-05-13,,2026-07-29T18:39:47
30997508,2024-12-28,2026-05-22,,2026-07-29T18:39:48
30997574,2024-12-28,2025-01-21,,2026-07-29T18:39:48
30998717,2024-12-28,2025-12-07,,2026-07-29T18:39:48
30998945,2024-12-28,2025-03-06,,2026-07-29T18:39:48
31000221,2024-12-29,2025-06-11,,2026-07-29T18:39:49
31001056,2024-12-29,2025-07-07,,2026-07-29T18:39:49
31001543,2024-12-29,2026-02-28,,2026-07-29T18:39:50
31002808,2024-12-29,2025-09-24,,2026-07-29T18:39:50
31008751,2024-12-29,2026-02-05,,2026-07-29T18:39:50
31012322,2024-12-29,2026-06-06,,2026-07-29T18:39:51
31013000,2024-12-29,2026-08-24,,2026-08-24T09:20:06
31014078,2024-12-29,2024-12-30,,2026-07-29T18:39:52
31017290,2024-12-30,2025-07-28,,2026-07-29T18:39:52
31018796,2024-12-30,2025-01-28,,2026-07-29T18:39:52
31019627,2024-12-30,2025-01-22,,2026-07-29T18:39:53
31020356,2024-12-30,2026-08-25,,2026-08-25T00:08:06
31021100,2024-12-30,2025-04-12,,2026-07-29T18:39:53
31031745,2024-12-30,2025-01-23,,2026-07-29T18:39:53
31038591,2024-12-30,2025-05-14,,2026-07-29T18:39:54
31042125,2024-12-30,2025-04-22,,2026-08-10T10:02:51
31044225,2024-12-30,2024-12-30,,2026-07-29T18:39:55
31044430,2024-12-30,2025-01-06,,2026-07-29T18:39:55
31045114,2024-12-30,2026-03-12,,2026-07-29T18:39:55
31046574,2024-12-31,2024-12-31,,2026-07-29T18:39:56
31046867,2024-12-31,2026-02-24,,2026-07-29T18:39:56
31046910,2024-12-31,2026-08-24,,2026-08-24T06:40:39
31047024,2024-12-31,2025-02-28,,2026-07-29T18:39:57
31047837,2024-12-31,2026-01-14,,2026-07-29T18:39:57
31048839,2024-12-31,2025-02-25,,2026-07-29T18:39:57
31051349,2024-12-31,2026-06-08,,2026-07-29T18:39:58
31063996,2024-12-31,2025-10-06,,2026-07-29T18:39:58
31064659,2024-12-31,2026-05-02,,2026-07-29T18:39:59
31066077,2024-12-31,2025-03-26,,2026-07-29T18:39:59
31070590,2024-12-31,2025-10-22,,2026-07-29T18:39:59
31071034,2024-12-31,2026-07-16,,2026-07-29T18:40:00
31071985,2024-12-31,2025-02-21,,2026-07-29T18:40:00
31072504,2024-12-31,2026-05-21,,2026-07-29T18:40:00
31074834,2025-01-01,2026-01-31,,2026-08-03T01:16:41
31075612,2025-01-01,2025-01-01,,2026-07-29T18:40:01
31086367,2025-01-01,2025-01-16,,2026-07-29T18:40:01
31094127,2025-01-01,2025-01-13,,2026-07-29T18:40:01
31095252,2025-01-01,2026-07-03,,2026-07-29T18:40:02
31096450,2025-01-01,2025-12-08,,2026-07-29T18:40:02
31096615,2025-01-01,2025-01-19,,2026-07-29T18:40:02
31101825,2025-01-02,2026-05-20,,2026-07-29T18:40:02
31121249,2025-01-02,2025-01-02,,2026-07-29T18:40:03
31124095,2025-01-02,2026-06-26,,2026-07-29T18:40:03
31126208,2025-01-02,2025-06-27,,2026-07-29T18:40:03
31130141,2025-01-02,2025-12-07,,2026-07-29T18:40:04
31130662,2025-01-02,2025-01-10,,2026-07-29T18:40:04
31131191,2025-01-03,2025-04-20,,2026-07-29T18:40:05
31132734,2025-01-03,2025-07-30,,2026-07-29T18:40:05
31134040,2025-01-03,2025-06-05,,2026-07-29T18:40:06
31151965,2025-01-03,2025-01-03,,2026-07-29T18:40:08
31152309,2025-01-03,2025-12-03,,2026-07-29T18:40:11
31152667,2025-01-03,2025-01-09,,2026-07-29T18:40:09
31152789,2025-01-03,2025-03-28,,2026-07-29T18:40:09
31154904,2025-01-03,2025-07-11,,2026-07-29T18:40:10
31156338,2025-01-03,2026-08-14,,2026-08-16T05:07:19
31160694,2025-01-04,2026-06-24,,2026-07-29T18:40:10
31179842,2025-01-04,2026-08-24,,2026-08-24T23:04:24
31180991,2025-01-04,2025-12-31,,2026-07-29T18:40:13
31181276,2025-01-04,2025-02-12,,2026-07-29T18:40:12
31181670,2025-01-04,2025-01-25,,2026-07-29T18:40:13
31182510,2025-01-04,2025-08-07,,2026-07-29T18:40:13
31182937,2025-01-04,2026-04-16,,2026-07-29T18:40:14
31183692,2025-01-05,2025-01-14,,2026-07-29T18:40:14
31183696,2025-01-05,2025-03-06,,2026-07-29T18:40:14
31183735,2025-01-05,2025-01-07,,2026-07-29T18:40:14
31184292,2025-01-05,2025-08-24,,2026-07-29T18:40:15
31184711,2025-01-05,2025-12-01,,2026-07-29T18:40:15
31184782,2025-01-05,2025-09-10,,2026-07-29T18:40:15
31185174,2025-01-05,2026-02-22,,2026-07-29T18:40:17
31185334,2025-01-05,2026-08-08,,2026-08-10T07:09:38
31185376,2025-01-05,2026-08-21,,2026-08-23T04:12:40
31194894,2025-01-05,2025-02-07,,2026-07-29T18:40:16
31198428,2025-01-05,2025-09-04,,2026-07-29T18:40:16
31215331,2025-01-06,2025-05-24,,2026-07-29T18:40:17
31219023,2025-01-06,2025-04-27,,2026-07-29T18:40:17
31225273,2025-01-06,2025-01-07,,2026-07-29T18:40:18
31227388,2025-01-06,2025-01-06,,2026-07-29T18:40:18
31232338,2025-01-06,2025-01-29,,2026-07-29T18:40:18
31233590,2025-01-06,2026-02-27,,2026-07-29T18:40:19
31235319,2025-01-06,2025-02-07,,2026-07-29T18:40:19
31239686,2025-01-07,2026-06-07,,2026-07-29T18:40:19
31261011,2025-01-07,2026-01-07,,2026-07-29T18:40:19
31264805,2025-01-07,2025-01-13,,2026-07-29T18:40:20
31266400,2025-01-07,2025-05-09,,2026-07-29T18:40:20
31266417,2025-01-07,2026-08-23,,2026-08-23T14:55:31
31267109,2025-01-07,2025-02-03,,2026-07-29T18:40:21
31267531,2025-01-07,2025-03-03,,2026-07-29T18:40:22
31270496,2025-01-07,2025-01-15,,2026-07-29T18:40:23
31271201,2025-01-08,2025-09-05,,2026-07-29T18:40:25
31274324,2025-01-08,2025-04-04,,2026-07-29T18:40:26
31280787,2025-01-08,2026-07-27,,2026-07-29T18:40:25
31281566,2025-01-08,2025-01-08,,2026-07-29T18:40:26
31286226,2025-01-08,2025-08-24,,2026-07-29T18:40:25
31297911,2025-01-08,2025-05-20,,2026-07-29T18:40:26
31299092,2025-01-08,2025-02-08,,2026-07-29T18:40:26
31299532,2025-01-08,2025-02-15,,2026-07-29T18:40:28
31300144,2025-01-08,2026-08-24,,2026-08-24T19:36:58
31303310,2025-01-08,2025-11-18,,2026-07-29T18:40:28
31306010,2025-01-09,2025-04-10,,2026-07-29T18:40:33
31306220,2025-01-09,2025-01-10,,2026-07-29T18:40:28
31308100,2025-01-09,2025-09-16,,2026-07-29T18:40:28
31308981,2025-01-09,2025-01-11,,2026-07-29T18:40:33
31315489,2025-01-09,2025-03-03,,2026-07-29T18:40:28
31327568,2025-01-09,2026-01-09,,2026-07-29T18:40:29
31331126,2025-01-09,2025-05-04,,2026-07-29T18:40:29
31331612,2025-01-09,2026-08-20,,2026-08-22T05:10:11
31334489,2025-01-09,2026-05-16,,2026-07-29T18:40:30
31336175,2025-01-09,2025-12-24,,2026-07-29T18:40:33
31337854,2025-01-10,2025-01-18,,2026-07-29T18:40:35
31365456,2025-01-10,2025-03-27,,2026-07-29T18:40:36
31366047,2025-01-10,2026-05-21,,2026-07-29T18:40:37
31367654,2025-01-11,2025-10-01,,2026-07-29T18:40:37
31380594,2025-01-11,2025-01-21,,2026-07-29T18:40:41
31402487,2025-01-12,2025-03-21,,2026-07-29T18:40:41
31405416,2025-01-12,2025-02-07,,2026-07-29T18:40:43
31405426,2025-01-12,2025-03-11,,2026-07-29T18:40:42
31405998,2025-01-12,2025-01-16,,2026-07-29T18:40:45
31407805,2025-01-12,2025-02-17,,2026-07-29T18:40:43
31408567,2025-01-12,2025-04-12,,2026-07-29T18:40:45
31408675,2025-01-12,2025-06-10,,2026-07-29T18:40:43
31411362,2025-01-13,2026-08-03,,2026-08-05T04:18:02
31419178,2025-01-13,2026-08-25,,2026-08-25T04:18:58
31428282,2025-01-13,2025-04-11,,2026-07-29T18:40:44
31432384,2025-01-13,2026-01-08,,2026-07-29T18:40:44
31436844,2025-01-13,2025-05-09,,2026-07-29T18:40:45
31439275,2025-01-13,2025-06-11,,2026-07-29T18:40:45
31439440,2025-01-13,2025-05-15,,2026-07-29T18:40:45
31440212,2025-01-13,2025-06-01,,2026-07-29T18:40:46
31440582,2025-01-13,2025-02-03,,2026-07-29T18:40:46
31441174,2025-01-13,2026-01-31,,2026-07-29T18:40:46
31443321,2025-01-14,2025-05-04,,2026-07-29T18:40:48
31443538,2025-01-14,2025-01-14,,2026-07-29T18:40:47
31448025,2025-01-14,2025-03-29,,2026-07-29T18:40:47
31458511,2025-01-14,2026-04-16,,2026-07-29T18:40:47
31462145,2025-01-14,2025-03-11,,2026-07-29T18:40:48
31465733,2025-01-14,2025-07-02,,2026-07-29T18:40:48
31468604,2025-01-14,2025-01-14,,2026-07-29T18:40:48
31470333,2025-01-14,2025-02-04,,2026-07-29T18:40:48
31472954,2025-01-14,2025-01-18,,2026-07-29T18:40:48
31473636,2025-01-14,2026-04-28,,2026-07-29T18:40:49
31474655,2025-01-14,2025-03-17,,2026-07-29T18:40:49
31475908,2025-01-15,2026-08-25,,2026-08-25T05:13:47
31479389,2025-01-15,2025-02-18,,2026-07-29T18:40:51
31480486,2025-01-15,2025-12-12,,2026-07-29T18:40:50
31493293,2025-01-15,2025-04-01,,2026-07-29T18:40:51
31496523,2025-01-15,2025-01-26,,2026-07-29T18:41:04
31502335,2025-01-15,2025-01-29,,2026-07-29T18:41:19
31503343,2025-01-15,2025-02-19,,2026-07-29T18:41:19
31504540,2025-01-15,2025-01-28,,2026-07-29T18:41:20
31506441,2025-01-15,2025-03-06,,2026-07-29T18:41:20
31507564,2025-01-16,2025-07-28,,2026-07-29T18:41:21
31507791,2025-01-16,2026-01-22,,2026-07-29T18:41:23
31507808,2025-01-16,2026-05-07,,2026-07-29T18:41:20
31508975,2025-01-16,2025-10-17,,2026-07-29T18:41:21
31512016,2025-01-16,2026-08-21,,2026-08-23T04:20:58
31512823,2025-01-16,2025-03-02,,2026-07-29T18:41:21
31528071,2025-01-16,2025-01-28,,2026-07-29T18:41:23
31531576,2025-01-16,2026-02-08,,2026-07-29T18:41:26
31533695,2025-01-16,2025-05-18,,2026-07-29T18:41:26
31535255,2025-01-16,2025-01-21,,2026-07-29T18:41:27
31537091,2025-01-16,2025-01-16,,2026-07-29T18:41:26
31537706,2025-01-16,2025-08-12,,2026-07-29T18:41:28
31537951,2025-01-16,2025-02-19,,2026-07-29T18:41:29
31538414,2025-01-16,2025-06-14,,2026-07-29T18:41:30
31538465,2025-01-16,2026-02-20,,2026-07-29T18:41:31
31539276,2025-01-16,2025-01-16,,2026-07-29T18:41:31
31544411,2025-01-17,2025-02-23,,2026-07-29T18:41:32
31562015,2025-01-17,2025-01-28,,2026-07-29T18:41:33
31568145,2025-01-17,2025-03-18,,2026-07-29T18:41:34
31568600,2025-01-17,2025-07-30,,2026-07-29T18:41:35
31569699,2025-01-17,2026-02-01,,2026-07-29T18:41:36
31569958,2025-01-17,2025-01-18,,2026-07-29T18:41:36
31571481,2025-01-18,2026-01-11,,2026-07-29T18:41:36
31571649,2025-01-18,2026-07-01,,2026-07-29T18:41:49
31571895,2025-01-18,2025-01-28,,2026-07-29T18:41:50
31573142,2025-01-18,2025-08-24,,2026-07-29T18:41:50
31574786,2025-01-18,2026-08-20,,2026-08-22T10:00:13
31581098,2025-01-18,2026-02-19,,2026-07-29T18:41:51
31588098,2025-01-18,2025-04-27,,2026-07-29T18:41:51
31590122,2025-01-18,2026-08-22,,2026-08-23T06:04:43
31590896,2025-01-18,2025-12-03,,2026-07-29T18:41:52
31592890,2025-01-18,2025-01-28,,2026-07-29T18:41:53
31594579,2025-01-18,2025-09-19,,2026-07-29T18:41:53
31595106,2025-01-18,2025-07-24,,2026-07-29T18:41:53
31597503,2025-01-19,2026-08-17,,2026-08-19T04:22:13
31599637,2025-01-19,2026-08-24,,2026-08-24T04:21:34
31601255,2025-01-19,2025-05-20,,2026-07-29T18:41:54
31607597,2025-01-19,2026-02-02,,2026-07-29T18:41:54
31609272,2025-01-19,2026-04-23,,2026-07-29T18:41:55
31610750,2025-01-19,2025-02-06,,2026-07-29T18:41:55
31610756,2025-01-19,2025-10-24,,2026-07-29T18:41:56
31611630,2025-01-19,2025-07-06,,2026-07-29T18:41:56
31612619,2025-01-19,2025-05-25,,2026-07-29T18:41:57
31614456,2025-01-19,2025-04-11,,2026-07-29T18:41:58
31614492,2025-01-19,2025-01-20,,2026-07-29T18:41:58
31614959,2025-01-19,2025-01-22,,2026-07-29T18:41:59
31615338,2025-01-20,2025-02-19,,2026-07-29T18:41:59
31615358,2025-01-20,2025-04-19,,2026-07-29T18:41:59
31616124,2025-01-20,2025-01-20,,2026-07-29T18:41:59
31616471,2025-01-20,2026-02-02,,2026-07-29T18:41:59
31618010,2025-01-20,2025-03-20,,2026-07-29T18:42:00
31618211,2025-01-20,2025-06-17,,2026-07-29T18:42:00
31619699,2025-01-20,2025-01-20,,2026-07-29T18:42:00
31621583,2025-01-20,2026-03-23,,2026-07-29T18:42:00
31629311,2025-01-20,2025-02-15,,2026-07-29T18:42:02
31636711,2025-01-20,2025-01-20,,2026-07-29T18:42:01
31638941,2025-01-20,2025-04-12,,2026-07-29T18:42:01
31641159,2025-01-20,2025-04-26,,2026-07-29T18:42:01
31641205,2025-01-20,2025-02-11,,2026-07-29T18:42:01
31641827,2025-01-20,2025-07-07,,2026-07-29T18:42:02
31644156,2025-01-20,2025-02-22,,2026-07-29T18:42:02
31644559,2025-01-20,2026-03-27,,2026-07-29T18:42:02
31644821,2025-01-20,2025-09-01,,2026-07-29T18:42:02
31646247,2025-01-20,2025-08-01,,2026-07-29T18:42:03
31649122,2025-01-21,2025-06-19,,2026-07-29T18:42:03
31649400,2025-01-21,2025-04-02,,2026-07-29T18:42:03
31649730,2025-01-21,2025-04-23,,2026-07-29T18:42:03
31650345,2025-01-21,2025-02-17,,2026-07-29T18:42:04
31652098,2025-01-21,2026-05-27,,2026-07-29T18:42:04
31653034,2025-01-21,2025-04-07,,2026-07-29T18:42:04
31654880,2025-01-21,2025-03-22,,2026-07-29T18:42:06
31658372,2025-01-21,2025-01-21,,2026-07-29T18:42:05
31663015,2025-01-21,2025-02-20,,2026-07-29T18:42:06
31666148,2025-01-21,2026-01-14,,2026-07-29T18:42:07
31666387,2025-01-21,2025-01-28,,2026-07-29T18:42:07
31667949,2025-01-21,2025-01-27,,2026-07-29T18:42:07
31668051,2025-01-21,2025-03-24,,2026-07-29T18:42:07
31668920,2025-01-21,2025-04-17,,2026-07-29T18:42:08
31669009,2025-01-21,2025-01-21,,2026-07-29T18:42:08
31669016,2025-01-21,2025-02-08,,2026-07-29T18:42:08
31669332,2025-01-21,2025-01-22,,2026-07-29T18:42:08
31669853,2025-01-21,2025-04-16,,2026-07-29T18:42:09
31669869,2025-01-21,2025-01-29,,2026-07-29T18:42:09
31671008,2025-01-21,2026-06-23,,2026-07-29T18:42:10
31671035,2025-01-21,2025-05-21,,2026-07-29T18:42:11
31671267,2025-01-21,2025-10-07,,2026-07-29T18:42:10
31671391,2025-01-21,2025-06-20,,2026-07-29T18:42:11
31671437,2025-01-21,2025-07-21,,2026-07-29T18:42:11
31671477,2025-01-21,2025-07-15,,2026-07-29T18:42:11
31671968,2025-01-21,2025-03-03,,2026-07-29T18:42:11
31672043,2025-01-21,2025-03-01,,2026-07-29T18:42:12
31672061,2025-01-21,2025-02-05,,2026-07-29T18:42:13
31672155,2025-01-21,2025-03-31,,2026-07-29T18:42:13
31672589,2025-01-21,2025-10-01,,2026-07-29T18:42:14
31674049,2025-01-21,2025-10-05,,2026-07-29T18:42:20
31674178,2025-01-21,2025-02-26,,2026-07-29T18:42:15
31674878,2025-01-21,2025-05-11,,2026-07-29T18:42:15
31675056,2025-01-21,2025-02-17,,2026-07-29T18:42:15
31675400,2025-01-21,2025-01-21,,2026-07-29T18:42:15
31675739,2025-01-21,2025-03-14,,2026-07-29T18:42:15
31676405,2025-01-21,2025-11-30,,2026-07-29T18:42:24
31676521,2025-01-21,2025-04-28,,2026-07-29T18:42:16
31676593,2025-01-21,2025-06-10,,2026-07-29T18:42:17
31676620,2025-01-21,2025-05-24,,2026-07-29T18:42:17
31676665,2025-01-21,2025-12-29,,2026-07-29T18:42:17
31676734,2025-01-21,2025-01-21,,2026-07-29T18:42:18
31677256,2025-01-21,2025-07-28,,2026-07-29T18:42:18
31677319,2025-01-21,2025-01-21,,2026-07-29T18:42:18
31677892,2025-01-21,2025-01-22,,2026-07-29T18:42:18
31678044,2025-01-21,2025-03-26,,2026-07-29T18:42:19
31678356,2025-01-21,2025-01-22,,2026-07-29T18:42:29
31678608,2025-01-21,2026-04-23,,2026-07-29T18:42:19
31678742,2025-01-21,2025-11-14,,2026-07-29T18:42:19
31680368,2025-01-21,2025-01-23,,2026-07-29T18:42:20
31680462,2025-01-21,2025-03-10,,2026-07-29T18:42:20
31680954,2025-01-21,2026-06-26,,2026-07-29T18:42:20
31680999,2025-01-21,2025-01-29,,2026-07-29T18:42:30
31681029,2025-01-21,2025-01-21,,2026-07-29T18:42:21
31681140,2025-01-21,2025-02-25,,2026-07-29T18:42:21
31681346,2025-01-21,2025-01-21,,2026-07-29T18:42:22
31681355,2025-01-21,2025-01-22,,2026-07-29T18:42:22
31681787,2025-01-21,2025-03-28,,2026-07-29T18:42:22
31682114,2025-01-21,2025-02-07,,2026-07-29T18:42:23
31682656,2025-01-21,2025-07-23,,2026-07-29T18:42:23
31683191,2025-01-21,2025-01-31,,2026-07-29T18:42:25
31684378,2025-01-21,2025-01-22,,2026-07-29T18:42:25
31684828,2025-01-21,2025-03-04,,2026-07-29T18:42:27
31685278,2025-01-21,2025-02-12,,2026-07-29T18:42:28
31685564,2025-01-22,2026-07-21,,2026-07-29T18:42:35
31685572,2025-01-22,2025-07-29,,2026-07-29T18:42:30
31686091,2025-01-22,2026-08-25,,2026-08-25T05:26:08
31686313,2025-01-22,2025-02-03,,2026-07-29T18:42:32
31686323,2025-01-22,2025-09-09,,2026-07-29T18:42:35
31686673,2025-01-22,2025-07-08,,2026-07-29T18:42:36
31686752,2025-01-22,2025-02-16,,2026-07-29T18:42:36
31686781,2025-01-22,2025-01-25,,2026-07-29T18:42:37
31686995,2025-01-22,2025-02-24,,2026-07-29T18:42:39
31687003,2025-01-22,2025-05-05,,2026-07-29T18:42:39
31687141,2025-01-22,2025-02-28,,2026-07-29T18:42:39
31687513,2025-01-22,2025-01-22,,2026-07-29T18:42:40
31687545,2025-01-22,2025-05-22,,2026-07-29T18:42:40
31687789,2025-01-22,2025-03-11,,2026-07-29T18:42:40
31687881,2025-01-22,2025-01-22,,2026-07-29T18:42:41
31687972,2025-01-22,2025-01-25,,2026-07-29T18:42:43
31689067,2025-01-22,2026-08-24,,2026-08-24T18:21:04
31689548,2025-01-22,2026-08-13,,2026-08-15T04:08:12
31690206,2025-01-22,2026-05-19,,2026-07-29T18:42:43
31690842,2025-01-22,2026-02-23,,2026-07-29T18:42:46
31690849,2025-01-22,2025-01-22,,2026-07-29T18:42:46
31691014,2025-01-22,2026-07-01,,2026-07-29T18:42:47
31691295,2025-01-22,2026-05-29,,2026-07-29T18:42:51
31694560,2025-01-22,2026-06-20,,2026-07-29T18:42:49
31697897,2025-01-22,2026-04-28,,2026-07-29T18:42:49
31700803,2025-01-22,2026-08-23,,2026-08-25T04:07:49
31701657,2025-01-22,2025-01-25,,2026-07-29T18:43:03
31702011,2025-01-22,2025-10-23,,2026-07-29T18:43:03
31707398,2025-01-22,2025-01-23,,2026-07-29T18:43:03
31708098,2025-01-22,2025-11-01,,2026-07-29T18:43:04
31708484,2025-01-22,2025-05-05,,2026-07-29T18:43:04
31708669,2025-01-22,2025-01-22,,2026-07-29T18:43:04
31709198,2025-01-22,2025-01-22,,2026-07-29T18:43:04
31709999,2025-01-22,2025-01-23,,2026-07-29T18:43:04
31710095,2025-01-22,2026-01-27,,2026-07-29T18:43:04
31710220,2025-01-22,2025-01-22,,2026-07-29T18:43:05
31710399,2025-01-22,2025-03-06,,2026-07-29T18:43:05
31710641,2025-01-22,2025-08-06,,2026-07-29T18:43:05
31710680,2025-01-22,2025-02-10,,2026-07-29T18:43:06
31711755,2025-01-22,2026-08-22,,2026-08-23T04:23:32
31711920,2025-01-22,2025-03-08,,2026-07-29T18:43:06
31712004,2025-01-22,2026-07-04,,2026-07-29T18:43:07
31713724,2025-01-22,2026-05-12,,2026-07-29T18:43:07
31713911,2025-01-22,2025-01-23,,2026-07-29T18:43:07
31714161,2025-01-22,2025-03-20,,2026-07-29T18:43:11
31714235,2025-01-22,2025-02-06,,2026-07-29T18:43:08
31714489,2025-01-22,2025-04-30,,2026-07-29T18:43:08
31715072,2025-01-22,2026-01-08,,2026-07-29T18:43:08
31715138,2025-01-22,2025-05-29,,2026-07-29T18:43:08
31715371,2025-01-22,2025-05-15,,2026-07-29T18:43:09
31715551,2025-01-22,2026-07-09,,2026-07-29T18:43:09
31715552,2025-01-22,2025-04-12,,2026-07-29T18:43:09
31716281,2025-01-22,2025-01-22,,2026-07-29T18:43:09
31716305,2025-01-22,2025-02-26,,2026-07-29T18:43:11
31716752,2025-01-22,2025-03-28,,2026-07-29T18:43:10
31717164,2025-01-22,2025-06-16,,2026-07-29T18:43:11
31717399,2025-01-22,2025-03-07,,2026-07-29T18:43:11
31717754,2025-01-22,2025-01-22,,2026-07-29T18:43:12
31717834,2025-01-22,2025-02-27,,2026-07-29T18:43:12
31717911,2025-01-22,2025-04-24,,2026-07-29T18:43:12
31717939,2025-01-22,2025-01-22,,2026-07-29T18:43:12
31718202,2025-01-22,2025-08-12,,2026-07-29T18:43:13
31718415,2025-01-22,2025-05-21,,2026-07-29T18:43:13
31718418,2025-01-22,2026-05-08,,2026-07-29T18:43:13
31718472,2025-01-22,2025-12-06,,2026-07-29T18:43:14
31718525,2025-01-22,2025-01-23,,2026-07-29T18:43:14
31718530,2025-01-22,2026-02-15,,2026-07-29T18:43:14
31718624,2025-01-22,2025-01-23,,2026-07-29T18:43:14
31718749,2025-01-22,2025-08-09,,2026-07-29T18:43:14
31718814,2025-01-22,2025-02-12,,2026-07-29T18:43:29
31719099,2025-01-22,2025-01-22,,2026-07-29T18:43:29
31719269,2025-01-22,2025-01-24,,2026-07-29T18:43:29
31719364,2025-01-22,2026-06-29,,2026-07-29T18:43:29
31719413,2025-01-22,2025-01-23,,2026-07-29T18:43:30
31720084,2025-01-22,2026-03-29,,2026-07-29T18:43:30
31720093,2025-01-22,2026-04-09,,2026-07-29T18:43:30
31720278,2025-01-22,2025-04-28,,2026-07-29T18:43:30
31720342,2025-01-22,2025-09-26,,2026-07-29T18:43:31
31720439,2025-01-22,2025-03-19,,2026-07-29T18:43:31
31720490,2025-01-22,2025-02-05,,2026-07-29T18:43:31
31720649,2025-01-23,2026-03-05,,2026-07-29T18:43:32
31720684,2025-01-23,2025-04-01,,2026-07-29T18:43:32
31720927,2025-01-23,2025-01-23,,2026-07-29T18:43:32
31720977,2025-01-23,2025-01-24,,2026-07-29T18:43:33
31721057,2025-01-23,2025-10-28,,2026-07-29T18:43:33
31721228,2025-01-23,2025-01-28,,2026-07-29T18:43:33
31721425,2025-01-23,2025-02-13,,2026-07-29T18:43:33
31721448,2025-01-23,2026-08-15,,2026-08-17T04:11:02
31721632,2025-01-23,2026-08-04,,2026-08-05T04:21:29
31722499,2025-01-23,2025-04-30,,2026-07-29T18:43:34
31723402,2025-01-23,2025-03-02,,2026-07-29T18:43:34
31723447,2025-01-23,2025-08-14,,2026-07-29T18:43:34
31724746,2025-01-23,2025-01-23,,2026-07-29T18:43:34
31725053,2025-01-23,2026-06-02,,2026-07-29T18:43:34
31725232,2025-01-23,2025-03-08,,2026-07-29T18:43:34
31725313,2025-01-23,2025-07-28,,2026-07-29T18:43:35
31726159,2025-01-23,2025-01-29,,2026-07-29T18:43:35
31726311,2025-01-23,2025-01-31,,2026-07-29T18:43:35
31727340,2025-01-23,2026-08-04,,2026-08-06T05:08:05
31727942,2025-01-23,2025-10-18,,2026-07-29T18:43:36
31729071,2025-01-23,2025-04-21,,2026-07-29T18:43:36
31729229,2025-01-23,2025-03-30,,2026-07-29T18:43:36
31732930,2025-01-23,2025-02-14,,2026-07-29T18:43:36
31735731,2025-01-23,2025-02-25,,2026-07-29T18:43:36
31737260,2025-01-23,2026-06-16,,2026-07-29T18:43:37
31739036,2025-01-23,2026-07-31,,2026-08-02T04:09:42
31739471,2025-01-23,2025-07-04,,2026-07-29T18:43:37
31741712,2025-01-23,2025-02-11,,2026-07-29T18:43:38
31741903,2025-01-23,2025-01-23,,2026-07-29T18:43:37
31742043,2025-01-23,2025-01-28,,2026-07-29T18:43:39
31742560,2025-01-23,2025-01-23,,2026-07-29T18:43:38
31742918,2025-01-23,2025-02-06,,2026-07-29T18:43:39
31742974,2025-01-23,2025-02-07,,2026-07-29T18:43:39
31743075,2025-01-23,2025-02-05,,2026-07-29T18:43:39
31743322,2025-01-23,2026-08-02,,2026-08-03T04:16:17
31743729,2025-01-23,2025-02-07,,2026-07-29T18:43:39
31743820,2025-01-23,2025-01-28,,2026-07-29T18:43:39
31743994,2025-01-23,2025-10-06,,2026-07-29T18:43:39
31744069,2025-01-23,2025-04-09,,2026-07-29T18:43:39
31744078,2025-01-23,2025-03-21,,2026-07-29T18:43:40
31745514,2025-01-23,2025-02-15,,2026-07-29T18:43:40
31745828,2025-01-23,2025-03-26,,2026-07-29T18:43:40
31746366,2025-01-23,2025-01-26,,2026-07-29T18:43:41
31746438,2025-01-23,2025-01-26,,2026-07-29T18:43:41
31746632,2025-01-23,2025-01-23,,2026-07-29T18:43:41
31746746,2025-01-23,2025-01-23,,2026-07-29T18:43:41
31746902,2025-01-23,2025-02-11,,2026-07-29T18:43:41
31747066,2025-01-23,2025-07-02,,2026-07-29T18:43:42
31747410,2025-01-23,2025-01-24,,2026-07-29T18:43:42
31747525,2025-01-23,2025-02-01,,2026-07-29T18:43:42
31747526,2025-01-23,2025-01-25,,2026-07-29T18:43:42
31747621,2025-01-23,2025-11-06,,2026-07-29T18:43:42
31747943,2025-01-23,2025-02-05,,2026-07-29T18:43:43
31747966,2025-01-23,2025-10-03,,2026-07-29T18:43:43
31748492,2025-01-23,2025-01-28,,2026-07-29T18:43:44
31748938,2025-01-23,2025-01-30,,2026-07-29T18:43:43
31748966,2025-01-23,2025-09-08,,2026-07-29T18:43:44
31749196,2025-01-23,2025-01-28,,2026-07-29T18:43:44
31749316,2025-01-23,2025-03-29,,2026-07-29T18:43:45
31749587,2025-01-23,2025-01-26,,2026-07-29T18:43:45
31749701,2025-01-23,2025-01-23,,2026-07-29T18:43:46
31750057,2025-01-23,2025-03-18,,2026-07-29T18:43:46
31750183,2025-01-23,2026-08-01,,2026-08-03T04:13:11
31750469,2025-01-23,2025-06-26,,2026-07-29T18:43:46
31750914,2025-01-23,2025-01-28,,2026-07-29T18:43:47
31750919,2025-01-23,2025-02-15,,2026-07-29T18:43:47
31751512,2025-01-23,2025-10-22,,2026-07-29T18:43:47
31751715,2025-01-23,2025-01-23,,2026-07-29T18:43:47
31752340,2025-01-23,2025-12-14,,2026-07-29T18:43:48
31752657,2025-01-23,2025-01-25,,2026-07-29T18:43:48
31752669,2025-01-23,2025-08-19,,2026-07-29T18:43:48
31752823,2025-01-23,2026-06-07,,2026-07-29T18:43:48
31752865,2025-01-23,2025-03-24,,2026-07-29T18:43:48
31752926,2025-01-23,2025-03-09,,2026-07-29T18:43:49
31753034,2025-01-23,2026-02-12,,2026-07-29T18:43:49
31753566,2025-01-23,2026-05-15,,2026-07-29T18:43:50
31753790,2025-01-24,2025-02-26,,2026-07-29T18:43:51
31754231,2025-01-24,2025-05-08,,2026-07-29T18:43:51
31754408,2025-01-24,2025-02-18,,2026-07-29T18:43:51
31754754,2025-01-24,2025-01-31,,2026-07-29T18:43:51
31754937,2025-01-24,2025-06-01,,2026-07-29T18:43:51
31755601,2025-01-24,2025-01-24,,2026-07-29T18:43:52
31755603,2025-01-24,2025-04-24,,2026-07-29T18:43:52
31756037,2025-01-24,2025-02-26,,2026-07-29T18:43:52
31756144,2025-01-24,2025-02-22,,2026-07-29T18:43:52
31756189,2025-01-24,2025-03-30,,2026-07-29T18:43:53
31756327,2025-01-24,2026-01-23,,2026-07-29T18:43:53
31756410,2025-01-24,2025-02-22,,2026-07-29T18:44:23
31757276,2025-01-24,2025-02-19,,2026-07-29T18:44:24
31757415,2025-01-24,2025-02-03,,2026-07-29T18:44:25
31757648,2025-01-24,2025-11-20,,2026-07-29T18:44:24
31758276,2025-01-24,2025-03-01,,2026-07-29T18:44:25
31758340,2025-01-24,2025-01-24,,2026-07-29T18:44:26
31758618,2025-01-24,2025-02-28,,2026-07-29T18:44:25
31758652,2025-01-24,2025-01-29,,2026-07-29T18:44:25
31759039,2025-01-24,2025-09-12,,2026-07-29T18:44:26
31759948,2025-01-24,2025-01-29,,2026-07-29T18:44:26
31760639,2025-01-24,2025-01-24,,2026-07-29T18:44:27
31762241,2025-01-24,2025-08-20,,2026-07-29T18:44:27
31763232,2025-01-24,2025-01-24,,2026-07-29T18:44:27
31763249,2025-01-24,2025-01-30,,2026-07-29T18:44:27
31763264,2025-01-24,2025-06-10,,2026-07-29T18:44:28
31763637,2025-01-24,2025-04-18,,2026-07-29T18:44:29
31766518,2025-01-24,2025-06-12,,2026-07-29T18:44:28
31766795,2025-01-24,2026-02-25,,2026-07-29T18:44:35
31767745,2025-01-24,2025-06-08,,2026-07-29T18:44:29
31768878,2025-01-24,2026-07-12,,2026-07-29T18:44:29
31769343,2025-01-24,2025-01-26,,2026-07-29T18:44:29
31769454,2025-01-24,2025-08-09,,2026-07-29T18:44:35
31770727,2025-01-24,2025-01-28,,2026-07-29T18:44:35
31770816,2025-01-24,2025-01-25,,2026-07-29T18:44:31
31771066,2025-01-24,2025-02-07,,2026-07-29T18:44:32
31771197,2025-01-24,2025-10-23,,2026-07-29T18:44:33
31771294,2025-01-24,2026-06-01,,2026-07-29T18:44:34
31772165,2025-01-24,2025-04-14,,2026-07-29T18:44:35
31772362,2025-01-24,2025-10-15,,2026-07-29T18:44:35
31772530,2025-01-24,2026-05-07,,2026-07-29T18:44:36
31772586,2025-01-24,2025-11-02,,2026-07-29T18:44:36
31773151,2025-01-24,2025-05-14,,2026-07-29T18:44:37
31773179,2025-01-24,2026-08-24,,2026-08-24T16:05:11
31773582,2025-01-24,2025-04-02,,2026-07-29T18:44:37
31774052,2025-01-24,2025-05-01,,2026-07-29T18:44:37
31774703,2025-01-24,2025-07-27,,2026-07-29T18:44:38
31774833,2025-01-24,2025-05-21,,2026-07-29T18:44:38
31774952,2025-01-24,2026-08-03,,2026-08-04T04:16:40
31774960,2025-01-24,2025-01-24,,2026-07-29T18:44:39
31774972,2025-01-24,2025-04-21,,2026-07-29T18:44:39
31775409,2025-01-24,2025-02-09,,2026-07-29T18:44:39
31775461,2025-01-24,2025-04-18,,2026-07-29T18:44:39
31775594,2025-01-24,2025-02-17,,2026-07-29T18:44:40
31775967,2025-01-24,2025-02-06,,2026-07-29T18:44:40
31776225,2025-01-24,2025-02-20,,2026-07-29T18:44:40
31776685,2025-01-24,2025-01-24,,2026-07-29T18:44:40
31777584,2025-01-24,2025-01-28,,2026-07-29T18:44:40
31778213,2025-01-24,2025-02-28,,2026-07-29T18:44:41
31778253,2025-01-24,2025-02-19,,2026-07-29T18:44:41
31778618,2025-01-24,2025-07-31,,2026-07-29T18:44:42
31778712,2025-01-24,2025-01-30,,2026-07-29T18:44:42
31778734,2025-01-24,2025-02-07,,2026-07-29T18:44:42
31778765,2025-01-24,2026-06-12,,2026-07-29T18:44:44
31778855,2025-01-24,2025-09-30,,2026-07-29T18:44:46
31778948,2025-01-24,2025-06-22,,2026-07-29T18:44:45
31779625,2025-01-24,2025-02-03,,2026-07-29T18:44:45
31779871,2025-01-24,2025-11-24,,2026-07-29T18:44:45
31779898,2025-01-24,2025-01-25,,2026-07-29T18:44:45
31779918,2025-01-24,2025-01-26,,2026-07-29T18:44:46
31780113,2025-01-24,2025-02-20,,2026-07-29T18:44:46
31780146,2025-01-24,2026-08-22,,2026-08-24T04:14:40
31780191,2025-01-24,2025-04-18,,2026-07-29T18:44:48
31780254,2025-01-24,2025-05-19,,2026-07-29T18:44:48
31780304,2025-01-24,2025-01-26,,2026-07-29T18:44:48
31780785,2025-01-24,2025-01-25,,2026-07-29T18:44:48
31780803,2025-01-24,2026-07-02,,2026-07-29T18:44:52
31781517,2025-01-24,2025-02-17,,2026-07-29T18:44:52
31781697,2025-01-24,2025-03-13,,2026-07-29T18:44:52
31781767,2025-01-24,2025-03-18,,2026-07-29T18:44:52
31781930,2025-01-24,2025-01-31,,2026-07-29T18:44:55
31781999,2025-01-24,2025-01-25,,2026-07-29T18:44:55
31782112,2025-01-24,2025-03-03,,2026-07-29T18:44:55
31782723,2025-01-25,2025-02-28,,2026-07-29T18:44:55
31782765,2025-01-25,2025-08-22,,2026-07-29T18:44:55
31782807,2025-01-25,2026-05-10,,2026-07-29T18:44:58
31782852,2025-01-25,2025-02-13,,2026-07-29T18:44:55
31782870,2025-01-25,2025-02-02,,2026-07-29T18:44:57
31782996,2025-01-25,2026-01-04,,2026-07-29T18:44:58
31783051,2025-01-25,2025-07-09,,2026-07-29T18:44:57
31783083,2025-01-25,2025-08-30,,2026-07-29T18:44:57
31783176,2025-01-25,2025-07-15,,2026-07-29T18:44:57
31783316,2025-01-25,2025-03-07,,2026-07-29T18:44:57
31783336,2025-01-25,2025-02-27,,2026-07-29T18:44:57
31783350,2025-01-25,2026-02-28,,2026-07-29T18:44:57
31783420,2025-01-25,2026-04-05,,2026-07-29T18:44:57
31783455,2025-01-25,2025-02-09,,2026-07-29T18:44:57
31783457,2025-01-25,2026-08-21,,2026-08-23T05:07:12
31783502,2025-01-25,2025-09-22,,2026-07-29T18:45:00
31783530,2025-01-25,2025-01-31,,2026-07-29T18:45:00
31783695,2025-01-25,2025-03-18,,2026-07-29T18:45:00
31783796,2025-01-25,2025-04-19,,2026-07-29T18:45:00
31783955,2025-01-25,2026-02-23,,2026-07-29T18:45:00
31783985,2025-01-25,2025-05-19,,2026-07-29T18:45:00
31784005,2025-01-25,2026-04-23,,2026-07-29T18:45:01
31784070,2025-01-25,2025-01-25,,2026-07-29T18:45:00
31784239,2025-01-25,2025-02-11,,2026-08-10T16:16:12
31784270,2025-01-25,2026-08-13,,2026-08-15T07:11:30
31784587,2025-01-25,2025-02-27,,2026-07-29T18:45:03
31784734,2025-01-25,2025-02-17,,2026-07-29T18:45:04
31784993,2025-01-25,2025-05-01,,2026-07-29T18:45:20
31785091,2025-01-25,2025-01-28,,2026-07-29T18:45:20
31785110,2025-01-25,2025-01-25,,2026-07-29T18:45:20
31785140,2025-01-25,2025-02-17,,2026-07-29T18:45:20
31785196,2025-01-25,2025-01-25,,2026-07-29T18:45:20
31785722,2025-01-25,2025-03-31,,2026-07-29T18:45:20
31786359,2025-01-25,2026-05-20,,2026-07-29T18:45:21
31786459,2025-01-25,2025-04-15,,2026-07-29T18:45:24
31786975,2025-01-25,2026-06-16,,2026-07-29T18:45:24
31787600,2025-01-25,2025-03-27,,2026-07-29T18:45:24
31788082,2025-01-25,2025-05-14,,2026-07-29T18:45:24
31789813,2025-01-25,2025-12-30,,2026-07-29T18:45:24
31790151,2025-01-25,2025-10-28,,2026-07-29T18:45:25
31790852,2025-01-25,2026-08-06,,2026-08-07T22:02:29
31793086,2025-01-25,2026-04-30,,2026-07-29T18:45:27
31794454,2025-01-25,2025-09-08,,2026-07-29T18:45:24
31794703,2025-01-25,2026-02-24,,2026-07-29T18:45:24
31795517,2025-01-25,2025-04-10,,2026-07-29T18:45:28
31796850,2025-01-25,2025-06-27,,2026-07-29T18:45:25
31796941,2025-01-25,2025-02-02,,2026-07-29T18:45:28
31797153,2025-01-25,2025-04-12,,2026-07-29T18:45:28
31797173,2025-01-25,2025-05-15,,2026-07-29T18:45:28
31797189,2025-01-25,2025-03-30,,2026-07-29T18:45:28
31797410,2025-01-25,2025-01-26,,2026-07-29T18:45:28
31797798,2025-01-25,2025-07-24,,2026-07-29T18:45:28
31797905,2025-01-25,2025-02-28,,2026-07-29T18:45:28
31798176,2025-01-25,2025-02-24,,2026-07-29T18:45:28
31798379,2025-01-25,2025-03-01,,2026-07-29T18:45:28
31798515,2025-01-25,2025-02-04,,2026-07-29T18:45:28
31798551,2025-01-25,2025-02-25,,2026-07-29T18:45:29
31798660,2025-01-25,2025-03-25,,2026-07-29T18:45:30
31798711,2025-01-25,2025-01-26,,2026-07-29T18:45:30
31798909,2025-01-25,2025-01-30,,2026-07-29T18:45:30
31798916,2025-01-25,2025-03-13,,2026-07-29T18:45:30
31799152,2025-01-25,2026-07-06,,2026-07-29T18:45:30
31799167,2025-01-25,2025-11-26,,2026-07-29T18:45:30
31800291,2025-01-25,2025-03-03,,2026-07-29T18:45:30
31800342,2025-01-25,2026-06-28,,2026-07-29T18:45:31
31800394,2025-01-25,2025-02-02,,2026-07-29T18:45:31
31800560,2025-01-25,2025-02-12,,2026-07-29T18:45:35
31800891,2025-01-25,2025-09-14,,2026-07-29T18:45:31
31800914,2025-01-25,2025-01-29,,2026-07-29T18:45:33
31801059,2025-01-25,2026-04-06,,2026-07-29T18:45:31
31801197,2025-01-25,2025-08-22,,2026-07-29T18:45:32
31801201,2025-01-25,2025-05-07,,2026-07-29T18:45:32
31801204,2025-01-25,2026-08-21,,2026-08-23T04:07:21
31801592,2025-01-25,2025-10-25,,2026-07-29T18:45:33
31802213,2025-01-25,2025-07-23,,2026-07-29T18:45:33
31802324,2025-01-25,2025-03-22,,2026-07-29T18:45:33
31802445,2025-01-25,2025-01-29,,2026-07-29T18:45:34
31802629,2025-01-25,2025-02-07,,2026-07-29T18:45:34
31802637,2025-01-25,2025-07-25,,2026-07-29T18:45:34
31802948,2025-01-25,2026-08-24,,2026-08-24T23:07:44
31803093,2025-01-25,2025-02-28,,2026-07-29T18:45:34
31803109,2025-01-25,2025-01-28,,2026-07-29T18:45:35
31803471,2025-01-25,2025-06-23,,2026-07-29T18:45:35
31803686,2025-01-25,2025-10-12,,2026-07-29T18:45:35
31803700,2025-01-25,2025-01-29,,2026-07-29T18:45:36
31803774,2025-01-25,2025-01-30,,2026-07-29T18:45:36
31803917,2025-01-25,2026-07-06,,2026-07-29T18:45:37
31803958,2025-01-25,2025-02-25,,2026-07-29T18:45:37
31803968,2025-01-25,2026-07-23,,2026-07-29T18:45:38
31804014,2025-01-25,2025-04-12,,2026-07-29T18:45:39
31804313,2025-01-25,2026-06-16,,2026-07-29T18:45:38
31804542,2025-01-25,2026-08-11,,2026-08-13T06:04:06
31804625,2025-01-25,2025-03-13,,2026-07-29T18:45:39
31804920,2025-01-25,2025-11-02,,2026-07-29T18:45:39
31805040,2025-01-25,2026-05-23,,2026-07-29T18:45:39
31805112,2025-01-25,2025-04-01,,2026-07-29T18:45:39
31805159,2025-01-25,2025-02-17,,2026-07-29T18:45:41
31805280,2025-01-25,2026-05-22,,2026-07-29T18:45:40
31805329,2025-01-25,2025-02-19,,2026-07-29T18:45:40
31805351,2025-01-25,2025-01-31,,2026-07-29T18:45:40
31805396,2025-01-25,2025-02-06,,2026-07-29T18:45:40
31805493,2025-01-25,2025-02-04,,2026-07-29T18:45:41
31805545,2025-01-25,2025-01-29,,2026-07-29T18:45:42
31805566,2025-01-25,2025-04-14,,2026-07-29T18:45:41
31805953,2025-01-26,2026-08-24,,2026-08-24T23:55:46
31805954,2025-01-26,2025-04-07,,2026-07-29T18:45:42
31806133,2025-01-26,2025-02-01,,2026-07-29T18:45:44
31806167,2025-01-26,2026-02-09,,2026-07-29T18:45:43
31806241,2025-01-26,2026-08-23,,2026-08-25T04:01:44
31806362,2025-01-26,2025-02-07,,2026-07-29T18:45:43
31806409,2025-01-26,2025-01-27,,2026-07-29T18:45:43
31806416,2025-01-26,2026-08-25,,2026-08-25T01:02:57
31806568,2025-01-26,2025-06-14,,2026-07-29T18:45:43
31806587,2025-01-26,2025-02-01,,2026-07-29T18:45:43
31806624,2025-01-26,2026-08-24,,2026-08-24T03:14:21
31806708,2025-01-26,2025-01-31,,2026-07-29T18:45:46
31806807,2025-01-26,2026-06-19,,2026-07-29T18:45:44
31806879,2025-01-26,2025-01-26,,2026-07-29T18:45:44
31806892,2025-01-26,2025-02-27,,2026-07-29T18:45:45
31806933,2025-01-26,2025-01-29,,2026-08-24T15:26:23
31806961,2025-01-26,2025-01-31,,2026-07-29T18:45:45
31806973,2025-01-26,2025-07-01,,2026-07-29T18:45:46
31807160,2025-01-26,2025-05-27,,2026-07-29T18:45:45
31807190,2025-01-26,2025-02-13,,2026-07-29T18:45:46
31807248,2025-01-26,2025-01-26,,2026-07-29T18:45:59
31807331,2025-01-26,2025-02-06,,2026-07-29T18:45:59
31807574,2025-01-26,2025-02-04,,2026-07-29T18:46:01
31807588,2025-01-26,2025-01-31,,2026-07-29T18:46:01
31807606,2025-01-26,2025-01-27,,2026-07-29T18:46:02
31807643,2025-01-26,2025-03-19,,2026-07-29T18:46:03
31807660,2025-01-26,2025-07-08,,2026-07-29T18:46:04
31807868,2025-01-26,2025-02-25,,2026-07-29T18:46:04
31807936,2025-01-26,2025-01-29,,2026-07-29T18:46:04
31808079,2025-01-26,2025-05-07,,2026-07-29T18:46:04
31808240,2025-01-26,2026-08-17,,2026-08-19T05:09:50
31808891,2025-01-26,2025-03-27,,2026-07-29T18:46:07
31808931,2025-01-26,2025-03-21,,2026-07-29T18:46:05
31808946,2025-01-26,2025-04-02,,2026-07-29T18:46:05
31808995,2025-01-26,2026-04-30,,2026-07-29T18:46:05
31809088,2025-01-26,2025-02-04,,2026-07-29T18:46:05
31809173,2025-01-26,2026-04-28,,2026-07-29T18:46:06
31809245,2025-01-26,2025-03-07,,2026-08-16T10:04:26
31809296,2025-01-26,2025-04-03,,2026-07-29T18:46:07
31809656,2025-01-26,2025-02-23,,2026-07-29T18:46:07
31809883,2025-01-26,2026-08-11,,2026-08-13T05:08:06
31810123,2025-01-26,2025-05-21,,2026-07-29T18:46:07
31810484,2025-01-26,2026-03-29,,2026-07-29T18:46:07
31811241,2025-01-26,2025-01-26,,2026-07-29T18:46:07
31812428,2025-01-26,2025-10-29,,2026-07-29T18:46:08
31813218,2025-01-26,2025-05-10,,2026-07-29T18:46:08
31813563,2025-01-26,2025-01-26,,2026-07-29T18:46:11
31815573,2025-01-26,2025-02-28,,2026-07-29T18:46:08
31816019,2025-01-26,2026-08-21,,2026-08-23T06:03:47
31816078,2025-01-26,2025-01-28,,2026-07-29T18:46:08
31816160,2025-01-26,2026-06-16,,2026-07-29T18:46:09
31817101,2025-01-26,2026-06-14,,2026-07-29T18:46:10
31817662,2025-01-26,2026-07-13,,2026-07-29T18:46:10
31817899,2025-01-26,2026-01-16,,2026-07-29T18:46:10
31818038,2025-01-26,2025-02-06,,2026-07-29T18:46:10
31818126,2025-01-26,2026-03-20,,2026-07-29T18:46:10
31819039,2025-01-26,2025-01-26,,2026-07-29T18:46:10
31819040,2025-01-26,2025-03-26,,2026-07-29T18:46:11
31819226,2025-01-26,2025-09-16,,2026-07-29T18:46:11
31819365,2025-01-26,2025-02-05,,2026-07-29T18:46:11
31820253,2025-01-26,2025-02-10,,2026-07-29T18:46:14
31820464,2025-01-26,2025-08-03,,2026-07-29T18:46:12
31821091,2025-01-26,2025-04-14,,2026-07-29T18:46:12
31821527,2025-01-26,2025-01-31,,2026-07-29T18:46:12
31821577,2025-01-26,2025-01-28,,2026-07-29T18:46:14
31821720,2025-01-26,2026-08-17,,2026-08-18T07:11:37
31821761,2025-01-26,2025-02-09,,2026-07-29T18:46:14
31821770,2025-01-26,2025-01-26,,2026-07-29T18:46:14
31821831,2025-01-26,2025-01-31,,2026-07-29T18:46:15
31822635,2025-01-26,2025-02-13,,2026-07-29T18:46:16
31822975,2025-01-26,2025-01-26,,2026-07-29T18:46:14
31823402,2025-01-27,2025-08-13,,2026-07-29T18:46:15
31824095,2025-01-27,2025-02-16,,2026-07-29T18:46:15
31824557,2025-01-27,2025-02-03,,2026-07-29T18:46:15
31824818,2025-01-27,2025-02-25,,2026-07-29T18:46:17
31824990,2025-01-27,2025-05-01,,2026-07-29T18:46:16
31825317,2025-01-27,2025-06-02,,2026-07-29T18:46:17
31825773,2025-01-27,2025-03-07,,2026-07-29T18:46:17
31826241,2025-01-27,2025-10-20,,2026-07-29T18:46:17
31827344,2025-01-27,2025-03-27,,2026-07-29T18:46:18
31829465,2025-01-27,2026-08-11,,2026-08-12T21:01:21
31832331,2025-01-27,2025-01-31,,2026-07-29T18:46:18
31836711,2025-01-27,2026-07-03,,2026-07-29T18:46:18
31842803,2025-01-27,2025-01-28,,2026-07-29T18:46:23
31843539,2025-01-27,2025-02-19,,2026-07-29T18:46:19
31845507,2025-01-27,2025-06-18,,2026-07-29T18:46:19
31846882,2025-01-27,2025-02-06,,2026-07-29T18:46:20
31849548,2025-01-27,2025-02-01,,2026-07-29T18:46:20
31849971,2025-01-27,2025-03-11,,2026-07-29T18:46:20
31849996,2025-01-27,2026-08-21,,2026-08-23T04:20:55
31851184,2025-01-27,2025-01-27,,2026-07-29T18:46:24
31852227,2025-01-27,2025-09-04,,2026-07-29T18:46:21
31853534,2025-01-27,2025-02-25,,2026-07-29T18:46:21
31854890,2025-01-27,2025-10-11,,2026-07-29T18:46:21
31855435,2025-01-28,2025-06-01,,2026-07-29T18:46:21
31856590,2025-01-28,2025-01-28,,2026-07-29T18:46:25
31857695,2025-01-28,2025-02-14,,2026-07-29T18:46:22
31859911,2025-01-28,2025-04-20,,2026-07-29T18:46:23
31862407,2025-01-28,2026-04-28,,2026-07-29T18:46:26
31873685,2025-01-28,2025-01-28,,2026-07-29T18:46:24
31873811,2025-01-28,2025-01-29,,2026-07-29T18:46:24
31876286,2025-01-28,2025-01-28,,2026-07-29T18:46:24
31877964,2025-01-28,2025-03-19,,2026-07-29T18:46:24
31878514,2025-01-28,2025-06-17,,2026-07-29T18:46:24
31878919,2025-01-28,2025-02-07,,2026-07-29T18:46:24
31882212,2025-01-28,2025-06-11,,2026-07-29T18:46:24
31882734,2025-01-28,2025-02-04,,2026-07-29T18:46:24
31883132,2025-01-28,2025-09-19,,2026-07-29T18:46:25
31883405,2025-01-28,2025-03-09,,2026-07-29T18:46:25
31883827,2025-01-28,2025-01-28,,2026-07-29T18:46:25
31883948,2025-01-28,2026-02-06,,2026-07-29T18:46:25
31892428,2025-01-29,2025-01-29,,2026-07-29T18:46:26
31899569,2025-01-29,2025-01-29,,2026-07-29T18:46:26
31906464,2025-01-29,2025-01-30,,2026-07-29T18:46:26
31909757,2025-01-29,2025-04-27,,2026-07-29T18:46:27
31910367,2025-01-29,2025-10-21,,2026-07-29T18:46:27
31911130,2025-01-29,2026-03-12,,2026-07-29T18:46:27
31911931,2025-01-29,2025-06-13,,2026-07-29T18:46:27
31914503,2025-01-29,2026-02-22,,2026-07-29T18:46:28
31915848,2025-01-29,2025-07-16,,2026-07-29T18:46:28
31916978,2025-01-29,2026-07-15,,2026-07-29T18:46:28
31917550,2025-01-29,2025-02-26,,2026-07-29T18:46:30
31917862,2025-01-29,2025-06-07,,2026-07-29T18:46:29
31919407,2025-01-29,2025-07-07,,2026-08-04T02:08:20
31920047,2025-01-29,2025-04-16,,2026-07-29T18:46:29
31920594,2025-01-29,2025-02-19,,2026-07-29T18:46:29
31920653,2025-01-30,2025-03-04,,2026-07-29T18:46:30
31921778,2025-01-30,2025-02-06,,2026-07-29T18:46:30
31921845,2025-01-30,2025-08-24,,2026-07-29T18:46:38
31922919,2025-01-30,2025-09-17,,2026-07-29T18:46:38
31923908,2025-01-30,2025-03-18,,2026-07-29T18:46:38
31925079,2025-01-30,2026-04-20,,2026-07-29T18:46:39
31925105,2025-01-30,2025-09-30,,2026-07-29T18:46:39
31925544,2025-01-30,2025-02-21,,2026-08-01T03:00:08
31927565,2025-01-30,2025-12-31,,2026-07-29T18:46:40
31927788,2025-01-30,2026-07-26,,2026-07-29T18:46:40
31942784,2025-01-30,2026-04-07,,2026-07-29T18:46:40
31943859,2025-01-30,2025-03-06,,2026-07-29T18:46:40
31945439,2025-01-30,2025-02-11,,2026-07-29T18:46:40
31945754,2025-01-30,2025-03-11,,2026-07-29T18:46:42
31946300,2025-01-30,2025-02-06,,2026-07-29T18:46:41
31949709,2025-01-30,2025-02-14,,2026-07-29T18:46:41
31951258,2025-01-31,2025-03-27,,2026-07-29T18:46:42
31951651,2025-01-31,2025-03-06,,2026-07-29T18:46:42
31952348,2025-01-31,2026-05-27,,2026-07-29T18:46:42
31953037,2025-01-31,2025-08-05,,2026-07-29T18:46:42
31953589,2025-01-31,2025-12-14,,2026-07-29T18:46:43
31958499,2025-01-31,2025-02-12,,2026-07-29T18:46:43
31967782,2025-01-31,2025-03-03,,2026-07-29T18:46:43
31968043,2025-01-31,2025-10-02,,2026-07-29T18:46:43
31968055,2025-01-31,2026-08-09,,2026-08-11T05:06:14
31970885,2025-01-31,2025-02-01,,2026-07-29T18:46:43
31973074,2025-01-31,2025-12-17,,2026-07-29T18:46:44
31974164,2025-01-31,2025-03-09,,2026-07-29T18:46:44
31974200,2025-01-31,2025-02-06,,2026-07-29T18:46:45
31978734,2025-02-01,2025-02-22,,2026-07-29T18:46:46
31988482,2025-02-01,2026-07-29,,2026-07-31T04:03:15
31991591,2025-02-01,2026-08-21,,2026-08-23T04:23:06
31994690,2025-02-01,2026-06-23,,2026-07-29T18:46:46
31996053,2025-02-02,2026-08-03,,2026-08-05T04:14:24
31996744,2025-02-02,2025-03-05,,2026-07-29T18:46:46
31997080,2025-02-02,2025-09-25,,2026-07-29T18:46:47
31997982,2025-02-02,2026-03-19,,2026-07-29T18:46:47
31999933,2025-02-02,2025-02-09,,2026-07-29T18:46:49
32002236,2025-02-02,2026-01-25,,2026-07-29T18:46:47
32005274,2025-02-02,2025-11-18,,2026-07-29T18:46:47
32007919,2025-02-02,2025-05-08,,2026-07-29T18:46:48
32008134,2025-02-02,2025-03-13,,2026-07-29T18:46:48
32008200,2025-02-02,2026-05-16,,2026-07-29T18:46:48
32009108,2025-02-02,2025-02-15,,2026-07-29T18:46:49
32010936,2025-02-02,2025-02-24,,2026-07-29T18:46:49
32011115,2025-02-03,2025-03-03,,2026-07-29T18:46:49
32011661,2025-02-03,2025-03-01,,2026-07-29T18:46:49
32015140,2025-02-03,2026-08-24,,2026-08-24T19:19:40
32016708,2025-02-03,2026-01-29,,2026-07-29T18:46:50
32024960,2025-02-03,2025-06-07,,2026-07-29T18:46:50
32024969,2025-02-03,2026-03-18,,2026-07-29T18:46:51
32031875,2025-02-03,2026-02-12,,2026-07-29T18:46:51
32032923,2025-02-03,2025-06-25,,2026-07-29T18:46:51
32033923,2025-02-03,2025-03-10,,2026-07-29T18:46:52
32034221,2025-02-03,2025-08-14,,2026-07-29T18:46:52
32034409,2025-02-03,2026-08-10,,2026-08-12T07:08:48
32035229,2025-02-03,2025-02-09,,2026-07-29T18:46:52
32035987,2025-02-03,2025-10-19,,2026-07-29T18:46:53
32036282,2025-02-03,2026-01-29,,2026-07-29T18:46:53
32037360,2025-02-04,2025-03-30,,2026-07-29T18:46:55
32037643,2025-02-04,2026-04-28,,2026-07-29T18:46:54
32039194,2025-02-04,2025-02-19,,2026-07-29T18:46:54
32040121,2025-02-04,2026-08-11,,2026-08-13T05:10:12
32040495,2025-02-04,2025-10-25,,2026-07-29T18:47:10
32041069,2025-02-04,2026-08-18,,2026-08-20T07:12:55
32041535,2025-02-04,2025-07-16,,2026-07-29T18:47:11
32050215,2025-02-04,2026-08-17,,2026-08-19T04:07:58
32051325,2025-02-04,2025-06-16,,2026-07-29T18:47:11
32057416,2025-02-04,2025-02-04,,2026-07-29T18:47:11
32057961,2025-02-04,2025-09-04,,2026-07-29T18:47:12
32058066,2025-02-04,2025-03-07,,2026-07-29T18:47:12
32060494,2025-02-04,2025-02-04,,2026-07-29T18:47:13
32061074,2025-02-04,2026-07-23,,2026-07-29T18:47:13
32061091,2025-02-04,2025-09-21,,2026-07-29T18:47:13
32061642,2025-02-04,2026-08-24,,2026-08-24T12:47:15
32061814,2025-02-04,2025-04-14,,2026-07-29T18:47:14
32062189,2025-02-04,2025-03-07,,2026-07-29T18:47:14
32062600,2025-02-04,2025-03-03,,2026-07-29T18:47:15
32063138,2025-02-04,2025-03-11,,2026-07-29T18:47:15
32063326,2025-02-04,2025-03-09,,2026-07-29T18:47:15
32063387,2025-02-05,2025-05-14,,2026-07-29T18:47:16
32064722,2025-02-05,2026-08-21,,2026-08-22T04:24:35
32065217,2025-02-05,2025-02-12,,2026-07-29T18:47:16
32065681,2025-02-05,2025-06-30,,2026-07-29T18:47:16
32066859,2025-02-05,2026-08-19,,2026-08-21T04:03:33
32069568,2025-02-05,2025-03-02,,2026-07-29T18:47:17
32072774,2025-02-05,2025-05-25,,2026-07-29T18:47:17
32074940,2025-02-05,2025-03-12,,2026-07-29T18:47:17
32076953,2025-02-05,2025-08-26,,2026-07-29T18:47:17
32077825,2025-02-05,2025-02-23,,2026-07-29T18:47:17
32079536,2025-02-05,2025-06-13,,2026-07-29T18:47:18
32081601,2025-02-05,2025-11-05,,2026-07-29T18:47:18
32087350,2025-02-05,2025-10-03,,2026-07-29T18:47:18
32091294,2025-02-06,2025-11-17,,2026-07-29T18:47:18
32093954,2025-02-06,2025-07-07,,2026-07-29T18:47:18
32104970,2025-02-06,2025-05-06,,2026-07-29T18:47:19
32105699,2025-02-06,2025-02-07,,2026-07-29T18:47:19
32105725,2025-02-06,2025-07-01,,2026-07-29T18:47:19
32106584,2025-02-06,2025-04-02,,2026-07-29T18:47:19
32109984,2025-02-06,2025-02-28,,2026-07-29T18:47:20
32110137,2025-02-06,2025-04-06,,2026-07-29T18:47:20
32110200,2025-02-06,2026-06-02,,2026-07-29T18:47:21
32111705,2025-02-07,2025-02-10,,2026-07-29T18:47:21
32113467,2025-02-07,2025-05-12,,2026-07-29T18:47:21
32115621,2025-02-07,2026-08-06,,2026-08-08T06:03:23
32119051,2025-02-07,2025-11-28,,2026-07-29T18:47:21
32123678,2025-02-07,2025-04-21,,2026-07-29T18:47:22
32123719,2025-02-07,2025-10-28,,2026-07-29T18:47:22
32127519,2025-02-07,2026-05-18,,2026-07-29T18:47:23
32127887,2025-02-07,2026-07-28,,2026-07-30T04:11:50
32131176,2025-02-07,2025-03-04,,2026-07-29T18:47:23
32131636,2025-02-07,2026-08-17,,2026-08-19T04:17:03
32132567,2025-02-08,2025-03-12,,2026-07-29T18:47:25
32139426,2025-02-08,2025-02-20,,2026-07-29T18:47:25
32140881,2025-02-08,2025-09-03,,2026-07-29T18:47:25
32143781,2025-02-08,2025-02-23,,2026-07-29T18:47:27
32144360,2025-02-08,2025-08-18,,2026-07-29T18:47:27
32146248,2025-02-08,2025-02-15,,2026-07-29T18:47:27
32146707,2025-02-08,2025-03-24,,2026-07-29T18:47:27
32147272,2025-02-08,2025-12-31,,2026-07-29T18:47:27
32148920,2025-02-09,2025-04-10,,2026-07-29T18:47:28
32149053,2025-02-09,2025-02-10,,2026-07-29T18:47:28
32149232,2025-02-09,2026-08-24,,2026-08-24T17:25:10
32149361,2025-02-09,2026-02-11,,2026-07-29T18:47:28
32150048,2025-02-09,2026-08-06,,2026-08-11T14:56:29
32154772,2025-02-09,2025-06-22,,2026-07-29T18:47:28
32155754,2025-02-09,2025-02-16,,2026-07-29T18:47:29
32156731,2025-02-09,2025-09-23,,2026-07-29T18:47:29
32157775,2025-02-09,2025-02-09,,2026-07-29T18:47:29
32157817,2025-02-09,2025-06-20,,2026-07-29T18:47:30
32157846,2025-02-09,2025-03-11,,2026-07-29T18:47:30
32158170,2025-02-09,2026-04-20,,2026-07-29T18:47:30
32158993,2025-02-09,2026-08-08,,2026-08-10T06:01:15
32160775,2025-02-10,2026-08-11,,2026-08-13T05:11:05
32161649,2025-02-10,2026-07-16,,2026-07-29T18:47:31
32162200,2025-02-10,2025-03-24,,2026-07-29T18:47:31
32163031,2025-02-10,2025-03-02,,2026-07-29T18:47:31
32172844,2025-02-10,2025-09-03,,2026-07-29T18:47:32
32173575,2025-02-10,2026-05-12,,2026-07-29T18:47:32
32174203,2025-02-10,2026-08-25,,2026-08-25T05:59:46
32174272,2025-02-10,2025-06-18,,2026-07-29T18:47:33
32174313,2025-02-10,2025-04-05,,2026-07-29T18:47:34
32174682,2025-02-10,2025-06-16,,2026-07-29T18:47:34
32174861,2025-02-10,2025-02-20,,2026-07-29T18:47:35
32177110,2025-02-10,2025-06-14,,2026-07-29T18:47:34
32178469,2025-02-10,2025-02-24,,2026-07-29T18:47:35
32179332,2025-02-10,2025-06-03,,2026-07-29T18:47:35
32180304,2025-02-10,2025-03-24,,2026-07-29T18:47:35
32181415,2025-02-11,2026-04-15,,2026-07-29T18:47:36
32184509,2025-02-11,2025-05-05,,2026-07-29T18:47:36
32184721,2025-02-11,2025-04-01,,2026-07-29T18:47:36
32200218,2025-02-11,2026-08-22,,2026-08-24T05:04:01
32201858,2025-02-11,2026-08-21,,2026-08-23T07:08:30
32202110,2025-02-11,2025-04-03,,2026-07-29T18:47:37
32202237,2025-02-11,2026-06-11,,2026-07-29T18:47:38
32202389,2025-02-11,2026-04-23,,2026-07-29T18:47:38
32202529,2025-02-11,2025-02-25,,2026-07-29T18:47:39
32203721,2025-02-12,2025-02-24,,2026-07-29T18:47:39
32204506,2025-02-12,2025-05-24,,2026-07-29T18:47:39
32206832,2025-02-12,2026-06-13,,2026-07-29T18:47:39
32209646,2025-02-12,2025-06-16,,2026-07-29T18:47:40
32218527,2025-02-12,2025-03-19,,2026-07-29T18:47:40
32220956,2025-02-12,2025-03-26,,2026-07-29T18:47:40
32221414,2025-02-12,2026-08-24,,2026-08-24T17:00:12
32222822,2025-02-12,2025-04-02,,2026-07-29T18:47:41
32223149,2025-02-12,2025-02-13,,2026-07-29T18:47:41
32223838,2025-02-12,2025-09-06,,2026-07-29T18:47:41
32223965,2025-02-12,2026-06-01,,2026-07-29T18:47:41
32224541,2025-02-13,2026-08-15,,2026-08-16T05:05:05
32226658,2025-02-13,2025-02-23,,2026-07-29T18:47:42
32237962,2025-02-13,2025-02-14,,2026-07-29T18:47:42
32238130,2025-02-13,2025-03-13,,2026-07-29T18:47:42
32241465,2025-02-13,2025-04-06,,2026-07-29T18:47:43
32243700,2025-02-13,2025-10-27,,2026-07-29T18:47:43
32244572,2025-02-13,2025-09-14,,2026-07-29T18:47:43
32249725,2025-02-14,2025-06-21,,2026-07-29T18:47:44
32254516,2025-02-14,2025-03-17,,2026-07-29T18:47:44
32256233,2025-02-14,2026-05-25,,2026-07-29T18:47:44
32258745,2025-02-14,2025-04-15,,2026-07-29T18:47:44
32260001,2025-02-14,2025-02-16,,2026-07-29T18:47:44
32260742,2025-02-14,2025-06-21,,2026-07-29T18:47:44
32261871,2025-02-14,2025-06-26,,2026-07-29T18:47:45
32263404,2025-02-15,2026-08-25,,2026-08-25T00:36:18
32263422,2025-02-15,2026-06-21,,2026-07-29T18:47:46
32264384,2025-02-15,2026-01-29,,2026-07-29T18:47:46
32264506,2025-02-15,2026-04-20,,2026-07-29T18:47:47
32272732,2025-02-15,2025-04-02,,2026-07-29T18:47:46
32273640,2025-02-15,2025-03-06,,2026-07-29T18:47:47
32273790,2025-02-15,2026-08-08,,2026-08-09T06:04:34
32274599,2025-02-15,2025-07-16,,2026-07-29T18:47:47
32274870,2025-02-15,2025-05-07,,2026-07-29T18:47:47
32275034,2025-02-15,2025-05-30,,2026-07-29T18:47:47
32277851,2025-02-16,2025-12-15,,2026-07-29T18:47:48
32277914,2025-02-16,2026-08-11,,2026-08-13T04:06:01
32278082,2025-02-16,2025-02-16,,2026-07-29T18:47:49
32280284,2025-02-16,2025-07-22,,2026-07-29T18:47:49
32283210,2025-02-16,2026-02-05,,2026-07-29T18:47:49
32284419,2025-02-16,2025-05-14,,2026-07-29T18:47:50
32287260,2025-02-16,2025-02-22,,2026-07-29T18:47:50
32288280,2025-02-16,2026-08-22,,2026-08-24T04:12:28
32289835,2025-02-17,2025-04-11,,2026-07-29T18:47:50
32292131,2025-02-17,2026-07-22,,2026-07-29T18:47:50
32300617,2025-02-17,2025-02-20,,2026-07-29T18:47:50
32305179,2025-02-17,2026-03-25,,2026-07-29T18:47:51
32306173,2025-02-17,2026-08-07,,2026-08-09T04:16:06
32309015,2025-02-17,2025-04-13,,2026-07-29T18:47:51
32309370,2025-02-17,2026-08-24,,2026-08-24T12:53:14
32311136,2025-02-17,2025-08-04,,2026-07-29T18:47:52
32311421,2025-02-17,2026-08-12,,2026-08-14T04:25:06
32312823,2025-02-18,2025-09-03,,2026-07-29T18:47:52
32313164,2025-02-18,2026-02-03,,2026-07-29T18:47:52
32315675,2025-02-18,2025-12-23,,2026-07-29T18:47:52
32316443,2025-02-18,2025-02-24,,2026-07-29T18:47:52
32324099,2025-02-18,2025-02-18,,2026-07-29T18:47:53
32324178,2025-02-18,2025-03-27,,2026-07-29T18:47:53
32327977,2025-02-18,2025-10-23,,2026-07-29T18:47:53
32328982,2025-02-18,2026-08-22,,2026-08-24T05:03:48
32329991,2025-02-18,2025-02-19,,2026-07-29T18:47:54
32330858,2025-02-18,2025-03-07,,2026-07-29T18:47:54
32333957,2025-02-19,2026-05-26,,2026-07-29T18:47:55
32339189,2025-02-19,2025-07-10,,2026-07-29T18:47:54
32346540,2025-02-19,2025-02-19,,2026-07-29T18:47:54
32346994,2025-02-19,2026-01-14,,2026-07-29T18:47:55
32347371,2025-02-19,2026-07-31,,2026-08-01T05:07:06
32349719,2025-02-19,2025-11-21,,2026-07-29T18:47:55
32351462,2025-02-19,2026-06-02,,2026-07-29T18:47:56
32352476,2025-02-19,2026-08-24,,2026-08-24T14:02:46
32356268,2025-02-20,2025-02-20,,2026-07-29T18:47:56
32358324,2025-02-20,2025-05-29,,2026-07-29T18:47:56
32361460,2025-02-20,2025-02-20,,2026-07-29T18:47:56
32369100,2025-02-20,2025-02-20,,2026-07-29T18:47:56
32370499,2025-02-20,2025-05-13,,2026-07-29T18:47:57
32371184,2025-02-20,2026-06-30,,2026-07-29T18:47:57
32371908,2025-02-20,2025-02-20,,2026-07-29T18:47:57
32373114,2025-02-20,2025-11-18,,2026-07-29T18:47:57
32373626,2025-02-20,2026-01-02,,2026-07-29T18:47:58
32375234,2025-02-20,2025-09-04,,2026-07-29T18:47:58
32375722,2025-02-20,2026-02-17,,2026-07-29T18:47:58
32375754,2025-02-20,2025-02-24,,2026-07-29T18:48:00
32376281,2025-02-20,2025-04-26,,2026-07-29T18:47:58
32377092,2025-02-21,2025-03-18,,2026-07-29T18:47:59
32378513,2025-02-21,2025-09-05,,2026-07-29T18:47:59
32379284,2025-02-21,2025-05-30,,2026-07-29T18:47:59
32379429,2025-02-21,2026-08-11,,2026-08-13T04:24:34
32379546,2025-02-21,2025-07-07,,2026-07-29T18:48:00
32379683,2025-02-21,2026-05-11,,2026-07-29T18:48:00
32379772,2025-02-21,2026-06-05,,2026-07-29T18:48:00
32383238,2025-02-21,2025-06-11,,2026-07-29T18:48:00
32388084,2025-02-21,2025-02-26,,2026-07-29T18:48:01
32389532,2025-02-21,2026-08-17,,2026-08-19T04:15:59
32389673,2025-02-21,2025-03-12,,2026-07-29T18:48:01
32390348,2025-02-21,2025-05-01,,2026-07-29T18:48:01
32391499,2025-02-21,2025-03-01,,2026-07-29T18:48:01
32392028,2025-02-21,2025-03-25,,2026-07-29T18:48:02
32392312,2025-02-21,2025-04-06,,2026-07-29T18:48:02
32392772,2025-02-21,2025-02-26,,2026-07-29T18:48:02
32392914,2025-02-21,2026-04-22,,2026-07-29T18:48:02
32393028,2025-02-21,2025-02-28,,2026-07-29T18:48:02
32393295,2025-02-21,2026-04-27,,2026-07-29T18:48:04
32393745,2025-02-21,2025-03-16,,2026-07-29T18:48:04
32394047,2025-02-21,2025-02-27,,2026-07-29T18:48:05
32394481,2025-02-21,2025-02-23,,2026-07-29T18:48:05
32394831,2025-02-21,2026-03-07,,2026-07-29T18:48:05
32395036,2025-02-22,2025-03-20,,2026-07-29T18:48:05
32395274,2025-02-22,2025-02-25,,2026-07-29T18:48:05
32395914,2025-02-22,2025-03-04,,2026-07-29T18:48:05
32396241,2025-02-22,2025-04-14,,2026-07-29T18:48:05
32396714,2025-02-22,2026-07-28,,2026-07-30T04:24:52
32397057,2025-02-22,2025-07-26,,2026-07-29T18:48:05
32397562,2025-02-22,2025-03-02,,2026-07-29T18:48:05
32397990,2025-02-22,2025-02-24,,2026-07-29T18:48:08
32398189,2025-02-22,2025-02-26,,2026-07-29T18:48:06
32398524,2025-02-22,2025-03-08,,2026-07-29T18:48:06
32399821,2025-02-22,2025-03-24,,2026-07-29T18:48:06
32401227,2025-02-22,2025-02-23,,2026-07-29T18:48:06
32401915,2025-02-22,2026-07-31,,2026-08-16T10:03:15
32402231,2025-02-22,2025-04-16,,2026-07-29T18:48:07
32402251,2025-02-22,2025-02-23,,2026-07-29T18:48:07
32402468,2025-02-22,2025-04-06,,2026-07-29T18:48:08
32402777,2025-02-22,2025-11-25,,2026-07-29T18:48:08
32403110,2025-02-22,2025-03-01,,2026-07-29T18:48:08
32403268,2025-02-22,2025-03-27,,2026-07-29T18:48:08
32403769,2025-02-22,2025-10-25,,2026-07-29T18:48:08
32404084,2025-02-22,2025-03-09,,2026-07-29T18:48:08
32404134,2025-02-22,2025-07-14,,2026-07-29T18:48:09
32404244,2025-02-22,2025-10-05,,2026-07-29T18:48:09
32404620,2025-02-22,2025-06-18,,2026-07-29T18:48:10
32405016,2025-02-22,2025-12-30,,2026-07-29T18:48:10
32405138,2025-02-22,2025-04-25,,2026-07-29T18:48:10
32405326,2025-02-22,2025-03-15,,2026-07-29T18:48:10
32405810,2025-02-22,2026-02-14,,2026-07-29T18:48:10
32406026,2025-02-22,2025-03-02,,2026-07-29T18:48:10
32406768,2025-02-22,2026-07-23,,2026-07-29T18:48:10
32407265,2025-02-22,2025-07-11,,2026-07-29T18:48:10
32407638,2025-02-22,2025-02-25,,2026-07-29T18:48:11
32407742,2025-02-22,2025-02-22,,2026-07-29T18:48:11
32408103,2025-02-22,2025-02-27,,2026-07-29T18:48:11
32408245,2025-02-22,2025-06-17,,2026-07-29T18:48:12
32408622,2025-02-22,2025-05-01,,2026-07-29T18:48:12
32408653,2025-02-22,2026-08-24,,2026-08-24T16:44:44
32409078,2025-02-22,2025-02-22,,2026-07-29T18:48:13
32409095,2025-02-22,2025-03-04,,2026-07-29T18:48:13
32409111,2025-02-22,2025-02-22,,2026-07-29T18:48:13
32409266,2025-02-23,2025-02-23,,2026-07-29T18:48:13
32409815,2025-02-23,2025-03-03,,2026-07-29T18:48:13
32410309,2025-02-23,2025-02-23,,2026-07-29T18:48:14
32410719,2025-02-23,2026-01-24,,2026-07-29T18:48:14
32411314,2025-02-23,2025-02-26,,2026-07-29T18:48:14
32411553,2025-02-23,2025-03-03,,2026-07-29T18:48:14
32411854,2025-02-23,2025-03-22,,2026-07-29T18:48:15
32413029,2025-02-23,2025-09-21,,2026-07-29T18:48:15
32413062,2025-02-23,2025-03-02,,2026-07-29T18:48:15
32413639,2025-02-23,2025-02-28,,2026-07-29T18:48:15
32414759,2025-02-23,2026-08-04,,2026-08-06T05:07:19
32414782,2025-02-23,2025-07-25,,2026-07-29T18:48:16
32415813,2025-02-23,2025-04-14,,2026-07-29T18:48:16
32416005,2025-02-23,2025-03-03,,2026-07-29T18:48:16
32416143,2025-02-23,2025-03-26,,2026-07-29T18:48:16
32416223,2025-02-23,2025-03-06,,2026-07-29T18:48:17
32416518,2025-02-23,2025-03-24,,2026-07-29T18:48:17
32416565,2025-02-23,2025-09-06,,2026-07-29T18:48:17
32416765,2025-02-23,2025-02-27,,2026-07-29T18:48:17
32418023,2025-02-23,2025-02-23,,2026-07-29T18:48:18
32418769,2025-02-23,2025-08-06,,2026-07-29T18:48:18
32418782,2025-02-23,2025-06-11,,2026-07-29T18:48:18
32418794,2025-02-23,2025-02-24,,2026-07-29T18:48:18
32418883,2025-02-23,2025-03-20,,2026-07-29T18:48:18
32419693,2025-02-23,2025-07-04,,2026-07-29T18:48:19
32420218,2025-02-23,2025-10-28,,2026-07-29T18:48:19
32420291,2025-02-23,2025-02-24,,2026-07-29T18:48:19
32420401,2025-02-23,2026-04-22,,2026-07-29T18:48:19
32421355,2025-02-23,2025-04-04,,2026-07-29T18:48:19
32421423,2025-02-23,2025-10-13,,2026-07-29T18:48:19
32421545,2025-02-23,2025-05-15,,2026-07-29T18:48:20
32421609,2025-02-23,2025-02-26,,2026-07-29T18:48:20
32421733,2025-02-23,2026-08-22,,2026-08-24T04:12:36
32421767,2025-02-23,2025-12-29,,2026-07-29T18:48:20
32421800,2025-02-23,2025-03-01,,2026-07-29T18:48:20
32422216,2025-02-23,2025-02-26,,2026-07-29T18:48:21
32422449,2025-02-24,2025-02-24,,2026-07-29T18:48:21
32422554,2025-02-24,2025-12-02,,2026-07-29T18:48:21
32423236,2025-02-24,2025-02-25,,2026-07-29T18:48:21
32423365,2025-02-24,2025-08-13,,2026-07-29T18:48:22
32423444,2025-02-24,2025-05-06,,2026-07-29T18:48:22
32423542,2025-02-24,2025-10-19,,2026-07-29T18:48:22
32423595,2025-02-24,2026-03-12,,2026-07-29T18:48:23
32423650,2025-02-24,2026-03-15,,2026-07-29T18:48:23
32423799,2025-02-24,2025-03-03,,2026-07-29T18:48:24
32424386,2025-02-24,2025-02-25,,2026-07-29T18:48:24
32425357,2025-02-24,2026-08-20,,2026-08-22T04:12:40
32425583,2025-02-24,2025-02-24,,2026-07-29T18:48:24
32425616,2025-02-24,2025-04-07,,2026-07-29T18:48:39
32425776,2025-02-24,2025-06-25,,2026-07-29T18:48:39
32426405,2025-02-24,2025-04-19,,2026-07-29T18:48:39
32426450,2025-02-24,2025-02-24,,2026-07-29T18:48:39
32426973,2025-02-24,2025-02-24,,2026-07-29T18:48:39
32428026,2025-02-24,2025-03-10,,2026-07-29T18:48:39
32429175,2025-02-24,2025-03-02,,2026-07-29T18:48:39
32430343,2025-02-24,2025-03-01,,2026-07-29T18:48:39
32430410,2025-02-24,2025-05-26,,2026-07-29T18:48:39
32431416,2025-02-24,2026-07-05,,2026-07-29T18:48:40
32431558,2025-02-24,2025-02-28,,2026-07-29T18:48:41
32431610,2025-02-24,2025-03-24,,2026-07-29T18:48:41
32432273,2025-02-24,2025-03-05,,2026-07-29T18:48:41
32433357,2025-02-24,2025-09-16,,2026-07-29T18:48:41
32433720,2025-02-24,2025-02-26,,2026-07-29T18:48:41
32434062,2025-02-24,2026-08-15,,2026-08-17T04:10:02
32434244,2025-02-24,2026-08-24,,2026-08-24T10:38:25
32434545,2025-02-24,2025-02-24,,2026-07-29T18:48:41
32434860,2025-02-24,2026-02-05,,2026-07-29T18:48:42
32435428,2025-02-24,2026-08-23,,2026-08-23T18:49:57
32435661,2025-02-24,2025-03-24,,2026-07-29T18:48:42
32436022,2025-02-24,2025-08-06,,2026-07-29T18:48:42
32436034,2025-02-24,2025-03-03,,2026-07-29T18:48:43
32436494,2025-02-24,2026-08-24,,2026-08-24T23:05:26
32436554,2025-02-24,2025-10-13,,2026-07-29T18:48:43
32437072,2025-02-24,2025-02-24,,2026-07-29T18:48:43
32437198,2025-02-24,2025-11-02,,2026-07-29T18:48:43
32437231,2025-02-24,2025-08-02,,2026-07-29T18:48:44
32437290,2025-02-24,2025-02-28,,2026-07-29T18:48:44
32437451,2025-02-24,2025-03-04,,2026-07-29T18:48:44
32437569,2025-02-24,2025-03-04,,2026-07-29T18:48:44
32437609,2025-02-24,2025-02-27,,2026-07-29T18:48:44
32438995,2025-02-24,2025-03-07,,2026-07-29T18:48:44
32439003,2025-02-24,2025-11-07,,2026-07-29T18:48:44
32439088,2025-02-24,2025-04-07,,2026-07-29T18:48:46
32439451,2025-02-24,2025-03-30,,2026-07-29T18:48:46
32439571,2025-02-24,2025-02-24,,2026-07-29T18:48:46
32439676,2025-02-24,2026-08-24,,2026-08-25T04:13:33
32440123,2025-02-24,2025-02-26,,2026-07-29T18:48:46
32440577,2025-02-24,2025-08-14,,2026-07-29T18:48:46
32440918,2025-02-24,2025-02-25,,2026-07-29T18:48:46
32441078,2025-02-24,2025-07-06,,2026-07-29T18:48:46
32441431,2025-02-24,2025-02-25,,2026-07-29T18:48:46
32441496,2025-02-24,2025-05-12,,2026-07-29T18:48:48
32441797,2025-02-24,2025-05-06,,2026-07-29T18:48:48
32441801,2025-02-24,2025-05-05,,2026-07-29T18:48:48
32442573,2025-02-24,2025-05-10,,2026-07-29T18:48:48
32442621,2025-02-24,2025-04-02,,2026-07-29T18:48:48
32442777,2025-02-24,2025-03-19,,2026-07-29T18:48:48
32442815,2025-02-24,2025-03-14,,2026-07-29T18:48:49
32443318,2025-02-24,2025-03-19,,2026-07-29T18:48:48
32443322,2025-02-24,2025-03-15,,2026-07-29T18:48:48
32443362,2025-02-24,2025-04-28,,2026-07-29T18:48:50
32443428,2025-02-24,2025-10-22,,2026-07-29T18:48:50
32443722,2025-02-24,2025-07-15,,2026-07-29T18:48:50
32443768,2025-02-24,2025-06-19,,2026-07-29T18:48:50
32444026,2025-02-24,2026-04-16,,2026-07-29T18:48:50
32444149,2025-02-24,2025-03-28,,2026-07-29T18:48:50
32444295,2025-02-24,2025-02-28,,2026-07-29T18:48:50
32444391,2025-02-25,2025-06-22,,2026-07-29T18:48:50
32444488,2025-02-25,2025-04-15,,2026-07-29T18:48:50
32445028,2025-02-25,2025-05-03,,2026-07-29T18:48:50
32445265,2025-02-25,2025-03-04,,2026-07-29T18:48:52
32445552,2025-02-25,2026-02-09,,2026-07-29T18:48:52
32445673,2025-02-25,2025-05-29,,2026-07-29T18:48:52
32445863,2025-02-25,2025-02-25,,2026-07-29T18:48:52
32445905,2025-02-25,2025-03-11,,2026-07-29T18:48:52
32445929,2025-02-25,2025-06-12,,2026-07-29T18:48:52
32445956,2025-02-25,2025-04-25,,2026-07-29T18:48:52
32445982,2025-02-25,2025-05-15,,2026-07-29T18:48:52
32446563,2025-02-25,2025-05-24,,2026-07-29T18:48:52
32446606,2025-02-25,2026-06-23,,2026-07-29T18:48:52
32446614,2025-02-25,2025-03-05,,2026-07-29T18:48:52
32446825,2025-02-25,2025-03-08,,2026-07-29T18:48:54
32447113,2025-02-25,2025-02-28,,2026-07-29T18:48:54
32447295,2025-02-25,2025-05-30,,2026-07-29T18:48:54
32447857,2025-02-25,2025-06-10,,2026-07-29T18:48:54
32447902,2025-02-25,2025-03-10,,2026-07-29T18:48:54
32447996,2025-02-25,2026-06-19,,2026-07-29T18:48:54
32448211,2025-02-25,2025-03-28,,2026-07-29T18:48:54
32448282,2025-02-25,2025-03-07,,2026-07-29T18:48:54
32448665,2025-02-25,2025-03-01,,2026-07-29T18:48:54
32450142,2025-02-25,2025-02-25,,2026-07-29T18:48:57
32450422,2025-02-25,2025-09-24,,2026-07-29T18:48:57
32451332,2025-02-25,2025-05-14,,2026-07-29T18:48:57
32451407,2025-02-25,2025-12-01,,2026-07-29T18:48:57
32451809,2025-02-25,2025-04-12,,2026-07-29T18:48:57
32452301,2025-02-25,2025-04-09,,2026-07-29T18:48:57
32452906,2025-02-25,2025-08-30,,2026-07-29T18:48:57
32453060,2025-02-25,2025-03-01,,2026-07-29T18:49:15
32454420,2025-02-25,2026-07-12,,2026-07-29T18:49:15
32454764,2025-02-25,2025-02-26,,2026-07-29T18:49:15
32454820,2025-02-25,2025-03-13,,2026-07-29T18:49:15
32454923,2025-02-25,2026-08-12,,2026-08-14T07:09:09
32455597,2025-02-25,2026-02-24,,2026-07-29T18:49:15
32455971,2025-02-25,2025-03-10,,2026-07-29T18:49:15
32456364,2025-02-25,2025-11-16,,2026-07-29T18:49:15
32456456,2025-02-25,2025-02-25,,2026-07-29T18:49:15
32456650,2025-02-25,2025-03-01,,2026-07-29T18:49:15
32456762,2025-02-25,2025-06-25,,2026-07-29T18:49:15
32456865,2025-02-25,2025-02-25,,2026-07-29T18:49:15
32457007,2025-02-25,2025-02-27,,2026-07-29T18:49:15
32457183,2025-02-25,2025-04-03,,2026-07-29T18:49:15
32457728,2025-02-25,2026-08-24,,2026-08-24T14:18:43
32457874,2025-02-25,2026-04-27,,2026-07-29T18:49:15
32458264,2025-02-25,2025-03-03,,2026-07-29T18:49:15
32458410,2025-02-25,2025-04-01,,2026-07-29T18:49:15
32458558,2025-02-25,2026-08-22,,2026-08-24T07:10:42
32459066,2025-02-25,2025-03-08,,2026-07-29T18:49:15
32459131,2025-02-25,2026-02-13,,2026-07-29T18:49:15
32459209,2025-02-25,2025-03-01,,2026-07-29T18:49:16
32459225,2025-02-25,2025-08-01,,2026-07-29T18:49:23
32459293,2025-02-25,2026-03-07,,2026-07-29T18:49:23
32459370,2025-02-25,2025-02-25,,2026-07-29T18:49:23
32459489,2025-02-25,2026-08-01,,2026-08-03T04:09:06
32459728,2025-02-25,2025-02-25,,2026-07-29T18:49:23
32459900,2025-02-25,2025-03-14,,2026-08-06T16:26:18
32460037,2025-02-25,2025-05-30,,2026-07-29T18:49:23
32460421,2025-02-25,2025-04-17,,2026-07-29T18:49:23
32460471,2025-02-25,2025-05-31,,2026-07-29T18:49:23
32460589,2025-02-25,2025-03-03,,2026-07-29T18:49:23
32461465,2025-02-25,2025-03-26,,2026-07-29T18:49:23
32461593,2025-02-25,2026-04-28,,2026-07-29T18:49:23
32461612,2025-02-25,2025-02-25,,2026-08-13T03:26:01
32461936,2025-02-25,2025-03-08,,2026-07-29T18:49:23
32462215,2025-02-25,2025-02-25,,2026-07-29T18:49:23
32462695,2025-02-25,2026-05-27,,2026-07-29T18:49:23
32463204,2025-02-25,2025-06-05,,2026-07-29T18:49:23
32463344,2025-02-25,2026-08-23,,2026-08-23T16:20:06
32463372,2025-02-25,2025-02-27,,2026-07-29T18:49:38
32463794,2025-02-25,2025-02-25,,2026-07-29T18:49:39
32463976,2025-02-25,2025-04-02,,2026-07-29T18:49:39
32464140,2025-02-25,2025-03-14,,2026-07-29T18:49:39
32464164,2025-02-25,2025-06-06,,2026-07-29T18:49:39
32464238,2025-02-25,2025-02-26,,2026-07-29T18:49:39
32464352,2025-02-25,2025-04-28,,2026-07-29T18:49:40
32464776,2025-02-25,2025-07-24,,2026-07-29T18:49:40
32465114,2025-02-25,2025-03-03,,2026-07-29T18:49:41
32465140,2025-02-25,2025-03-04,,2026-07-29T18:49:41
32465436,2025-02-25,2025-03-23,,2026-07-29T18:49:41
32465467,2025-02-25,2025-02-25,,2026-07-29T18:49:42
32465814,2025-02-25,2025-03-03,,2026-07-29T18:49:42
32465846,2025-02-25,2025-04-18,,2026-07-29T18:49:42
32465955,2025-02-25,2025-02-25,,2026-07-29T18:49:43
32466049,2025-02-25,2026-02-18,,2026-07-29T18:49:43
32466272,2025-02-25,2025-04-02,,2026-07-29T18:49:43
32466657,2025-02-26,2025-03-22,,2026-07-29T18:49:44
32466884,2025-02-26,2025-02-26,,2026-07-29T18:49:44
32466903,2025-02-26,2025-11-15,,2026-07-29T18:49:44
32467036,2025-02-26,2025-03-05,,2026-07-29T18:49:44
32467040,2025-02-26,2025-03-06,,2026-07-29T18:49:44
32467053,2025-02-26,2025-12-23,,2026-07-29T18:49:45
32467077,2025-02-26,2025-03-11,,2026-07-29T18:49:45
32467227,2025-02-26,2025-03-04,,2026-07-29T18:49:45
32467315,2025-02-26,2025-02-26,,2026-07-29T18:49:45
32467387,2025-02-26,2026-03-29,,2026-07-29T18:49:45
32467479,2025-02-26,2025-02-26,,2026-07-29T18:49:46
32467542,2025-02-26,2026-07-16,,2026-07-29T18:49:46
32467557,2025-02-26,2025-03-28,,2026-07-29T18:49:46
32467611,2025-02-26,2025-02-26,,2026-07-29T18:49:46
32467672,2025-02-26,2026-08-25,,2026-08-25T00:21:37
32467797,2025-02-26,2026-01-20,,2026-07-29T18:49:47
32467853,2025-02-26,2026-07-15,,2026-07-29T18:49:47
32467895,2025-02-26,2026-07-15,,2026-07-29T18:49:48
32467926,2025-02-26,2026-08-12,,2026-08-14T04:09:43
32467928,2025-02-26,2025-03-07,,2026-07-29T18:49:48
32468033,2025-02-26,2025-04-05,,2026-07-29T18:49:49
32468038,2025-02-26,2026-08-22,,2026-08-24T04:11:18
32468163,2025-02-26,2025-02-28,,2026-07-29T18:49:49
32468170,2025-02-26,2025-04-29,,2026-07-29T18:49:49
32468267,2025-02-26,2025-07-21,,2026-07-29T18:49:50
32468532,2025-02-26,2025-03-24,,2026-07-29T18:49:50
32468638,2025-02-26,2025-03-10,,2026-07-29T18:49:51
32468656,2025-02-26,2025-02-26,,2026-07-29T18:49:51
32468728,2025-02-26,2025-05-09,,2026-07-29T18:49:52
32468946,2025-02-26,2025-04-28,,2026-07-29T18:49:52
32468948,2025-02-26,2026-04-12,,2026-07-29T18:49:52
32469030,2025-02-26,2025-03-31,,2026-07-29T18:49:52
32469055,2025-02-26,2025-06-18,,2026-07-29T18:49:52
32469162,2025-02-26,2025-03-04,,2026-07-29T18:49:52
32469287,2025-02-26,2025-03-15,,2026-07-29T18:49:52
32469353,2025-02-26,2025-09-26,,2026-07-29T18:49:52
32469658,2025-02-26,2025-03-02,,2026-07-29T18:49:53
32469689,2025-02-26,2025-03-01,,2026-07-29T18:49:54
32469733,2025-02-26,2025-03-17,,2026-07-29T18:49:54
32469923,2025-02-26,2025-03-12,,2026-07-29T18:49:54
32470130,2025-02-26,2025-05-21,,2026-07-29T18:49:54
32470161,2025-02-26,2025-03-04,,2026-07-29T18:49:54
32470215,2025-02-26,2025-04-16,,2026-07-29T18:49:54
32470278,2025-02-26,2026-05-05,,2026-07-29T18:49:54
32470362,2025-02-26,2025-09-08,,2026-07-29T18:49:54
32470535,2025-02-26,2025-03-09,,2026-07-29T18:49:54
32470564,2025-02-26,2025-08-11,,2026-07-29T18:49:54
32470858,2025-02-26,2025-04-16,,2026-07-29T18:49:55
32470915,2025-02-26,2025-03-26,,2026-07-29T18:49:55
32470933,2025-02-26,2025-08-26,,2026-07-29T18:49:55
32471147,2025-02-26,2026-08-16,,2026-08-18T04:11:43
32471159,2025-02-26,2025-03-22,,2026-07-29T18:49:56
32471233,2025-02-26,2025-10-31,,2026-07-29T18:49:56
32471590,2025-02-26,2025-02-28,,2026-07-29T18:49:57
32472117,2025-02-26,2025-03-11,,2026-07-29T18:49:57
32472235,2025-02-26,2025-05-06,,2026-07-29T18:49:57
32472495,2025-02-26,2026-07-12,,2026-07-29T18:49:58
32472547,2025-02-26,2026-08-15,,2026-08-16T07:16:59
32472577,2025-02-26,2026-08-19,,2026-08-21T04:14:06
32472687,2025-02-26,2025-03-19,,2026-07-29T18:49:59
32472770,2025-02-26,2025-02-28,,2026-07-29T18:49:59
32472841,2025-02-26,2025-06-16,,2026-07-29T18:49:59
32472870,2025-02-26,2025-11-21,,2026-07-29T18:49:59
32472925,2025-02-26,2025-02-26,,2026-07-29T18:49:59
32473485,2025-02-26,2026-08-22,,2026-08-23T05:12:59
32476027,2025-02-26,2025-06-18,,2026-07-29T18:50:00
32477198,2025-02-26,2025-08-05,,2026-07-29T18:50:00
32477325,2025-02-26,2025-03-01,,2026-07-29T18:50:00
32477744,2025-02-26,2025-02-26,,2026-07-29T18:50:00
32478305,2025-02-26,2025-03-03,,2026-07-29T18:50:01
32479773,2025-02-26,2025-04-18,,2026-07-29T18:50:01
32480296,2025-02-26,2025-02-26,,2026-07-29T18:50:01
32482523,2025-02-26,2025-02-26,,2026-07-29T18:50:02
32482754,2025-02-26,2025-07-16,,2026-07-29T18:50:02
32482786,2025-02-26,2025-12-04,,2026-07-29T18:50:02
32483441,2025-02-26,2026-08-21,,2026-08-23T06:03:59
32483687,2025-02-26,2026-05-06,,2026-07-29T18:50:03
32483991,2025-02-26,2025-03-04,,2026-07-29T18:50:03
32484468,2025-02-26,2025-05-21,,2026-07-29T18:50:03
32484628,2025-02-26,2025-02-27,,2026-07-29T18:50:04
32484732,2025-02-26,2025-07-15,,2026-07-29T18:50:04
32485257,2025-02-26,2025-05-04,,2026-07-29T18:50:04
32485339,2025-02-26,2025-09-25,,2026-07-29T18:50:16
32485529,2025-02-26,2025-03-12,,2026-07-29T18:50:17
32485755,2025-02-26,2026-05-08,,2026-07-29T18:50:19
32486717,2025-02-26,2025-04-24,,2026-07-29T18:50:20
32487692,2025-02-27,2025-03-19,,2026-07-29T18:50:20
32487923,2025-02-27,2025-07-18,,2026-07-29T18:50:21
32488660,2025-02-27,2026-04-27,,2026-07-29T18:50:21
32489046,2025-02-27,2025-03-07,,2026-07-29T18:50:24
32490063,2025-02-27,2026-04-17,,2026-07-29T18:50:25
32490208,2025-02-27,2026-04-11,,2026-07-29T18:50:26
32493272,2025-02-27,2025-07-09,,2026-07-29T18:50:27
32494591,2025-02-27,2026-03-19,,2026-07-29T18:50:27
32498189,2025-02-27,2026-04-29,,2026-07-29T18:50:28
32498399,2025-02-27,2025-03-12,,2026-07-29T18:50:29
32498503,2025-02-27,2025-02-28,,2026-07-29T18:50:28
32499736,2025-02-27,2025-06-24,,2026-07-29T18:50:29
32500435,2025-02-27,2025-03-15,,2026-07-29T18:50:30
32501102,2025-02-27,2025-06-04,,2026-07-29T18:50:30
32501245,2025-02-27,2025-06-20,,2026-07-29T18:50:30
32503401,2025-02-27,2025-08-05,,2026-07-29T18:50:31
32504332,2025-02-27,2025-09-30,,2026-07-29T18:50:31
32506005,2025-02-27,2026-05-05,,2026-07-29T18:50:33
32507594,2025-02-27,2025-03-05,,2026-07-29T18:50:35
32507683,2025-02-27,2026-04-12,,2026-07-29T18:50:46
32508338,2025-02-27,2025-06-09,,2026-07-29T18:50:46
32509026,2025-02-27,2026-04-01,,2026-07-29T18:50:46
32509727,2025-02-28,2025-04-22,,2026-07-29T18:50:47
32509848,2025-02-28,2026-06-18,,2026-07-29T18:50:47
32510183,2025-02-28,2025-06-09,,2026-07-29T18:50:47
32511603,2025-02-28,2025-03-30,,2026-07-29T18:50:49
32512018,2025-02-28,2025-08-26,,2026-07-29T18:50:50
32512356,2025-02-28,2025-02-28,,2026-07-29T18:50:50
32512612,2025-02-28,2026-06-12,,2026-07-29T18:50:51
32514498,2025-02-28,2025-03-06,,2026-07-29T18:50:51
32514596,2025-02-28,2025-05-24,,2026-07-29T18:50:51
32514708,2025-02-28,2025-02-28,,2026-07-29T18:50:51
32516952,2025-02-28,2025-08-05,,2026-07-29T18:50:52
32521394,2025-02-28,2025-02-28,,2026-07-29T18:50:52
32521763,2025-02-28,2025-04-13,,2026-07-29T18:50:53
32522308,2025-02-28,2025-03-10,,2026-07-29T18:50:53
32522508,2025-02-28,2025-03-14,,2026-07-29T18:50:54
32523388,2025-02-28,2026-07-10,,2026-07-29T18:50:54
32524131,2025-02-28,2025-05-10,,2026-07-29T18:50:54
32524897,2025-02-28,2025-03-18,,2026-07-29T18:50:55
32524993,2025-02-28,2025-02-28,,2026-07-29T18:50:56
32526517,2025-02-28,2026-08-06,,2026-08-08T07:11:20
32527071,2025-02-28,2026-06-12,,2026-07-29T18:50:56
32527208,2025-02-28,2025-04-25,,2026-07-29T18:50:56
32527520,2025-02-28,2025-05-05,,2026-07-29T18:50:57
32528382,2025-02-28,2025-06-05,,2026-07-29T18:50:57
32528790,2025-02-28,2025-10-06,,2026-07-29T18:50:57
32529764,2025-02-28,2025-03-18,,2026-07-29T18:50:57
32529919,2025-02-28,2025-03-07,,2026-07-29T18:50:58
32530346,2025-02-28,2025-09-19,,2026-07-29T18:50:58
32530534,2025-02-28,2025-02-28,,2026-07-29T18:50:59
32531146,2025-03-01,2026-04-28,,2026-07-29T18:50:59
32531187,2025-03-01,2026-04-01,,2026-07-29T18:51:00
32531553,2025-03-01,2025-09-25,,2026-07-29T18:51:00
32531736,2025-03-01,2025-12-15,,2026-07-29T18:51:00
32531816,2025-03-01,2026-02-03,,2026-07-29T18:51:02
32531833,2025-03-01,2025-03-13,,2026-07-29T18:51:02
32531865,2025-03-01,2025-03-02,,2026-07-29T18:51:02
32532163,2025-03-01,2025-03-01,,2026-07-29T18:51:03
32533144,2025-03-01,2026-03-05,,2026-07-29T18:51:03
32533271,2025-03-01,2026-03-19,,2026-07-29T18:51:03
32536595,2025-03-01,2025-03-10,,2026-07-29T18:51:03
32537221,2025-03-01,2026-08-09,,2026-08-11T07:05:42
32539180,2025-03-01,2026-01-23,,2026-07-29T18:51:04
32541127,2025-03-01,2026-08-24,,2026-08-24T19:46:54
32542353,2025-03-01,2025-04-28,,2026-07-29T18:51:06
32543277,2025-03-01,2025-09-08,,2026-07-29T18:51:07
32544014,2025-03-01,2025-03-01,,2026-07-29T18:51:07
32544795,2025-03-01,2026-05-27,,2026-07-29T18:51:09
32544835,2025-03-01,2025-03-02,,2026-07-29T18:51:08
32544849,2025-03-01,2025-05-22,,2026-07-29T18:51:09
32545170,2025-03-02,2025-04-12,,2026-07-29T18:51:10
32546071,2025-03-02,2025-05-13,,2026-07-29T18:51:10
32546845,2025-03-02,2026-05-08,,2026-07-29T18:51:10
32547657,2025-03-02,2025-03-04,,2026-07-29T18:51:11
32550493,2025-03-02,2025-10-16,,2026-07-29T18:51:11
32550505,2025-03-02,2025-03-24,,2026-07-29T18:51:11
32551075,2025-03-02,2026-08-04,,2026-08-06T05:06:51
32553141,2025-03-02,2025-04-16,,2026-07-29T18:51:11
32555452,2025-03-02,2025-07-12,,2026-07-29T18:51:12
32555487,2025-03-02,2025-11-28,,2026-07-29T18:51:12
32555769,2025-03-02,2026-06-10,,2026-07-29T18:51:12
32556472,2025-03-02,2026-04-14,,2026-07-29T18:51:12
32556614,2025-03-02,2026-03-30,,2026-07-29T18:51:13
32556766,2025-03-02,2025-04-16,,2026-07-29T18:51:13
32557395,2025-03-03,2025-05-30,,2026-07-29T18:51:13
32557432,2025-03-03,2025-03-14,,2026-07-29T18:51:13
32558019,2025-03-03,2025-05-25,,2026-07-29T18:51:14
32558689,2025-03-03,2026-05-03,,2026-07-29T18:51:14
32568432,2025-03-03,2025-04-09,,2026-07-29T18:51:14
32568919,2025-03-03,2025-03-04,,2026-07-29T18:51:14
32571940,2025-03-03,2026-07-03,,2026-07-29T18:51:15
32573244,2025-03-03,2026-02-12,,2026-07-29T18:51:15
32573695,2025-03-03,2026-03-22,,2026-07-29T18:51:26
32573698,2025-03-03,2025-05-10,,2026-07-29T18:51:27
32573770,2025-03-03,2025-06-11,,2026-07-29T18:51:27
32574169,2025-03-03,2025-05-01,,2026-07-29T18:51:27
32575367,2025-03-03,2026-04-20,,2026-07-29T18:51:28
32575636,2025-03-03,2025-03-10,,2026-07-29T18:51:28
32575784,2025-03-03,2025-03-29,,2026-07-29T18:51:28
32578366,2025-03-04,2026-05-15,,2026-07-29T18:51:28
32580722,2025-03-04,2026-08-11,,2026-08-13T04:20:38
32588102,2025-03-04,2026-03-28,,2026-07-29T18:51:29
32589995,2025-03-04,2025-03-07,,2026-07-29T18:51:29
32592830,2025-03-04,2026-08-25,,2026-08-25T01:57:52
32593315,2025-03-04,2026-08-14,,2026-08-16T04:21:06
32593494,2025-03-04,2025-09-26,,2026-07-29T18:51:31
32596167,2025-03-04,2025-03-06,,2026-07-29T18:51:31
32596389,2025-03-04,2025-03-04,,2026-07-29T18:51:32
32599230,2025-03-04,2025-03-05,,2026-07-29T18:51:32
32602123,2025-03-05,2026-08-14,,2026-08-16T06:02:10
32602409,2025-03-05,2025-04-06,,2026-07-29T18:51:33
32603032,2025-03-05,2025-09-04,,2026-07-29T18:51:33
32603206,2025-03-05,2026-08-15,,2026-08-17T06:00:48
32603847,2025-03-05,2025-10-01,,2026-07-29T18:51:34
32608381,2025-03-05,2026-08-25,,2026-08-25T02:00:22
32614449,2025-03-05,2025-03-25,,2026-07-29T18:51:34
32618211,2025-03-05,2026-03-07,,2026-07-29T18:51:35
32619092,2025-03-05,2025-03-09,,2026-07-29T18:51:35
32621556,2025-03-06,2025-03-06,,2026-07-29T18:51:35
32623849,2025-03-06,2026-06-07,,2026-07-29T18:51:35
32625227,2025-03-06,2025-03-15,,2026-07-29T18:51:35
32627663,2025-03-06,2025-03-09,,2026-07-29T18:51:35
32633031,2025-03-06,2025-03-06,,2026-07-29T18:51:36
32637042,2025-03-06,2025-04-13,,2026-07-29T18:51:36
32639055,2025-03-06,2025-04-08,,2026-07-29T18:51:37
32639916,2025-03-06,2025-09-11,,2026-07-29T18:51:37
32652793,2025-03-07,2025-03-15,,2026-07-29T18:51:38
32656940,2025-03-07,2026-03-09,,2026-07-29T18:51:38
32659440,2025-03-07,2026-04-29,,2026-07-29T18:51:39
32660771,2025-03-08,2025-03-13,,2026-07-29T18:51:39
32661424,2025-03-08,2025-03-10,,2026-07-29T18:51:40
32669495,2025-03-08,2026-08-04,,2026-08-05T04:24:22
32670752,2025-03-08,2026-05-27,,2026-07-29T18:51:41
32671624,2025-03-08,2025-03-08,,2026-07-29T18:51:42
32673719,2025-03-08,2025-03-24,,2026-07-29T18:51:42
32674724,2025-03-08,2026-06-25,,2026-07-29T18:51:42
32676389,2025-03-09,2025-05-22,,2026-07-29T18:51:43
32676984,2025-03-09,2026-02-19,,2026-07-29T18:51:43
32677081,2025-03-09,2025-06-04,,2026-07-29T18:51:44
32679415,2025-03-09,2026-01-14,,2026-07-29T18:51:46
32681763,2025-03-09,2025-03-14,,2026-07-29T18:51:46
32683368,2025-03-09,2025-03-19,,2026-07-29T18:51:49
32684640,2025-03-09,2025-04-28,,2026-07-29T18:51:49
32697192,2025-03-10,2025-03-10,,2026-07-29T18:51:49
32705355,2025-03-10,2025-08-16,,2026-07-29T18:51:49
32705699,2025-03-10,2025-12-16,,2026-07-29T18:51:51
32706360,2025-03-10,2026-08-21,,2026-08-23T04:22:56
32706719,2025-03-10,2025-09-20,,2026-07-29T18:51:51
32706783,2025-03-10,2025-04-03,,2026-07-29T18:51:51
32706884,2025-03-10,2025-03-11,,2026-07-29T18:51:52
32707566,2025-03-10,2026-08-13,,2026-08-15T05:06:08
32709660,2025-03-11,2025-03-12,,2026-07-29T18:51:52
32710871,2025-03-11,2025-03-25,,2026-07-29T18:51:52
32710921,2025-03-11,2026-07-18,,2026-07-29T18:51:52
32718333,2025-03-11,2026-01-13,,2026-07-29T18:51:53
32720270,2025-03-11,2025-04-13,,2026-07-29T18:51:53
32720283,2025-03-11,2025-03-31,,2026-07-29T18:51:53
32721713,2025-03-11,2025-08-25,,2026-07-29T18:51:53
32722315,2025-03-11,2026-08-17,,2026-08-19T04:19:57
32722383,2025-03-11,2026-06-25,,2026-07-29T18:51:54
32723610,2025-03-11,2025-03-18,,2026-07-29T18:51:54
32726176,2025-03-11,2025-03-26,,2026-07-29T18:51:54
32727202,2025-03-11,2025-05-05,,2026-07-29T18:51:54
32727579,2025-03-11,2026-06-23,,2026-07-29T18:51:54
32728417,2025-03-12,2025-08-07,,2026-07-29T18:51:55
32730510,2025-03-12,2026-06-16,,2026-07-29T18:51:55
32737238,2025-03-12,2026-01-06,,2026-07-29T18:51:55
32743342,2025-03-12,2025-03-17,,2026-07-29T18:51:55
32746271,2025-03-12,2026-04-13,,2026-07-29T18:51:55
32749954,2025-03-13,2026-04-17,,2026-07-29T18:51:56
32750453,2025-03-13,2026-05-11,,2026-07-29T18:51:56
32750822,2025-03-13,2025-03-16,,2026-07-29T18:51:56
32760117,2025-03-13,2025-03-15,,2026-07-29T18:51:57
32760307,2025-03-13,2025-11-18,,2026-07-29T18:51:57
32760506,2025-03-13,2025-03-13,,2026-07-29T18:51:57
32760932,2025-03-13,2025-08-01,,2026-07-29T18:51:57
32761196,2025-03-13,2025-04-11,,2026-07-29T18:51:57
32762006,2025-03-13,2025-06-27,,2026-07-29T18:51:58
32762642,2025-03-13,2025-11-26,,2026-07-29T18:51:58
32762701,2025-03-13,2025-03-13,,2026-07-29T18:51:58
32762902,2025-03-13,2025-04-27,,2026-07-29T18:51:58
32765696,2025-03-13,2025-03-14,,2026-07-29T18:51:59
32765809,2025-03-13,2026-05-11,,2026-07-29T18:51:59
32767282,2025-03-14,2025-03-14,,2026-07-29T18:51:59
32767692,2025-03-14,2026-05-14,,2026-07-29T18:51:59
32767994,2025-03-14,2025-07-17,,2026-07-29T18:52:01
32769874,2025-03-14,2025-04-05,,2026-07-29T18:52:01
32774949,2025-03-14,2025-10-16,,2026-07-29T18:52:01
32775967,2025-03-14,2026-05-15,,2026-07-29T18:52:02
32776983,2025-03-14,2026-06-15,,2026-07-29T18:52:02
32777135,2025-03-14,2025-09-13,,2026-07-29T18:52:13
32778302,2025-03-14,2026-05-13,,2026-07-29T18:52:13
32778619,2025-03-14,2026-03-12,,2026-07-29T18:52:14
32779700,2025-03-14,2025-03-24,,2026-07-29T18:52:14
32781324,2025-03-14,2026-06-22,,2026-07-29T18:52:14
32781491,2025-03-14,2025-09-16,,2026-07-29T18:52:15
32782534,2025-03-14,2025-04-13,,2026-07-29T18:52:15
32784222,2025-03-15,2025-03-15,,2026-07-29T18:52:15
32785914,2025-03-15,2025-05-04,,2026-07-29T18:52:16
32791349,2025-03-15,2025-04-13,,2026-07-29T18:52:16
32791767,2025-03-15,2025-03-19,,2026-07-29T18:52:17
32795397,2025-03-15,2026-01-26,,2026-07-29T18:52:17
32795547,2025-03-16,2025-03-28,,2026-07-29T18:52:18
32796593,2025-03-16,2025-06-03,,2026-07-29T18:52:18
32796764,2025-03-16,2025-05-23,,2026-07-29T18:52:18
32801510,2025-03-16,2025-08-31,,2026-07-29T18:52:19
32801660,2025-03-16,2026-07-27,,2026-07-29T18:52:19
32802429,2025-03-16,2026-05-05,,2026-07-29T18:52:20
32804850,2025-03-16,2025-05-01,,2026-07-29T18:52:19
32805732,2025-03-16,2025-04-11,,2026-07-29T18:52:20
32807322,2025-03-17,2025-03-27,,2026-07-29T18:52:21
32807347,2025-03-17,2025-05-19,,2026-07-29T18:52:21
32808621,2025-03-17,2025-03-31,,2026-07-29T18:52:21
32810272,2025-03-17,2026-08-25,,2026-08-25T05:53:42
32818434,2025-03-17,2026-06-29,,2026-07-29T18:52:22
32819338,2025-03-17,2025-03-29,,2026-07-29T18:52:22
32820331,2025-03-17,2026-03-26,,2026-07-29T18:52:22
32821518,2025-03-17,2026-04-16,,2026-07-29T18:52:22
32822185,2025-03-17,2025-03-17,,2026-07-29T18:52:23
32823208,2025-03-17,2026-03-03,,2026-07-29T18:52:23
32824032,2025-03-17,2025-03-19,,2026-07-29T18:52:23
32828944,2025-03-18,2026-07-19,,2026-07-29T18:52:23
32829999,2025-03-18,2025-03-18,,2026-07-29T18:52:24
32830117,2025-03-18,2026-01-14,,2026-07-29T18:52:24
32830195,2025-03-18,2026-05-06,,2026-07-29T18:52:24
32835823,2025-03-18,2025-09-29,,2026-07-29T18:52:24
32837729,2025-03-18,2025-10-22,,2026-07-29T18:52:24
32840164,2025-03-18,2025-12-22,,2026-07-29T18:52:25
32842514,2025-03-18,2025-04-25,,2026-07-29T18:52:25
32843692,2025-03-18,2025-08-04,,2026-07-29T18:52:25
32861141,2025-03-19,2025-10-02,,2026-07-29T18:52:25
32861961,2025-03-19,2025-11-04,,2026-07-29T18:52:26
32862534,2025-03-19,2025-07-21,,2026-07-29T18:52:26
32863580,2025-03-19,2026-08-23,,2026-08-25T04:00:59
32863882,2025-03-19,2025-03-24,,2026-07-29T18:52:26
32864480,2025-03-19,2025-04-26,,2026-07-29T18:52:26
32865496,2025-03-19,2025-03-19,,2026-07-29T18:52:27
32865731,2025-03-19,2025-12-11,,2026-07-29T18:52:27
32866738,2025-03-20,2025-12-15,,2026-07-29T18:52:27
32867199,2025-03-20,2025-04-20,,2026-07-29T18:52:27
32869868,2025-03-20,2025-03-20,,2026-07-29T18:52:28
32875139,2025-03-20,2025-10-20,,2026-07-29T18:52:28
32877083,2025-03-20,2025-05-22,,2026-07-29T18:52:28
32879089,2025-03-20,2026-06-24,,2026-07-29T18:52:28
32882874,2025-03-20,2025-03-31,,2026-07-29T18:52:29
32883533,2025-03-20,2025-07-02,,2026-07-29T18:52:29
32883806,2025-03-20,2026-04-25,,2026-07-29T18:52:29
32886528,2025-03-21,2026-01-16,,2026-07-29T18:52:29
32887125,2025-03-21,2025-11-26,,2026-07-29T18:52:30
32888346,2025-03-21,2025-04-01,,2026-07-29T18:52:30
32889186,2025-03-21,2026-08-10,,2026-08-12T07:10:03
32893988,2025-03-21,2025-03-26,,2026-07-29T18:52:30
32893997,2025-03-21,2025-07-16,,2026-07-29T18:52:31
32894131,2025-03-21,2026-06-20,,2026-07-29T18:52:31
32894733,2025-03-21,2025-04-26,,2026-07-29T18:52:31
32898263,2025-03-21,2026-08-02,,2026-08-04T04:12:06
32898531,2025-03-21,2025-04-21,,2026-07-29T18:52:32
32898941,2025-03-21,2025-04-18,,2026-07-29T18:52:32
32899278,2025-03-21,2025-08-19,,2026-07-29T18:52:32
32899333,2025-03-21,2025-03-22,,2026-07-29T18:52:33
32899593,2025-03-21,2026-07-13,,2026-07-29T18:52:33
32899921,2025-03-21,2026-06-13,,2026-07-29T18:52:33
32901034,2025-03-21,2025-07-20,,2026-07-29T18:52:33
32901059,2025-03-21,2026-06-11,,2026-07-29T18:52:33
32901458,2025-03-21,2025-03-24,,2026-07-29T18:52:34
32902468,2025-03-21,2025-07-01,,2026-07-29T18:52:34
32903097,2025-03-22,2025-03-22,,2026-07-29T18:52:34
32903915,2025-03-22,2025-07-27,,2026-07-29T18:52:34
32908754,2025-03-22,2026-01-16,,2026-07-29T18:52:35
32909644,2025-03-22,2025-08-14,,2026-07-29T18:52:35
32910007,2025-03-22,2025-03-26,,2026-07-29T18:52:35
32910117,2025-03-22,2025-04-12,,2026-07-29T18:52:35
32910133,2025-03-22,2026-07-10,,2026-07-29T18:52:35
32910288,2025-03-22,2025-03-29,,2026-07-29T18:52:36
32910548,2025-03-22,2025-05-26,,2026-07-29T18:52:36
32911313,2025-03-22,2025-03-22,,2026-07-29T18:52:36
32911651,2025-03-22,2025-03-30,,2026-07-29T18:52:36
32912736,2025-03-22,2025-03-29,,2026-07-29T18:52:37
32913509,2025-03-22,2026-03-31,,2026-07-29T18:52:37
32913814,2025-03-22,2025-04-05,,2026-07-29T18:52:37
32914097,2025-03-22,2025-03-26,,2026-07-29T18:52:37
32914149,2025-03-22,2025-05-01,,2026-07-29T18:52:37
32914222,2025-03-22,2025-04-14,,2026-07-29T18:52:38
32914328,2025-03-22,2025-08-15,,2026-07-29T18:52:38
32914363,2025-03-22,2025-04-11,,2026-07-29T18:52:38
32914491,2025-03-22,2025-03-24,,2026-07-29T18:52:38
32914727,2025-03-22,2025-03-22,,2026-07-29T18:52:48
32914890,2025-03-22,2025-07-27,,2026-07-29T18:52:48
32914947,2025-03-22,2025-11-18,,2026-07-29T18:52:48
32915128,2025-03-22,2025-04-17,,2026-07-29T18:52:49
32915169,2025-03-22,2025-03-22,,2026-07-29T18:52:49
32915174,2025-03-22,2026-01-10,,2026-07-29T18:52:50
32915358,2025-03-22,2026-02-01,,2026-07-29T18:52:50
32915418,2025-03-22,2025-03-22,,2026-07-29T18:52:49
32915807,2025-03-22,2025-03-29,,2026-07-29T18:52:50
32915968,2025-03-22,2025-03-25,,2026-07-29T18:52:50
32916125,2025-03-22,2025-12-14,,2026-07-29T18:52:50
32916172,2025-03-22,2025-03-25,,2026-07-29T18:52:51
32916196,2025-03-22,2025-05-15,,2026-07-29T18:52:51
32916362,2025-03-22,2025-07-07,,2026-07-29T18:52:51
32916538,2025-03-23,2026-08-17,,2026-08-19T05:08:05
32916676,2025-03-23,2026-07-16,,2026-07-29T18:52:52
32916721,2025-03-23,2025-04-06,,2026-07-29T18:52:52
32916776,2025-03-23,2025-03-23,,2026-07-29T18:52:52
32916879,2025-03-23,2025-11-01,,2026-07-29T18:52:52
32916883,2025-03-23,2025-03-23,,2026-07-29T18:52:53
32917116,2025-03-23,2025-04-16,,2026-07-29T18:52:53
32917305,2025-03-23,2025-03-29,,2026-07-29T18:52:54
32917642,2025-03-23,2025-04-09,,2026-07-29T18:52:54
32917685,2025-03-23,2025-03-24,,2026-07-29T18:52:54
32917912,2025-03-23,2025-03-23,,2026-07-29T18:52:54
32918229,2025-03-23,2026-05-24,,2026-07-29T18:52:54
32918663,2025-03-23,2025-03-23,,2026-07-29T18:52:54
32918677,2025-03-23,2025-03-29,,2026-07-29T18:52:55
32918815,2025-03-23,2025-07-18,,2026-07-29T18:52:55
32920033,2025-03-23,2025-05-03,,2026-07-29T18:52:55
32920592,2025-03-23,2025-06-25,,2026-07-29T18:52:55
32920851,2025-03-23,2025-03-25,,2026-07-29T18:52:56
32921700,2025-03-23,2025-03-24,,2026-07-29T18:52:56
32921803,2025-03-23,2025-03-26,,2026-07-29T18:52:57
32921860,2025-03-23,2025-03-27,,2026-07-29T18:52:57
32922400,2025-03-23,2025-03-28,,2026-07-29T18:52:57
32922833,2025-03-23,2025-08-01,,2026-07-29T18:52:58
32923105,2025-03-23,2026-03-15,,2026-07-29T18:52:58
32923507,2025-03-23,2025-03-25,,2026-07-29T18:52:58
32923772,2025-03-23,2026-03-30,,2026-07-29T18:52:59
32924021,2025-03-23,2025-03-26,,2026-07-29T18:52:59
32924207,2025-03-23,2026-06-14,,2026-07-29T18:52:59
32924340,2025-03-23,2025-03-23,,2026-07-29T18:53:00
32924440,2025-03-23,2025-04-14,,2026-07-29T18:53:00
32924563,2025-03-23,2025-05-07,,2026-07-29T18:53:00
32924944,2025-03-23,2025-03-23,,2026-07-29T18:53:00
32924953,2025-03-23,2025-03-24,,2026-07-29T18:53:00
32925077,2025-03-23,2025-08-07,,2026-07-29T18:53:01
32925428,2025-03-23,2025-06-24,,2026-07-29T18:53:01
32925725,2025-03-23,2026-05-22,,2026-07-29T18:53:01
32925776,2025-03-23,2026-08-15,,2026-08-17T04:11:46
32926189,2025-03-23,2025-03-23,,2026-07-29T18:53:01
32926357,2025-03-23,2025-03-28,,2026-07-29T18:53:02
32926754,2025-03-23,2025-03-25,,2026-07-29T18:53:02
32926980,2025-03-23,2025-04-11,,2026-07-29T18:53:02
32927184,2025-03-23,2025-03-24,,2026-07-29T18:53:02
32927394,2025-03-23,2025-03-24,,2026-07-29T18:53:02
32927630,2025-03-24,2026-06-02,,2026-07-29T18:53:03
32927774,2025-03-24,2025-07-03,,2026-07-29T18:53:03
32928084,2025-03-24,2026-05-03,,2026-07-29T18:53:03
32928138,2025-03-24,2025-03-24,,2026-07-29T18:53:04
32928634,2025-03-24,2025-08-24,,2026-07-29T18:53:04
32928981,2025-03-24,2025-10-15,,2026-07-29T18:53:04
32929313,2025-03-24,2026-02-25,,2026-07-29T18:53:04
32929377,2025-03-24,2025-07-12,,2026-07-29T18:53:05
32930481,2025-03-24,2025-03-28,,2026-07-29T18:53:05
32930935,2025-03-24,2026-03-23,,2026-07-29T18:53:05
32931768,2025-03-24,2025-04-17,,2026-07-29T18:53:06
32932742,2025-03-24,2025-03-25,,2026-07-29T18:53:06
32932770,2025-03-24,2025-03-30,,2026-07-29T18:53:06
32933306,2025-03-24,2026-01-28,,2026-07-29T18:53:07
32939092,2025-03-24,2025-03-24,,2026-07-29T18:53:07
32940328,2025-03-24,2025-03-26,,2026-07-29T18:53:07
32940766,2025-03-24,2025-06-15,,2026-07-29T18:53:07
32940786,2025-03-24,2025-04-29,,2026-07-29T18:53:08
32940953,2025-03-24,2025-04-24,,2026-07-29T18:53:08
32941069,2025-03-24,2025-09-18,,2026-07-29T18:53:08
32941243,2025-03-24,2026-08-06,,2026-08-07T04:01:00
32941806,2025-03-24,2026-07-30,,2026-08-01T04:10:13
32942030,2025-03-24,2026-08-25,,2026-08-25T03:57:28
32942593,2025-03-24,2025-04-08,,2026-07-29T18:53:09
32942709,2025-03-24,2026-02-18,,2026-07-29T18:53:09
32942972,2025-03-24,2025-10-11,,2026-07-29T18:53:10
32943596,2025-03-24,2025-08-11,,2026-07-29T18:53:10
32944059,2025-03-24,2025-04-06,,2026-07-29T18:53:10
32944387,2025-03-24,2025-03-30,,2026-07-29T18:53:11
32944483,2025-03-24,2025-05-18,,2026-07-29T18:53:12
32944699,2025-03-24,2025-06-08,,2026-07-29T18:53:12
32944805,2025-03-24,2025-03-24,,2026-07-29T18:53:13
32944953,2025-03-24,2025-03-26,,2026-07-29T18:53:15
32945123,2025-03-24,2025-04-02,,2026-07-29T18:53:15
32945237,2025-03-24,2025-04-13,,2026-07-29T18:53:16
32945414,2025-03-24,2025-05-12,,2026-07-29T18:53:28
32945521,2025-03-24,2025-08-02,,2026-07-29T18:53:41
32945581,2025-03-24,2026-03-22,,2026-07-29T18:53:42
32945911,2025-03-24,2025-05-30,,2026-07-29T18:53:44
32946189,2025-03-24,2025-04-21,,2026-07-29T18:53:44
32946453,2025-03-24,2025-03-25,,2026-07-29T18:53:46
32946751,2025-03-24,2025-03-31,,2026-07-29T18:53:46
32946962,2025-03-24,2026-08-25,,2026-08-25T00:34:26
32947195,2025-03-24,2025-05-08,,2026-07-29T18:53:48
32947411,2025-03-24,2026-08-20,,2026-08-22T07:08:34
32947535,2025-03-24,2026-01-29,,2026-07-29T18:54:01
32947619,2025-03-24,2025-03-27,,2026-07-29T18:54:01
32948347,2025-03-25,2025-04-02,,2026-07-29T18:54:01
32948535,2025-03-25,2025-03-25,,2026-07-29T18:54:01
32948801,2025-03-25,2025-04-15,,2026-07-29T18:54:02
32948944,2025-03-25,2025-03-26,,2026-07-29T18:54:02
32948996,2025-03-25,2025-03-31,,2026-07-29T18:54:02
32949011,2025-03-25,2025-04-03,,2026-07-29T18:54:02
32949029,2025-03-25,2025-03-26,,2026-07-29T18:54:03
32949044,2025-03-25,2025-03-25,,2026-07-29T18:54:04
32949061,2025-03-25,2025-03-29,,2026-07-29T18:54:03
32949603,2025-03-25,2025-03-30,,2026-07-29T18:54:04
32949936,2025-03-25,2025-04-03,,2026-07-29T18:54:05
32949970,2025-03-25,2025-03-31,,2026-07-29T18:54:05
32950210,2025-03-25,2025-07-13,,2026-07-29T18:54:06
32950414,2025-03-25,2025-05-15,,2026-07-29T18:54:06
32950425,2025-03-25,2025-03-26,,2026-07-29T18:54:06
32950444,2025-03-25,2025-04-07,,2026-07-29T18:54:07
32950487,2025-03-25,2026-01-26,,2026-07-29T18:54:07
32950618,2025-03-25,2025-12-14,,2026-07-29T18:54:08
32951080,2025-03-25,2025-04-14,,2026-07-29T18:54:08
32951800,2025-03-25,2025-04-01,,2026-07-29T18:54:08
32953024,2025-03-25,2025-11-03,,2026-07-29T18:54:08
32953071,2025-03-25,2025-04-05,,2026-07-29T18:54:08
32953073,2025-03-25,2025-04-20,,2026-07-29T18:54:09
32953341,2025-03-25,2025-03-29,,2026-07-29T18:54:09
32953432,2025-03-25,2025-04-21,,2026-07-29T18:54:09
32953635,2025-03-25,2025-03-25,,2026-07-29T18:54:09
32953655,2025-03-25,2025-03-26,,2026-07-29T18:54:10
32954074,2025-03-25,2025-05-15,,2026-07-29T18:54:10
32954996,2025-03-25,2026-01-15,,2026-07-29T18:54:10
32957451,2025-03-25,2025-03-27,,2026-07-29T18:54:10
32958763,2025-03-25,2025-03-27,,2026-07-29T18:54:11
32959015,2025-03-25,2026-06-05,,2026-07-29T18:54:11
32959055,2025-03-25,2025-04-09,,2026-07-29T18:54:11
32959100,2025-03-25,2025-09-25,,2026-07-29T18:54:11
32959229,2025-03-25,2025-07-26,,2026-07-29T18:54:12
32959289,2025-03-25,2025-11-07,,2026-07-29T18:54:12
32959446,2025-03-25,2025-03-27,,2026-07-29T18:54:12
32959612,2025-03-25,2025-03-25,,2026-07-29T18:54:12
32959768,2025-03-25,2025-04-01,,2026-07-29T18:54:13
32959989,2025-03-25,2026-07-18,,2026-07-29T18:54:13
32960078,2025-03-25,2025-04-02,,2026-07-29T18:54:13
32960158,2025-03-25,2025-08-19,,2026-07-29T18:54:13
32960294,2025-03-25,2025-05-30,,2026-07-29T18:54:13
32961615,2025-03-25,2026-05-25,,2026-07-29T18:54:14
32961819,2025-03-25,2026-02-24,,2026-07-29T18:54:14
32962012,2025-03-25,2026-01-27,,2026-07-29T18:54:14
32962167,2025-03-25,2025-05-15,,2026-07-29T18:54:15
32962397,2025-03-25,2025-12-15,,2026-07-29T18:54:15
32962513,2025-03-25,2025-04-10,,2026-07-29T18:54:15
32962711,2025-03-25,2025-03-28,,2026-07-29T18:54:15
32962720,2025-03-25,2025-08-18,,2026-07-29T18:54:16
32962950,2025-03-25,2025-05-31,,2026-07-29T18:54:16
32963205,2025-03-25,2025-03-28,,2026-07-29T18:54:17
32963211,2025-03-25,2025-04-01,,2026-07-29T18:54:18
32963216,2025-03-25,2025-03-25,,2026-07-29T18:54:20
32963236,2025-03-25,2025-03-25,,2026-07-29T18:54:20
32963285,2025-03-25,2025-03-25,,2026-07-29T18:54:21
32963539,2025-03-25,2025-07-23,,2026-07-29T18:54:22
32963900,2025-03-25,2025-03-28,,2026-07-29T18:54:22
32963958,2025-03-25,2025-04-12,,2026-07-29T18:54:22
32964006,2025-03-25,2025-04-27,,2026-07-29T18:54:22
32964382,2025-03-25,2025-04-02,,2026-07-29T18:54:22
32964480,2025-03-25,2025-03-25,,2026-07-29T18:54:23
32965146,2025-03-25,2026-06-19,,2026-07-29T18:54:23
32965670,2025-03-25,2025-06-11,,2026-07-29T18:54:23
32965824,2025-03-25,2025-03-28,,2026-07-29T18:54:23
32966158,2025-03-25,2026-08-04,,2026-08-06T04:18:01
32966236,2025-03-25,2025-07-17,,2026-07-29T18:54:24
32966267,2025-03-25,2025-04-26,,2026-07-29T18:54:24
32966300,2025-03-25,2026-08-20,,2026-08-22T04:15:06
32966362,2025-03-25,2025-05-03,,2026-07-29T18:54:24
32966400,2025-03-25,2025-04-01,,2026-07-29T18:54:24
32966468,2025-03-25,2026-06-30,,2026-07-29T18:54:25
32966500,2025-03-25,2026-07-12,,2026-07-29T18:54:25
32966540,2025-03-25,2025-08-30,,2026-07-29T18:54:25
32966657,2025-03-25,2025-04-21,,2026-07-29T18:54:25
32966669,2025-03-25,2025-03-30,,2026-07-29T18:54:26
32967225,2025-03-25,2025-06-22,,2026-07-29T18:54:26
32967258,2025-03-25,2025-03-25,,2026-07-29T18:54:26
32967327,2025-03-26,2025-06-27,,2026-07-29T18:54:26
32967351,2025-03-26,2025-04-04,,2026-07-29T18:54:26
32967429,2025-03-26,2025-04-03,,2026-07-29T18:54:27
32967620,2025-03-26,2026-07-18,,2026-07-29T18:54:27
32967887,2025-03-26,2025-05-19,,2026-07-29T18:54:28
32968170,2025-03-26,2025-08-20,,2026-07-29T18:54:28
32968234,2025-03-26,2025-09-18,,2026-07-29T18:54:28
32968250,2025-03-26,2025-03-26,,2026-07-29T18:54:28
32968254,2025-03-26,2025-08-22,,2026-07-29T18:54:29
32968300,2025-03-26,2026-08-24,,2026-08-24T04:11:41
32968348,2025-03-26,2026-08-25,,2026-08-25T03:28:53
32968397,2025-03-26,2025-08-17,,2026-07-29T18:54:30
32968720,2025-03-26,2026-07-15,,2026-07-29T18:54:32
32968742,2025-03-26,2025-03-27,,2026-07-29T18:54:31
32968780,2025-03-26,2026-08-22,,2026-08-24T04:11:15
32968868,2025-03-26,2025-07-25,,2026-07-29T18:54:31
32968970,2025-03-26,2025-03-30,,2026-07-29T18:54:31
32969004,2025-03-26,2025-04-11,,2026-07-29T18:54:31
32969012,2025-03-26,2025-04-12,,2026-07-29T18:54:32
32969098,2025-03-26,2026-04-12,,2026-07-29T18:54:32
32969121,2025-03-26,2025-06-22,,2026-07-29T18:54:32
32969176,2025-03-26,2025-05-30,,2026-07-29T18:54:32
32969183,2025-03-26,2025-03-26,,2026-07-29T18:54:33
32969228,2025-03-26,2026-08-23,,2026-08-25T05:03:38
32969385,2025-03-26,2025-03-30,,2026-07-29T18:54:34
32969436,2025-03-26,2025-03-30,,2026-07-29T18:54:33
32969523,2025-03-26,2025-06-22,,2026-07-29T18:54:33
32969719,2025-03-26,2026-07-21,,2026-07-29T18:54:35
32969915,2025-03-26,2025-08-12,,2026-07-29T18:54:34
32970305,2025-03-26,2025-03-29,,2026-07-29T18:54:34
32970442,2025-03-26,2026-08-12,,2026-08-14T07:12:47
32970778,2025-03-26,2025-10-17,,2026-07-29T18:54:35
32972274,2025-03-26,2026-06-15,,2026-07-29T18:54:35
32975102,2025-03-26,2025-03-26,,2026-07-29T18:54:36
32975969,2025-03-26,2025-04-10,,2026-07-29T18:54:36
32976875,2025-03-26,2025-08-10,,2026-07-29T18:54:36
32977001,2025-03-26,2026-01-29,,2026-07-29T18:54:37
32977549,2025-03-26,2026-07-31,,2026-08-02T04:13:09
32977763,2025-03-26,2025-03-27,,2026-07-29T18:54:37
32978006,2025-03-26,2025-06-12,,2026-07-29T18:54:37
32978268,2025-03-26,2026-08-09,,2026-08-11T04:03:21
32978467,2025-03-26,2025-04-25,,2026-07-29T18:54:38
32978633,2025-03-26,2026-01-27,,2026-07-29T18:54:39
32978928,2025-03-26,2025-03-29,,2026-07-29T18:54:38
32979226,2025-03-26,2025-09-28,,2026-07-29T18:54:39
32979759,2025-03-26,2025-05-29,,2026-07-29T18:54:39
32980174,2025-03-26,2026-08-16,,2026-08-18T04:09:43
32981218,2025-03-26,2025-03-26,,2026-07-29T18:54:39
32982372,2025-03-26,2025-03-27,,2026-07-29T18:54:40
32982611,2025-03-26,2026-02-10,,2026-07-29T18:54:40
32983254,2025-03-26,2025-03-26,,2026-07-29T18:54:40
32983384,2025-03-26,2025-03-26,,2026-07-29T18:54:41
32983812,2025-03-26,2025-04-14,,2026-07-29T18:54:41
32984378,2025-03-26,2025-04-07,,2026-07-29T18:54:42
32984431,2025-03-26,2025-03-26,,2026-07-29T18:54:41
32984991,2025-03-26,2025-08-29,,2026-07-29T18:54:42
32985394,2025-03-26,2026-04-01,,2026-07-29T18:54:44
32985640,2025-03-26,2025-03-28,,2026-07-29T18:54:44
32985857,2025-03-27,2025-08-30,,2026-07-29T18:54:45
32985894,2025-03-27,2025-03-27,,2026-07-29T18:54:45
32986040,2025-03-27,2025-04-16,,2026-07-29T18:54:45
32986449,2025-03-27,2025-05-25,,2026-07-29T18:54:44
32988028,2025-03-27,2025-06-12,,2026-07-29T18:54:45
32988151,2025-03-27,2025-04-29,,2026-07-29T18:54:45
32988699,2025-03-27,2025-04-02,,2026-07-29T18:54:45
32988769,2025-03-27,2025-04-01,,2026-07-29T18:54:45
32988860,2025-03-27,2025-05-28,,2026-07-29T18:54:47
32988921,2025-03-27,2025-04-06,,2026-07-29T18:54:47
32994449,2025-03-27,2026-04-10,,2026-07-29T18:54:46
32996791,2025-03-27,2025-05-19,,2026-07-29T18:54:47
32998059,2025-03-27,2025-03-28,,2026-07-29T18:54:47
32999524,2025-03-27,2025-05-14,,2026-07-29T18:54:47
33001316,2025-03-27,2025-09-26,,2026-07-29T18:54:47
33001608,2025-03-27,2026-01-06,,2026-07-29T18:54:47
33002667,2025-03-27,2025-03-29,,2026-07-29T18:54:48
33003974,2025-03-28,2025-06-20,,2026-07-29T18:54:48
33004310,2025-03-28,2025-12-21,,2026-07-29T18:54:48
33005518,2025-03-28,2025-07-09,,2026-07-29T18:54:48
33006280,2025-03-28,2025-03-31,,2026-07-29T18:54:50
33006600,2025-03-28,2026-06-27,,2026-07-29T18:54:50
33009667,2025-03-28,2025-06-04,,2026-07-29T18:54:51
33011164,2025-03-28,2025-06-14,,2026-07-29T18:54:52
33014279,2025-03-28,2025-05-26,,2026-07-29T18:54:52
33014396,2025-03-28,2025-07-09,,2026-07-29T18:54:53
33014573,2025-03-28,2026-08-05,,2026-08-06T04:19:50
33016925,2025-03-28,2026-04-29,,2026-07-29T18:54:53
33017218,2025-03-28,2025-04-30,,2026-07-29T18:54:53
33021050,2025-03-29,2025-04-28,,2026-07-29T18:54:54
33021202,2025-03-29,2026-05-07,,2026-07-29T18:54:56
33021752,2025-03-29,2025-04-29,,2026-07-29T18:54:55
33023953,2025-03-29,2025-03-29,,2026-07-29T18:54:58
33026796,2025-03-29,2025-04-02,,2026-07-29T18:54:58
33028433,2025-03-29,2025-05-06,,2026-07-29T18:54:59
33031130,2025-03-29,2026-02-04,,2026-07-29T18:55:00
33031628,2025-03-29,2025-11-09,,2026-07-29T18:55:01
33033151,2025-03-29,2026-08-24,,2026-08-24T15:02:44
33033287,2025-03-29,2026-03-30,,2026-07-29T18:55:01
33034305,2025-03-30,2026-07-25,,2026-07-29T18:55:02
33034475,2025-03-30,2025-04-25,,2026-07-29T18:55:02
33036090,2025-03-30,2025-03-30,,2026-07-29T18:55:03
33038928,2025-03-30,2026-03-15,,2026-07-29T18:55:05
33039004,2025-03-30,2025-04-13,,2026-07-29T18:55:03
33040603,2025-03-30,2025-11-26,,2026-07-29T18:55:04
33041085,2025-03-30,2025-06-09,,2026-07-29T18:55:04
33041545,2025-03-30,2025-09-18,,2026-07-29T18:55:04
33042232,2025-03-30,2025-04-18,,2026-07-29T18:55:04
33042563,2025-03-30,2026-05-03,,2026-07-29T18:55:05
33043599,2025-03-30,2026-01-29,,2026-07-29T18:55:05
33045745,2025-03-31,2025-08-21,,2026-07-29T18:55:05
33045996,2025-03-31,2025-12-17,,2026-07-29T18:55:06
33047027,2025-03-31,2025-06-03,,2026-07-29T18:55:06
33053705,2025-03-31,2025-07-22,,2026-07-29T18:55:06
33057858,2025-03-31,2026-08-03,,2026-08-05T07:09:14
33060015,2025-03-31,2025-04-30,,2026-07-29T18:55:08
33060793,2025-04-01,2025-04-09,,2026-07-29T18:55:08
33060997,2025-04-01,2026-08-22,,2026-08-24T04:11:12
33061463,2025-04-01,2026-03-19,,2026-07-29T18:55:09
33064025,2025-04-01,2025-05-06,,2026-07-29T18:55:09
33064833,2025-04-01,2025-08-30,,2026-07-29T18:55:09
33073164,2025-04-01,2025-06-16,,2026-07-29T18:55:09
33074426,2025-04-01,2026-08-24,,2026-08-24T02:13:57
33075758,2025-04-01,2026-04-13,,2026-07-29T18:55:10
33076749,2025-04-01,2026-05-04,,2026-07-29T18:55:11
33085556,2025-04-02,2026-04-04,,2026-07-29T18:55:10
33090325,2025-04-02,2025-06-17,,2026-07-29T18:55:12
33096073,2025-04-02,2025-06-29,,2026-07-29T18:55:12
33097765,2025-04-02,2026-08-14,,2026-08-16T04:14:23
33098124,2025-04-02,2026-04-09,,2026-07-29T18:55:12
33103101,2025-04-03,2025-04-03,,2026-07-29T18:55:13
33108402,2025-04-03,2025-10-07,,2026-07-29T18:55:14
33108654,2025-04-03,2026-08-21,,2026-08-23T04:10:27
33109469,2025-04-03,2026-08-13,,2026-08-15T05:07:49
33112877,2025-04-03,2026-05-26,,2026-07-29T18:55:15
33113661,2025-04-03,2025-05-17,,2026-07-29T18:55:15
33116193,2025-04-03,2025-09-09,,2026-07-29T18:55:15
33118644,2025-04-04,2025-05-26,,2026-07-29T18:55:15
33122861,2025-04-04,2026-04-03,,2026-07-29T18:55:16
33131156,2025-04-04,2026-04-28,,2026-07-29T18:55:20
33132171,2025-04-04,2025-05-02,,2026-07-29T18:55:20
33132408,2025-04-04,2026-07-01,,2026-07-29T18:55:16
33134438,2025-04-05,2025-10-20,,2026-07-29T18:55:21
33135026,2025-04-05,2026-05-06,,2026-07-29T18:55:18
33135222,2025-04-05,2025-04-17,,2026-07-29T18:55:18
33135405,2025-04-05,2026-08-17,,2026-08-18T04:00:08
33135426,2025-04-05,2026-08-14,,2026-08-16T07:01:24
33135439,2025-04-05,2026-02-19,,2026-07-29T18:55:18
33135441,2025-04-05,2025-07-25,,2026-07-29T18:55:23
33135534,2025-04-05,2025-09-27,,2026-07-29T18:55:19
33135569,2025-04-05,2025-04-05,,2026-07-29T18:55:19
33136088,2025-04-05,2026-06-06,,2026-07-29T18:55:19
33142475,2025-04-05,2025-12-11,,2026-07-29T18:55:19
33143945,2025-04-05,2025-10-19,,2026-07-29T18:55:20
33148124,2025-04-06,2026-07-19,,2026-07-29T18:55:20
33148278,2025-04-06,2025-10-05,,2026-07-29T18:55:21
33153099,2025-04-06,2026-04-07,,2026-07-29T18:55:21
33154255,2025-04-06,2026-07-05,,2026-07-29T18:55:21
33156079,2025-04-06,2026-07-31,,2026-08-02T07:13:28
33157085,2025-04-06,2026-06-17,,2026-07-29T18:55:22
33157669,2025-04-06,2025-09-19,,2026-07-29T18:55:24
33171281,2025-04-07,2025-05-07,,2026-07-29T18:55:22
33173043,2025-04-07,2025-04-09,,2026-07-29T18:55:23
33187599,2025-04-08,2026-07-02,,2026-07-29T18:55:23
33192399,2025-04-08,2025-08-23,,2026-07-29T18:55:23
33192578,2025-04-08,2025-10-05,,2026-07-29T18:55:23
33195177,2025-04-08,2026-08-18,,2026-08-19T07:09:48
33195776,2025-04-09,2026-04-25,,2026-07-29T18:55:26
33195983,2025-04-09,2025-05-02,,2026-07-29T18:55:24
33198700,2025-04-09,2025-12-12,,2026-07-29T18:55:24
33209740,2025-04-09,2025-04-10,,2026-07-29T18:55:26
33216936,2025-04-10,2026-07-28,,2026-07-30T04:00:55
33224494,2025-04-10,2025-11-09,,2026-07-29T18:55:25
33224745,2025-04-10,2025-04-17,,2026-07-29T18:55:25
33230219,2025-04-10,2025-04-12,,2026-07-29T18:55:25
33232881,2025-04-11,2026-02-02,,2026-07-29T18:55:26
33234097,2025-04-11,2025-12-10,,2026-07-29T18:55:26
33242009,2025-04-11,2025-04-27,,2026-07-29T18:55:32
33244084,2025-04-11,2026-07-21,,2026-07-29T18:55:32
33246260,2025-04-11,2025-04-11,,2026-07-29T18:55:33
33248486,2025-04-12,2025-05-11,,2026-07-29T18:55:33
33250826,2025-04-12,2025-06-10,,2026-07-29T18:55:33
33254458,2025-04-12,2025-10-02,,2026-07-29T18:55:33
33254864,2025-04-12,2026-01-20,,2026-07-29T18:55:34
33256382,2025-04-12,2026-08-10,,2026-08-12T07:08:07
33258882,2025-04-12,2026-03-23,,2026-07-29T18:55:34
33259831,2025-04-12,2025-04-20,,2026-07-29T18:55:34
33265004,2025-04-13,2025-05-22,,2026-07-29T18:55:34
33267876,2025-04-13,2025-06-13,,2026-07-29T18:55:35
33268482,2025-04-13,2025-12-17,,2026-07-29T18:55:36
33273218,2025-04-14,2025-08-26,,2026-07-29T18:55:36
33274036,2025-04-14,2026-03-25,,2026-07-29T18:55:37
33277118,2025-04-14,2026-06-26,,2026-07-29T18:55:37
33287694,2025-04-14,2026-04-16,,2026-07-29T18:55:37
33289899,2025-04-14,2025-07-01,,2026-07-29T18:55:37
33290146,2025-04-14,2025-04-14,,2026-07-29T18:55:38
33291222,2025-04-15,2026-08-16,,2026-08-17T04:13:07
33291903,2025-04-15,2026-07-06,,2026-07-29T18:55:38
33292629,2025-04-15,2025-11-27,,2026-07-29T18:55:39
33296071,2025-04-15,2026-07-26,,2026-07-29T18:55:39
33304102,2025-04-15,2026-08-01,,2026-08-03T04:13:33
33309932,2025-04-15,2026-03-20,,2026-07-29T18:55:39
33311551,2025-04-16,2026-08-17,,2026-08-19T04:06:23
33312298,2025-04-16,2026-05-06,,2026-07-29T18:55:40
33312430,2025-04-16,2025-06-21,,2026-07-29T18:55:40
33321618,2025-04-16,2026-04-16,,2026-07-29T18:55:40
33325825,2025-04-16,2025-12-09,,2026-07-29T18:55:41
33326302,2025-04-16,2026-07-15,,2026-07-29T18:55:41
33327064,2025-04-16,2025-04-16,,2026-07-29T18:55:41
33327309,2025-04-16,2025-09-08,,2026-07-29T18:55:42
33328263,2025-04-16,2026-07-31,,2026-08-02T04:21:36
33329238,2025-04-16,2025-10-04,,2026-07-29T18:55:43
33330701,2025-04-17,2025-06-22,,2026-07-29T18:55:43
33331885,2025-04-17,2026-01-26,,2026-07-29T18:55:43
33332247,2025-04-17,2026-07-06,,2026-07-29T18:55:43
33339919,2025-04-17,2025-09-16,,2026-07-29T18:55:43
33341190,2025-04-17,2026-06-29,,2026-07-29T18:55:44
33343448,2025-04-17,2025-04-23,,2026-07-29T18:55:44
33346771,2025-04-17,2025-05-29,,2026-07-29T18:55:44
33348316,2025-04-18,2026-06-10,,2026-07-29T18:55:44
33348804,2025-04-18,2025-04-24,,2026-07-29T18:55:45
33349729,2025-04-18,2025-12-25,,2026-07-29T18:55:45
33355567,2025-04-18,2025-08-03,,2026-07-29T18:55:45
33360908,2025-04-18,2026-01-15,,2026-07-29T18:55:45
33362078,2025-04-18,2026-01-09,,2026-07-29T18:55:45
33368358,2025-04-19,2026-07-28,,2026-07-30T04:25:36
33369958,2025-04-19,2025-08-19,,2026-07-29T18:55:46
33370574,2025-04-19,2026-03-30,,2026-07-29T18:55:46
33373744,2025-04-19,2026-05-13,,2026-07-29T18:55:47
33379763,2025-04-20,2026-05-25,,2026-07-29T18:55:48
33383312,2025-04-20,2025-04-20,,2026-07-29T18:55:48
33383571,2025-04-20,2025-08-26,,2026-07-29T18:55:48
33383747,2025-04-20,2025-10-23,,2026-07-29T18:55:48
33385150,2025-04-21,2025-04-24,,2026-07-29T18:55:48
33385235,2025-04-21,2025-06-24,,2026-07-29T18:55:48
33388233,2025-04-21,2026-02-07,,2026-07-29T18:55:48
33390866,2025-04-21,2025-04-26,,2026-07-29T18:55:48
33391261,2025-04-21,2026-01-18,,2026-07-29T18:55:49
33391498,2025-04-21,2026-02-11,,2026-08-16T10:03:54
33392488,2025-04-21,2025-05-05,,2026-08-17T10:02:59
33395618,2025-04-21,2025-06-13,,2026-07-29T18:55:49
33396275,2025-04-21,2026-07-15,,2026-07-29T18:55:49
33400455,2025-04-21,2025-05-15,,2026-07-29T18:55:50
33400552,2025-04-21,2025-12-30,,2026-07-29T18:55:50
33400794,2025-04-21,2026-07-13,,2026-07-29T18:55:50
33400987,2025-04-21,2026-01-25,,2026-07-29T18:55:50
33402123,2025-04-22,2025-04-27,,2026-07-29T18:55:51
33402534,2025-04-22,2025-04-26,,2026-07-29T18:55:51
33402732,2025-04-22,2026-07-03,,2026-07-29T18:55:51
33402750,2025-04-22,2025-07-08,,2026-07-29T18:55:52
33403677,2025-04-22,2025-05-09,,2026-07-29T18:55:52
33407426,2025-04-22,2026-05-18,,2026-07-29T18:55:53
33412679,2025-04-22,2026-08-20,,2026-08-22T05:10:40
33414057,2025-04-22,2025-08-21,,2026-07-29T18:55:52
33414138,2025-04-22,2026-02-26,,2026-07-29T18:55:53
33414162,2025-04-22,2025-04-22,,2026-07-29T18:55:53
33415262,2025-04-22,2026-03-17,,2026-07-29T18:55:53
33415645,2025-04-22,2025-05-20,,2026-07-29T18:55:53
33418569,2025-04-22,2025-08-04,,2026-07-29T18:55:54
33418759,2025-04-22,2026-03-25,,2026-07-29T18:55:54
33419302,2025-04-22,2025-05-12,,2026-07-29T18:55:54
33419430,2025-04-22,2025-05-22,,2026-07-29T18:55:54
33419553,2025-04-22,2025-09-02,,2026-07-29T18:55:54
33420063,2025-04-22,2026-08-06,,2026-08-08T04:10:32
33420945,2025-04-23,2026-05-04,,2026-07-29T18:55:55
33423848,2025-04-23,2025-04-27,,2026-07-29T18:55:55
33423900,2025-04-23,2025-04-26,,2026-07-29T18:55:55
33424519,2025-04-23,2025-04-23,,2026-07-29T18:55:56
33427710,2025-04-23,2026-07-21,,2026-07-29T18:55:56
33428080,2025-04-23,2025-04-23,,2026-07-29T18:55:56
33430896,2025-04-23,2025-05-03,,2026-07-29T18:55:57
33432776,2025-04-23,2026-05-04,,2026-07-29T18:55:57
33433193,2025-04-23,2025-04-23,,2026-07-29T18:55:57
33433551,2025-04-23,2026-08-24,,2026-08-25T04:07:50
33436282,2025-04-23,2025-04-23,,2026-07-29T18:55:58
33439402,2025-04-23,2025-04-28,,2026-07-29T18:55:58
33439423,2025-04-23,2025-04-28,,2026-07-29T18:55:58
33439626,2025-04-23,2026-08-24,,2026-08-24T13:07:54
33439819,2025-04-23,2026-04-19,,2026-07-29T18:55:59
33439937,2025-04-23,2025-12-09,,2026-07-29T18:55:59
33440571,2025-04-23,2025-04-23,,2026-07-29T18:55:59
33441015,2025-04-24,2025-04-30,,2026-07-29T18:56:00
33441160,2025-04-24,2026-08-09,,2026-08-10T04:14:42
33442079,2025-04-24,2025-09-04,,2026-07-29T18:56:00
33442164,2025-04-24,2025-05-15,,2026-07-29T18:56:01
33443086,2025-04-24,2025-06-12,,2026-07-29T18:56:01
33443088,2025-04-24,2025-09-15,,2026-07-29T18:56:03
33444592,2025-04-24,2025-05-25,,2026-07-29T18:56:04
33446600,2025-04-24,2026-02-10,,2026-07-29T18:56:04
33450532,2025-04-24,2026-08-15,,2026-08-17T04:12:45
33452609,2025-04-24,2026-03-25,,2026-07-29T18:56:04
33452710,2025-04-24,2025-08-01,,2026-07-29T18:56:04
33452993,2025-04-24,2026-03-22,,2026-07-29T18:56:04
33455338,2025-04-24,2026-02-02,,2026-07-29T18:56:05
33455369,2025-04-24,2025-09-29,,2026-07-29T18:56:05
33456204,2025-04-24,2025-05-02,,2026-07-29T18:56:05
33456684,2025-04-24,2026-01-30,,2026-07-29T18:56:06
33457609,2025-04-24,2025-04-24,,2026-07-29T18:56:06
33458211,2025-04-24,2025-10-25,,2026-07-29T18:56:06
33458884,2025-04-24,2026-06-02,,2026-07-29T18:56:06
33459026,2025-04-24,2025-09-02,,2026-07-29T18:56:06
33459786,2025-04-24,2025-04-24,,2026-07-29T18:56:06
33459832,2025-04-24,2025-07-24,,2026-07-29T18:56:07
33459928,2025-04-24,2025-04-25,,2026-07-29T18:56:07
33460661,2025-04-24,2025-04-26,,2026-07-29T18:56:07
33461192,2025-04-25,2026-07-20,,2026-07-29T18:56:07
33461470,2025-04-25,2025-08-04,,2026-07-29T18:56:08
33461683,2025-04-25,2026-08-24,,2026-08-24T23:23:56
33461790,2025-04-25,2025-04-25,,2026-07-29T18:56:08
33461982,2025-04-25,2026-06-29,,2026-07-29T18:56:09
33462496,2025-04-25,2025-04-30,,2026-07-29T18:56:09
33463510,2025-04-25,2025-12-11,,2026-07-29T18:56:09
33464201,2025-04-25,2026-02-25,,2026-07-29T18:56:11
33465034,2025-04-25,2026-03-09,,2026-07-29T18:56:09
33465662,2025-04-25,2025-10-24,,2026-07-29T18:56:09
33467062,2025-04-25,2026-08-19,,2026-08-21T07:05:24
33468404,2025-04-25,2026-02-17,,2026-07-29T18:56:10
33468674,2025-04-25,2025-08-12,,2026-07-29T18:56:10
33470963,2025-04-25,2025-08-19,,2026-07-29T18:56:11
33472015,2025-04-25,2025-04-27,,2026-07-29T18:56:10
33472434,2025-04-25,2025-05-01,,2026-07-29T18:56:11
33473782,2025-04-25,2025-09-22,,2026-07-29T18:56:11
33473870,2025-04-25,2026-03-17,,2026-08-06T18:14:26
33473876,2025-04-25,2026-06-09,,2026-07-29T18:56:11
33474005,2025-04-25,2025-06-13,,2026-07-29T18:56:11
33474164,2025-04-25,2025-07-24,,2026-07-29T18:56:12
33474513,2025-04-25,2025-12-03,,2026-07-29T18:56:12
33475259,2025-04-25,2026-04-27,,2026-08-24T14:56:50
33476682,2025-04-25,2026-05-26,,2026-07-29T18:56:12
33476961,2025-04-25,2026-07-13,,2026-07-29T18:56:12
33477169,2025-04-25,2025-04-25,,2026-07-29T18:56:13
33477689,2025-04-25,2025-04-25,,2026-07-29T18:56:13
33479318,2025-04-25,2025-04-27,,2026-07-29T18:56:13
33479380,2025-04-26,2025-04-26,,2026-07-29T18:56:14
33479462,2025-04-26,2025-09-10,,2026-07-29T18:56:14
33479572,2025-04-26,2025-09-27,,2026-07-29T18:56:14
33479577,2025-04-26,2025-09-15,,2026-07-29T18:56:14
33479592,2025-04-26,2025-05-14,,2026-07-29T18:56:14
33480186,2025-04-26,2025-04-26,,2026-07-29T18:56:15
33480353,2025-04-26,2025-12-21,,2026-07-29T18:56:19
33480361,2025-04-26,2025-07-11,,2026-07-29T18:56:18
33480395,2025-04-26,2026-06-19,,2026-07-29T18:56:18
33480490,2025-04-26,2026-07-21,,2026-07-29T18:56:17
33480661,2025-04-26,2026-07-17,,2026-07-29T18:56:18
33480723,2025-04-26,2025-04-26,,2026-07-29T18:56:19
33480934,2025-04-26,2025-08-01,,2026-07-29T18:56:19
33481030,2025-04-26,2025-10-06,,2026-07-29T18:56:19
33481108,2025-04-26,2026-01-23,,2026-07-29T18:56:19
33481237,2025-04-26,2025-06-27,,2026-07-29T18:56:19
33481387,2025-04-26,2025-04-26,,2026-07-29T18:56:20
33481584,2025-04-26,2025-11-15,,2026-07-29T18:56:20
33481655,2025-04-26,2025-04-26,,2026-07-29T18:56:20
33486682,2025-04-26,2025-10-25,,2026-07-29T18:56:21
33488070,2025-04-26,2025-05-10,,2026-07-29T18:56:21
33490053,2025-04-26,2026-06-07,,2026-08-04T00:14:38
33491121,2025-04-26,2025-09-23,,2026-07-29T18:56:21
33491217,2025-04-26,2026-06-06,,2026-07-29T18:56:22
33493245,2025-04-27,2026-03-21,,2026-07-29T18:56:22
33493539,2025-04-27,2025-04-29,,2026-07-29T18:56:22
33497735,2025-04-27,2026-06-23,,2026-07-29T18:56:22
33503199,2025-04-27,2025-07-26,,2026-07-29T18:56:23
33503260,2025-04-27,2026-08-06,,2026-08-07T07:15:01
33503493,2025-04-27,2026-08-17,,2026-08-19T05:08:03
33504312,2025-04-28,2025-04-28,,2026-07-29T18:56:24
33507131,2025-04-28,2025-12-09,,2026-07-29T18:56:24
33513444,2025-04-28,2026-07-31,,2026-08-02T05:12:04
33517591,2025-04-28,2026-06-22,,2026-07-29T18:56:25
33517853,2025-04-28,2026-03-09,,2026-07-29T18:56:26
33520855,2025-04-28,2026-08-22,,2026-08-24T06:03:24
33521525,2025-04-28,2025-04-28,,2026-07-29T18:56:29
33522333,2025-04-29,2025-06-23,,2026-07-29T18:56:28
33523137,2025-04-29,2026-07-06,,2026-07-29T18:56:33
33532144,2025-04-29,2025-04-30,,2026-07-29T18:56:34
33533304,2025-04-29,2026-04-06,,2026-07-29T18:56:34
33534392,2025-04-29,2025-06-03,,2026-07-29T18:56:34
33535813,2025-04-29,2025-12-24,,2026-07-29T18:56:36
33536022,2025-04-29,2025-05-02,,2026-07-29T18:56:34
33539459,2025-04-29,2025-11-01,,2026-07-29T18:56:35
33539492,2025-04-29,2026-08-21,,2026-08-23T07:09:47
33540935,2025-04-29,2025-10-15,,2026-07-29T18:56:36
33542131,2025-04-30,2025-04-30,,2026-07-29T18:56:37
33542584,2025-04-30,2026-06-02,,2026-07-29T18:56:37
33542821,2025-04-30,2025-05-06,,2026-07-29T18:56:37
33543744,2025-04-30,2025-10-31,,2026-07-29T18:56:37
33547263,2025-04-30,2025-06-16,,2026-07-29T18:56:37
33548049,2025-04-30,2026-06-16,,2026-07-29T18:56:37
33552146,2025-04-30,2025-04-30,,2026-07-29T18:56:38
33554359,2025-04-30,2025-09-20,,2026-07-29T18:56:38
33555691,2025-04-30,2025-08-28,,2026-07-29T18:56:38
33556017,2025-04-30,2025-05-06,,2026-07-29T18:56:38
33557742,2025-04-30,2026-08-12,,2026-08-14T04:24:13
33560157,2025-05-01,2025-12-13,,2026-07-29T18:56:39
33562964,2025-05-01,2026-07-28,,2026-07-30T04:01:15
33565019,2025-05-01,2026-07-13,,2026-07-29T18:56:39
33567166,2025-05-01,2025-05-18,,2026-07-29T18:56:39
33568697,2025-05-01,2025-11-13,,2026-07-29T18:56:39
33569220,2025-05-01,2026-03-08,,2026-07-29T18:56:40
33571647,2025-05-01,2025-05-02,,2026-08-20T08:15:24
33572001,2025-05-01,2026-08-11,,2026-08-13T05:10:58
33579277,2025-05-02,2026-01-06,,2026-07-29T18:56:40
33585255,2025-05-02,2026-06-12,,2026-07-29T18:56:43
33587672,2025-05-02,2025-05-03,,2026-07-29T18:56:42
33591905,2025-05-02,2026-06-02,,2026-07-29T18:56:41
33593579,2025-05-03,2026-08-25,,2026-08-25T03:34:51
33598956,2025-05-03,2025-05-05,,2026-07-29T18:56:41
33601766,2025-05-03,2025-05-22,,2026-07-29T18:56:41
33603704,2025-05-03,2025-10-26,,2026-07-29T18:56:42
33603967,2025-05-03,2026-08-14,,2026-08-15T07:18:32
33604029,2025-05-03,2025-05-22,,2026-07-29T18:56:43
33605218,2025-05-03,2025-10-21,,2026-07-29T18:56:43
33606006,2025-05-04,2026-08-24,,2026-08-24T12:21:02
33606171,2025-05-04,2025-08-10,,2026-07-29T18:56:43
33606288,2025-05-04,2026-01-05,,2026-07-29T18:56:44
33606476,2025-05-04,2026-07-29,,2026-07-30T07:12:26
33612369,2025-05-04,2026-04-01,,2026-07-29T18:56:44
33613237,2025-05-04,2026-07-21,,2026-07-29T18:56:44
33617501,2025-05-05,2026-01-21,,2026-07-29T18:56:44
33617596,2025-05-05,2026-05-28,,2026-07-29T18:56:44
33618438,2025-05-05,2025-06-30,,2026-07-29T18:56:45
33619563,2025-05-05,2026-01-24,,2026-07-29T18:56:46
33630328,2025-05-05,2026-02-02,,2026-07-29T18:56:46
33630453,2025-05-05,2025-10-25,,2026-07-29T18:56:47
33631356,2025-05-05,2025-08-13,,2026-07-29T18:56:47
33633129,2025-05-05,2025-06-18,,2026-07-29T18:56:47
33633838,2025-05-05,2025-05-28,,2026-07-29T18:56:47
33639321,2025-05-06,2025-10-29,,2026-07-29T18:56:47
33639652,2025-05-06,2026-03-30,,2026-07-29T18:56:48
33654621,2025-05-06,2026-02-03,,2026-07-29T18:56:48
33656239,2025-05-06,2025-07-15,,2026-07-29T18:56:48
33665894,2025-05-07,2025-05-14,,2026-07-29T18:56:48
33669068,2025-05-07,2025-08-21,,2026-07-29T18:56:49
33674758,2025-05-07,2025-09-09,,2026-07-29T18:56:49
33676130,2025-05-08,2025-10-06,,2026-07-29T18:56:49
33684485,2025-05-08,2025-07-11,,2026-07-29T18:56:50
33689092,2025-05-08,2026-01-17,,2026-07-29T18:56:50
33692335,2025-05-08,2025-06-29,,2026-07-29T18:56:50
33702906,2025-05-09,2026-06-12,,2026-07-29T18:56:50
33704784,2025-05-09,2026-08-15,,2026-08-16T07:17:06
33705015,2025-05-09,2026-01-28,,2026-07-29T18:56:51
33707325,2025-05-09,2026-05-15,,2026-07-29T18:56:51
33708151,2025-05-09,2025-06-19,,2026-07-29T18:56:51
33708920,2025-05-09,2026-03-25,,2026-07-29T18:56:52
33709695,2025-05-09,2026-07-14,,2026-07-29T18:56:52
33710807,2025-05-10,2025-05-13,,2026-07-29T18:56:52
33710961,2025-05-10,2025-06-10,,2026-07-29T18:56:52
33711497,2025-05-10,2026-04-06,,2026-07-29T18:56:53
33720008,2025-05-10,2025-05-24,,2026-07-29T18:56:53
33721474,2025-05-10,2026-06-06,,2026-07-29T18:56:53
33721655,2025-05-10,2026-07-14,,2026-07-29T18:56:54
33722386,2025-05-11,2025-08-02,,2026-07-29T18:56:54
33722640,2025-05-11,2025-06-04,,2026-07-29T18:56:54
33728492,2025-05-11,2025-05-12,,2026-07-29T18:56:55
33729347,2025-05-11,2025-11-14,,2026-07-29T18:56:55
33730366,2025-05-11,2025-08-23,,2026-07-29T18:56:55
33731891,2025-05-12,2025-05-19,,2026-07-29T18:56:55
33735087,2025-05-12,2026-01-13,,2026-07-29T18:56:55
33735191,2025-05-12,2025-10-28,,2026-07-29T18:56:56
33738701,2025-05-12,2026-05-10,,2026-07-29T18:56:56
33739581,2025-05-12,2025-10-15,,2026-07-29T18:56:56
33750667,2025-05-12,2025-05-14,,2026-07-29T18:56:56
33754680,2025-05-13,2026-07-16,,2026-07-29T18:56:57
33761711,2025-05-13,2025-05-16,,2026-07-29T18:56:57
33763618,2025-05-13,2025-10-08,,2026-07-29T18:56:57
33765339,2025-05-13,2026-07-10,,2026-08-16T10:05:03
33765541,2025-05-13,2025-05-18,,2026-07-29T18:56:58
33766875,2025-05-13,2026-07-07,,2026-07-29T18:56:58
33767653,2025-05-13,2026-06-01,,2026-07-29T18:56:59
33767867,2025-05-13,2026-05-14,,2026-07-29T18:56:59
33768507,2025-05-13,2026-06-23,,2026-07-29T18:56:59
33769315,2025-05-13,2025-07-24,,2026-07-29T18:56:59
33769643,2025-05-13,2026-08-20,,2026-08-22T04:18:17
33770000,2025-05-13,2026-04-29,,2026-07-29T18:57:05
33783087,2025-05-14,2025-11-22,,2026-07-29T18:57:05
33785011,2025-05-14,2025-05-22,,2026-07-29T18:57:06
33790989,2025-05-15,2025-10-26,,2026-07-29T18:57:06
33792266,2025-05-15,2026-02-16,,2026-07-29T18:57:06
33803519,2025-05-15,2026-07-19,,2026-07-29T18:57:07
33805230,2025-05-15,2025-05-15,,2026-07-29T18:57:07
33805389,2025-05-15,2025-09-15,,2026-07-29T18:57:07
33805919,2025-05-15,2025-05-16,,2026-07-29T18:57:07
33805928,2025-05-15,2025-05-15,,2026-07-29T18:57:08
33807399,2025-05-15,2025-07-22,,2026-08-22T08:01:38
33810375,2025-05-16,2025-05-16,,2026-07-29T18:57:08
33834500,2025-05-17,2025-05-28,,2026-07-29T18:57:08
33835314,2025-05-17,2026-08-24,,2026-08-24T23:04:47
33837196,2025-05-17,2025-06-24,,2026-07-29T18:57:09
33839043,2025-05-18,2025-05-18,,2026-07-29T18:57:09
33839544,2025-05-18,2025-11-20,,2026-07-29T18:57:09
33845833,2025-05-18,2026-06-28,,2026-07-29T18:57:09
33847151,2025-05-18,2026-08-18,,2026-08-20T07:07:44
33848619,2025-05-18,2025-08-18,,2026-07-29T18:57:10
33848768,2025-05-19,2026-05-18,,2026-07-29T18:57:10
33854275,2025-05-19,2026-08-22,,2026-08-24T05:05:34
33865365,2025-05-19,2025-06-25,,2026-07-29T18:57:10
33865948,2025-05-19,2026-08-25,,2026-08-25T00:20:17
33867213,2025-05-19,2026-07-21,,2026-07-29T18:57:11
33868300,2025-05-19,2025-06-09,,2026-07-29T18:57:11
33880222,2025-05-20,2026-06-24,,2026-07-29T18:57:11
33881069,2025-05-20,2026-05-20,,2026-07-29T18:57:11
33887051,2025-05-20,2026-01-27,,2026-07-29T18:57:12
33888448,2025-05-20,2025-05-26,,2026-07-29T18:57:12
33889772,2025-05-21,2026-08-23,,2026-08-23T20:33:28
33889949,2025-05-21,2026-01-15,,2026-07-29T18:57:13
33890190,2025-05-21,2025-11-13,,2026-07-29T18:57:13
33891198,2025-05-21,2025-08-27,,2026-07-29T18:57:13
33891328,2025-05-21,2025-07-12,,2026-07-29T18:57:13
33895027,2025-05-21,2026-01-10,,2026-07-29T18:57:14
33898140,2025-05-21,2025-10-19,,2026-07-29T18:57:14
33899301,2025-05-21,2025-06-27,,2026-07-29T18:57:14
33899358,2025-05-21,2025-05-27,,2026-07-29T18:57:15
33899492,2025-05-21,2026-07-09,,2026-07-29T18:57:15
33901198,2025-05-21,2025-05-21,,2026-07-29T18:57:16
33901288,2025-05-21,2026-07-31,,2026-08-02T04:15:54
33902207,2025-05-21,2025-07-29,,2026-07-29T18:57:16
33902573,2025-05-21,2026-03-05,,2026-07-29T18:57:16
33904718,2025-05-21,2025-11-23,,2026-07-29T18:57:17
33906075,2025-05-21,2026-06-05,,2026-07-29T18:57:17
33906828,2025-05-21,2026-08-17,,2026-08-19T04:14:58
33907180,2025-05-21,2026-05-27,,2026-07-29T18:57:17
33907757,2025-05-21,2025-09-04,,2026-07-29T18:57:18
33907843,2025-05-21,2025-05-21,,2026-07-29T18:57:18
33908264,2025-05-21,2025-06-09,,2026-07-29T18:57:18
33910205,2025-05-22,2025-11-04,,2026-07-29T18:57:18
33910504,2025-05-22,2025-10-27,,2026-07-29T18:57:19
33910789,2025-05-22,2025-06-03,,2026-07-29T18:57:19
33911197,2025-05-22,2026-08-03,,2026-08-05T04:20:13
33913149,2025-05-22,2025-08-20,,2026-07-29T18:57:19
33913268,2025-05-22,2025-07-29,,2026-07-29T18:57:19
33922102,2025-05-22,2025-08-18,,2026-07-29T18:57:19
33922945,2025-05-22,2025-05-23,,2026-07-29T18:57:19
33923403,2025-05-22,2025-05-31,,2026-07-29T18:57:20
33923494,2025-05-22,2025-06-10,,2026-07-29T18:57:20
33923758,2025-05-22,2026-05-28,,2026-07-29T18:57:20
33925166,2025-05-22,2025-05-30,,2026-07-29T18:57:20
33925923,2025-05-22,2026-04-20,,2026-07-29T18:57:23
33927000,2025-05-22,2026-06-01,,2026-07-29T18:57:24
33928531,2025-05-22,2025-05-25,,2026-07-29T18:57:24
33930570,2025-05-23,2025-08-22,,2026-07-29T18:57:25
33930957,2025-05-23,2026-06-24,,2026-07-29T18:57:24
33932340,2025-05-23,2025-05-31,,2026-07-29T18:57:25
33936601,2025-05-23,2026-08-23,,2026-08-24T05:07:23
33938039,2025-05-23,2026-05-27,,2026-07-29T18:57:25
33940789,2025-05-23,2026-08-14,,2026-08-16T04:10:11
33942300,2025-05-23,2026-03-26,,2026-07-29T18:57:26
33942561,2025-05-23,2026-06-24,,2026-07-29T18:57:26
33943071,2025-05-23,2025-07-21,,2026-07-29T18:57:26
33943618,2025-05-23,2026-08-14,,2026-08-16T04:17:36
33943814,2025-05-23,2025-07-28,,2026-07-29T18:57:26
33943933,2025-05-23,2025-11-17,,2026-07-29T18:57:26
33944380,2025-05-23,2025-05-24,,2026-07-29T18:57:27
33944524,2025-05-23,2025-07-26,,2026-07-29T18:57:27
33944769,2025-05-23,2026-01-22,,2026-07-29T18:57:27
33944788,2025-05-23,2025-05-28,,2026-08-18T08:01:00
33949037,2025-05-24,2025-09-17,,2026-07-29T18:57:27
33951821,2025-05-24,2025-08-19,,2026-07-29T18:57:27
33953154,2025-05-24,2025-08-25,,2026-07-29T18:57:28
33955554,2025-05-24,2026-05-20,,2026-07-29T18:57:28
33955555,2025-05-24,2025-10-28,,2026-07-29T18:57:28
33955681,2025-05-24,2025-07-03,,2026-07-29T18:57:28
33956206,2025-05-24,2025-09-02,,2026-07-29T18:57:29
33956630,2025-05-24,2026-08-25,,2026-08-25T00:16:51
33956663,2025-05-24,2026-05-04,,2026-07-29T18:57:29
33956798,2025-05-24,2026-04-06,,2026-07-29T18:57:29
33956814,2025-05-24,2026-08-24,,2026-08-24T15:01:47
33956962,2025-05-24,2026-01-27,,2026-07-29T18:57:32
33957266,2025-05-25,2025-06-10,,2026-07-29T18:57:31
33957338,2025-05-25,2025-05-27,,2026-07-29T18:57:32
33957467,2025-05-25,2026-04-03,,2026-07-29T18:57:31
33957725,2025-05-25,2025-12-30,,2026-07-29T18:57:32
33958018,2025-05-25,2025-12-05,,2026-07-31T18:00:14
33958301,2025-05-25,2026-05-18,,2026-07-29T18:57:32
33958431,2025-05-25,2025-06-22,,2026-07-29T18:57:32
33958581,2025-05-25,2026-08-20,,2026-08-22T07:09:04
33958895,2025-05-25,2026-08-02,,2026-08-04T04:15:15
33959119,2025-05-25,2026-04-27,,2026-07-29T18:57:33
33959576,2025-05-25,2026-05-04,,2026-08-21T20:25:23
33961309,2025-05-25,2026-08-18,,2026-08-20T04:17:05
33962212,2025-05-25,2025-07-17,,2026-07-29T18:57:34
33963072,2025-05-25,2025-08-02,,2026-07-29T18:57:34
33963354,2025-05-25,2025-09-09,,2026-07-29T18:57:34
33963572,2025-05-25,2026-06-24,,2026-07-29T18:57:35
33963621,2025-05-25,2025-06-01,,2026-07-29T18:57:35
33964158,2025-05-25,2025-05-26,,2026-07-29T18:57:35
33964425,2025-05-25,2025-08-15,,2026-07-29T18:57:36
33964747,2025-05-25,2025-06-22,,2026-07-29T18:57:36
33964817,2025-05-25,2026-01-17,,2026-07-29T18:57:36
33965376,2025-05-25,2025-08-13,,2026-07-29T18:57:36
33966244,2025-05-25,2026-06-12,,2026-07-29T18:57:37
33966541,2025-05-25,2026-04-22,,2026-07-29T18:57:38
33967181,2025-05-25,2025-10-29,,2026-07-29T18:57:38
33967704,2025-05-26,2026-07-13,,2026-07-29T18:57:38
33967836,2025-05-26,2026-04-15,,2026-07-29T18:57:38
33968199,2025-05-26,2025-05-28,,2026-07-29T18:57:39
33968309,2025-05-26,2025-11-09,,2026-07-29T18:57:39
33968314,2025-05-26,2025-08-11,,2026-07-29T18:57:39
33968339,2025-05-26,2025-05-26,,2026-07-29T18:57:40
33968510,2025-05-26,2026-08-21,,2026-08-23T04:19:18
33968703,2025-05-26,2025-06-28,,2026-07-29T18:57:40
33968957,2025-05-26,2025-05-28,,2026-07-29T18:57:41
33969061,2025-05-26,2026-08-01,,2026-08-02T05:11:44
33969174,2025-05-26,2026-08-01,,2026-08-03T05:04:03
33969458,2025-05-26,2026-08-23,,2026-08-25T04:05:40
33969939,2025-05-26,2026-08-02,,2026-08-03T05:10:09
33970026,2025-05-26,2026-08-24,,2026-08-24T05:22:27
33970381,2025-05-26,2026-08-06,,2026-08-08T05:10:45
33978016,2025-05-26,2025-05-26,,2026-07-29T18:57:41
33979119,2025-05-26,2026-08-01,,2026-08-03T04:11:38
33982165,2025-05-26,2026-08-14,,2026-08-16T04:20:17
33982314,2025-05-26,2025-08-28,,2026-07-29T18:57:42
33982730,2025-05-26,2026-08-20,,2026-08-22T05:10:54
33983278,2025-05-26,2025-07-08,,2026-07-29T18:57:43
33983630,2025-05-26,2026-06-28,,2026-07-29T18:57:43
33984952,2025-05-27,2025-08-27,,2026-07-29T18:57:43
33984971,2025-05-27,2025-05-28,,2026-07-29T18:57:43
33996686,2025-05-27,2025-08-21,,2026-07-29T18:57:44
33997656,2025-05-27,2025-06-25,,2026-07-29T18:57:44
33999675,2025-05-27,2026-08-01,,2026-08-03T05:03:07
34003571,2025-05-27,2026-06-22,,2026-07-29T18:57:44
34004503,2025-05-27,2026-08-20,,2026-08-22T04:15:52
34004533,2025-05-27,2025-11-18,,2026-07-29T18:57:44
34005415,2025-05-28,2026-08-10,,2026-08-12T07:00:06
34006386,2025-05-28,2026-04-15,,2026-07-29T18:57:45
34008277,2025-05-28,2025-08-12,,2026-07-29T18:57:45
34011044,2025-05-28,2026-05-02,,2026-07-29T18:57:45
34012551,2025-05-28,2025-05-28,,2026-07-29T18:57:45
34013540,2025-05-28,2025-11-22,,2026-07-29T18:57:46
34014023,2025-05-28,2026-05-08,,2026-07-29T18:57:46
34016841,2025-05-28,2026-02-12,,2026-07-29T18:57:46
34017285,2025-05-28,2025-10-16,,2026-07-29T18:57:46
34023787,2025-05-28,2025-07-30,,2026-07-29T18:57:46
34036947,2025-05-29,2025-06-25,,2026-07-29T18:57:46
34038962,2025-05-29,2026-08-23,,2026-08-24T04:10:55
34040472,2025-05-29,2026-06-17,,2026-07-29T18:57:47
34041800,2025-05-29,2026-01-27,,2026-07-29T18:57:47
34041885,2025-05-29,2025-06-03,,2026-07-29T18:57:47
34044552,2025-05-29,2025-06-06,,2026-07-29T18:57:47
34044709,2025-05-29,2025-07-31,,2026-07-29T18:57:48
34045507,2025-05-29,2026-08-23,,2026-08-24T05:07:34
34046115,2025-05-29,2026-05-19,,2026-07-29T18:57:48
34060081,2025-05-30,2026-06-06,,2026-07-29T18:57:48
34066284,2025-05-30,2025-10-20,,2026-07-29T18:57:48
34067391,2025-05-31,2026-02-07,,2026-07-29T18:57:49
34077279,2025-05-31,2025-08-20,,2026-07-29T18:57:49
34077825,2025-05-31,2026-08-23,,2026-08-25T04:08:31
34080360,2025-05-31,2026-07-01,,2026-07-29T18:57:49
34081968,2025-06-01,2026-06-05,,2026-07-29T18:57:50
34088049,2025-06-01,2026-02-02,,2026-07-29T18:57:50
34096423,2025-06-02,2026-05-10,,2026-07-29T18:57:50
34099731,2025-06-02,2025-07-27,,2026-07-29T18:57:50
34112451,2025-06-02,2026-08-14,,2026-08-16T05:11:29
34112711,2025-06-02,2026-08-13,,2026-08-15T04:11:33
34113565,2025-06-03,2025-09-19,,2026-07-29T18:57:51
34117557,2025-06-03,2026-08-22,,2026-08-23T07:15:01
34121555,2025-06-03,2026-08-16,,2026-08-18T05:06:49
34126601,2025-06-03,2026-06-16,,2026-07-29T18:57:51
34127100,2025-06-03,2025-07-14,,2026-07-29T18:57:51
34128511,2025-06-03,2025-06-10,,2026-07-29T18:57:52
34129313,2025-06-03,2025-07-05,,2026-07-29T18:57:52
34130112,2025-06-03,2026-07-01,,2026-07-29T18:57:52
34132040,2025-06-03,2025-12-12,,2026-07-29T18:57:52
34132255,2025-06-03,2025-09-09,,2026-07-29T18:57:53
34134067,2025-06-03,2026-01-21,,2026-07-29T18:57:53
34134393,2025-06-03,2025-11-22,,2026-07-29T18:57:53
34135289,2025-06-04,2025-06-07,,2026-07-29T18:57:53
34141721,2025-06-04,2025-08-03,,2026-07-29T18:57:53
34148484,2025-06-04,2026-02-23,,2026-07-29T18:57:53
34148942,2025-06-04,2026-04-27,,2026-07-29T18:57:54
34149612,2025-06-04,2025-10-01,,2026-07-29T18:57:54
34149741,2025-06-04,2025-06-08,,2026-07-29T18:57:54
34149786,2025-06-04,2026-07-19,,2026-07-29T18:57:54
34152150,2025-06-04,2026-06-23,,2026-07-29T18:57:55
34152303,2025-06-04,2026-05-22,,2026-07-29T18:57:55
34153693,2025-06-04,2025-06-04,,2026-07-29T18:57:55
34158124,2025-06-05,2026-07-09,,2026-07-29T18:57:56
34163936,2025-06-05,2026-08-23,,2026-08-25T04:06:48
34166443,2025-06-05,2025-07-09,,2026-07-29T18:57:56
34168127,2025-06-05,2025-11-23,,2026-07-29T18:57:57
34170802,2025-06-05,2026-03-24,,2026-07-29T18:57:57
34172913,2025-06-05,2025-06-05,,2026-07-29T18:57:57
34173145,2025-06-05,2026-08-20,,2026-08-22T04:16:52
34173498,2025-06-05,2026-05-31,,2026-07-29T18:57:58
34188196,2025-06-06,2026-08-24,,2026-08-24T23:58:04
34191190,2025-06-07,2025-06-07,,2026-07-29T18:57:58
34200908,2025-06-07,2026-06-06,,2026-07-29T18:57:58
34204282,2025-06-08,2026-03-10,,2026-07-29T18:57:58
34206789,2025-06-08,2026-06-08,,2026-07-29T18:57:59
34207503,2025-06-08,2026-05-26,,2026-07-29T18:57:59
34209931,2025-06-08,2026-04-13,,2026-07-29T18:57:59
34220391,2025-06-09,2025-12-30,,2026-07-29T18:57:59
34222322,2025-06-09,2025-07-22,,2026-07-29T18:57:59
34240865,2025-06-10,2025-08-27,,2026-07-29T18:58:00
34248224,2025-06-11,2026-02-27,,2026-07-29T18:58:00
34262303,2025-06-11,2025-06-20,,2026-07-29T18:58:00
34262405,2025-06-11,2026-08-24,,2026-08-24T10:50:36
34264203,2025-06-11,2026-08-24,,2026-08-24T16:01:43
34268791,2025-06-12,2026-01-30,,2026-07-29T18:58:01
34273838,2025-06-12,2026-05-28,,2026-07-29T18:58:01
34274741,2025-06-12,2025-07-28,,2026-07-29T18:58:01
34285748,2025-06-12,2025-07-02,,2026-07-29T18:58:01
34286769,2025-06-13,2025-09-29,,2026-07-29T18:58:02
34293308,2025-06-13,2026-06-17,,2026-07-29T18:58:02
34298530,2025-06-13,2026-08-17,,2026-08-19T04:20:08
34300164,2025-06-13,2025-07-27,,2026-07-29T18:58:02
34306705,2025-06-13,2025-07-22,,2026-07-29T18:58:02
34309940,2025-06-14,2025-10-02,,2026-07-29T18:58:02
34319398,2025-06-14,2026-07-02,,2026-07-29T18:58:03
34321068,2025-06-14,2025-06-18,,2026-07-29T18:58:03
34321712,2025-06-14,2025-11-18,,2026-07-29T18:58:03
34322111,2025-06-14,2025-09-08,,2026-07-29T18:58:03
34323285,2025-06-15,2026-08-24,,2026-08-24T01:25:38
34323352,2025-06-15,2025-07-31,,2026-07-29T18:58:04
34325334,2025-06-15,2026-06-16,,2026-07-29T18:58:04
34328292,2025-06-15,2025-11-18,,2026-07-29T18:58:04
34332324,2025-06-15,2026-08-20,,2026-08-21T04:22:15
34336733,2025-06-16,2025-06-17,,2026-07-29T18:58:05
34353839,2025-06-16,2026-04-14,,2026-07-29T18:58:05
34362035,2025-06-16,2026-01-27,,2026-07-29T18:58:05
34363769,2025-06-16,2026-08-21,,2026-08-23T04:17:18
34363981,2025-06-16,2026-07-16,,2026-07-29T18:58:06
34364232,2025-06-16,2026-01-16,,2026-07-29T18:58:06
34384866,2025-06-17,2026-07-02,,2026-07-29T18:58:06
34385908,2025-06-17,2026-08-06,,2026-08-08T04:11:27
34388304,2025-06-17,2026-06-15,,2026-07-29T18:58:06
34391751,2025-06-18,2026-01-07,,2026-07-29T18:58:07
34409064,2025-06-18,2026-07-09,,2026-07-29T18:58:07
34414083,2025-06-19,2025-08-07,,2026-07-29T18:58:07
34414736,2025-06-19,2026-08-18,,2026-08-20T05:10:56
34414980,2025-06-19,2026-05-11,,2026-07-29T18:58:07
34423983,2025-06-19,2026-07-27,,2026-07-29T18:58:07
34428328,2025-06-19,2025-11-21,,2026-07-29T18:58:08
34430211,2025-06-19,2026-06-05,,2026-07-29T18:58:08
34430310,2025-06-19,2025-09-04,,2026-07-29T18:58:08
34431932,2025-06-19,2026-08-19,,2026-08-20T04:18:27
34432652,2025-06-19,2026-03-05,,2026-07-29T18:58:08
34432929,2025-06-19,2026-07-23,,2026-07-29T18:58:09
34433475,2025-06-20,2026-01-09,,2026-07-29T18:58:09
34436060,2025-06-20,2026-07-15,,2026-07-29T18:58:09
34436275,2025-06-20,2026-02-20,,2026-07-29T18:58:09
34436655,2025-06-20,2025-09-30,,2026-07-29T18:58:10
34440853,2025-06-20,2026-06-25,,2026-07-29T18:58:10
34441164,2025-06-20,2025-11-20,,2026-07-29T18:58:10
34441630,2025-06-20,2025-10-10,,2026-07-29T18:58:11
34443005,2025-06-20,2025-08-07,,2026-07-29T18:58:11
34443210,2025-06-20,2026-07-15,,2026-07-29T18:58:11
34447613,2025-06-20,2025-06-30,,2026-07-29T18:58:11
34447826,2025-06-20,2026-07-08,,2026-07-29T18:58:11
34449118,2025-06-21,2026-03-23,,2026-07-29T18:58:12
34449554,2025-06-21,2026-05-25,,2026-08-24T07:28:06
34449728,2025-06-21,2025-06-21,,2026-07-29T18:58:12
34453414,2025-06-21,2026-08-21,,2026-08-22T17:00:28
34453541,2025-06-21,2026-02-12,,2026-07-29T18:58:12
34455317,2025-06-21,2025-06-24,,2026-07-29T18:58:12
34457592,2025-06-21,2025-08-26,,2026-07-29T18:58:13
34458253,2025-06-21,2026-08-05,,2026-08-07T07:08:54
34458464,2025-06-21,2026-08-22,,2026-08-24T05:06:12
34459275,2025-06-21,2026-07-13,,2026-07-29T18:58:13
34460379,2025-06-21,2026-08-17,,2026-08-19T07:08:11
34461182,2025-06-21,2026-08-08,,2026-08-09T04:22:32
34461234,2025-06-21,2025-08-03,,2026-07-29T18:58:14
34462609,2025-06-22,2025-07-02,,2026-07-29T18:58:14
34464991,2025-06-22,2025-07-25,,2026-07-29T18:58:14
34465078,2025-06-22,2025-08-21,,2026-07-29T18:58:14
34466774,2025-06-22,2026-08-02,,2026-08-04T05:03:51
34467335,2025-06-22,2025-06-28,,2026-07-29T18:58:15
34467416,2025-06-22,2026-07-29,,2026-07-31T07:10:21
34468011,2025-06-22,2026-02-28,,2026-07-29T18:58:15
34471397,2025-06-22,2026-05-03,,2026-08-22T19:58:04
34472268,2025-06-23,2026-08-21,,2026-08-23T04:23:21
34483204,2025-06-23,2026-08-19,,2026-08-21T04:17:19
34484134,2025-06-23,2026-03-03,,2026-07-29T18:58:16
34486637,2025-06-23,2026-07-23,,2026-07-29T18:58:16
34487655,2025-06-23,2026-06-10,,2026-07-29T18:58:16
34488014,2025-06-23,2025-06-23,,2026-07-29T18:58:16
34488998,2025-06-23,2026-05-07,,2026-07-29T18:58:17
34490060,2025-06-23,2025-09-24,,2026-07-29T18:58:17
34491523,2025-06-24,2026-01-14,,2026-07-29T18:58:17
34491889,2025-06-24,2026-08-19,,2026-08-20T07:14:37
34492323,2025-06-24,2026-03-01,,2026-07-29T18:58:17
34492646,2025-06-24,2026-08-18,,2026-08-20T05:05:59
34493901,2025-06-24,2026-06-11,,2026-07-29T18:58:18
34497865,2025-06-24,2026-08-24,,2026-08-24T14:51:42
34499481,2025-06-24,2026-03-27,,2026-07-29T18:58:18
34501710,2025-06-24,2026-03-31,,2026-07-29T18:58:19
34502372,2025-06-24,2025-08-14,,2026-07-29T18:58:19
34503285,2025-06-24,2025-08-16,,2026-07-29T18:58:19
34503936,2025-06-24,2026-05-13,,2026-07-29T18:58:19
34505240,2025-06-24,2026-06-13,,2026-07-29T18:58:19
34505691,2025-06-24,2026-03-24,,2026-07-29T18:58:20
34505893,2025-06-24,2025-09-09,,2026-07-29T18:58:20
34506246,2025-06-24,2025-06-28,,2026-07-29T18:58:20
34506318,2025-06-24,2026-08-17,,2026-08-19T07:11:06
34506986,2025-06-24,2025-06-24,,2026-07-29T18:58:20
34508360,2025-06-24,2026-03-13,,2026-07-29T18:58:20
34508846,2025-06-24,2026-04-27,,2026-07-29T18:58:21
34508910,2025-06-24,2026-08-24,,2026-08-24T22:17:33
34509009,2025-06-24,2026-01-15,,2026-07-29T18:58:21
34509011,2025-06-24,2026-08-07,,2026-08-09T04:20:03
34512204,2025-06-25,2025-07-18,,2026-07-29T18:58:21
34512346,2025-06-25,2026-05-11,,2026-07-29T18:58:22
34512994,2025-06-25,2025-08-14,,2026-07-29T18:58:22
34514882,2025-06-25,2025-12-09,,2026-07-29T18:58:22
34515997,2025-06-25,2026-08-11,,2026-08-13T07:13:08
34516104,2025-06-25,2025-07-23,,2026-07-29T18:58:22
34519044,2025-06-25,2025-11-09,,2026-07-29T18:58:23
34520554,2025-06-25,2025-08-15,,2026-07-29T18:58:23
34521139,2025-06-25,2026-04-01,,2026-07-29T18:58:23
34521973,2025-06-25,2026-08-04,,2026-08-05T05:04:58
34523354,2025-06-25,2026-05-26,,2026-07-29T18:58:23
34525791,2025-06-25,2025-06-25,,2026-07-29T18:58:24
34526004,2025-06-25,2025-08-22,,2026-07-29T18:58:24
34526603,2025-06-25,2025-09-18,,2026-07-29T18:58:24
34526921,2025-06-25,2025-09-02,,2026-07-29T18:58:24
34527712,2025-06-25,2026-06-20,,2026-07-29T18:58:25
34527784,2025-06-25,2025-08-18,,2026-07-29T18:58:25
34527944,2025-06-25,2025-12-08,,2026-07-29T18:58:25
34527996,2025-06-25,2026-08-18,,2026-08-19T06:00:59
34528705,2025-06-25,2026-01-06,,2026-07-29T18:58:25
34528724,2025-06-25,2026-06-30,,2026-07-29T18:58:26
34528749,2025-06-25,2026-08-06,,2026-08-08T04:10:35
34528928,2025-06-25,2026-04-30,,2026-07-29T18:58:26
34529005,2025-06-25,2025-06-26,,2026-07-29T18:58:26
34531184,2025-06-26,2026-04-14,,2026-07-29T18:58:26
34531200,2025-06-26,2025-06-26,,2026-07-29T18:58:26
34531650,2025-06-26,2026-06-23,,2026-07-29T18:58:27
34531763,2025-06-26,2026-06-03,,2026-07-29T18:58:27
34533021,2025-06-26,2025-06-28,,2026-07-29T18:58:27
34534373,2025-06-26,2026-03-10,,2026-07-29T18:58:27
34534407,2025-06-26,2025-10-16,,2026-07-29T18:58:28
34538765,2025-06-26,2025-11-05,,2026-07-29T18:58:28
34544598,2025-06-26,2025-06-26,,2026-07-29T18:58:28
34544891,2025-06-26,2026-01-10,,2026-07-29T18:58:28
34544998,2025-06-26,2025-11-14,,2026-07-29T18:58:28
34546778,2025-06-26,2025-06-26,,2026-07-29T18:58:29
34550364,2025-06-27,2025-08-27,,2026-07-29T18:58:29
34550956,2025-06-27,2025-09-14,,2026-07-29T18:58:29
34553371,2025-06-27,2025-10-14,,2026-07-29T18:58:29
34557123,2025-06-27,2025-07-30,,2026-07-29T18:58:30
34557469,2025-06-27,2026-02-06,,2026-07-29T18:58:30
34558717,2025-06-27,2026-04-01,,2026-07-29T18:58:30
34560215,2025-06-27,2025-07-14,,2026-07-29T18:58:30
34562870,2025-06-27,2025-12-15,,2026-07-29T18:58:30
34562890,2025-06-27,2026-01-10,,2026-07-29T18:58:31
34565264,2025-06-28,2025-08-03,,2026-07-29T18:58:31
34567740,2025-06-28,2026-04-14,,2026-07-29T18:58:31
34569964,2025-06-28,2026-08-09,,2026-08-11T04:12:55
34571959,2025-06-28,2025-08-29,,2026-07-29T18:58:31
34575162,2025-06-28,2026-05-14,,2026-07-29T18:58:31
34576995,2025-06-28,2025-10-16,,2026-07-29T18:58:32
34577197,2025-06-28,2026-08-04,,2026-08-06T07:10:14
34577946,2025-06-29,2026-08-20,,2026-08-22T04:22:36
34581554,2025-06-29,2025-07-28,,2026-07-29T18:58:33
34581680,2025-06-29,2026-07-09,,2026-07-29T18:58:33
34582057,2025-06-29,2025-06-29,,2026-07-29T18:58:33
34582250,2025-06-29,2026-04-16,,2026-07-29T18:58:34
34582621,2025-06-29,2025-11-09,,2026-07-29T18:58:33
34582794,2025-06-29,2025-12-31,,2026-07-29T18:58:34
34583591,2025-06-29,2025-07-03,,2026-07-29T18:58:34
34583626,2025-06-29,2025-07-09,,2026-07-29T18:58:35
34585074,2025-06-29,2026-06-24,,2026-07-29T18:58:35
34585318,2025-06-29,2025-12-17,,2026-07-29T18:58:35
34585413,2025-06-29,2026-04-02,,2026-07-29T18:58:35
34586226,2025-06-29,2026-06-10,,2026-07-29T18:58:35
34586733,2025-06-29,2025-09-24,,2026-07-29T18:58:35
34588250,2025-06-30,2025-06-30,,2026-07-29T18:58:35
34590717,2025-06-30,2025-11-25,,2026-07-29T18:58:36
34592641,2025-06-30,2026-08-19,,2026-08-21T04:18:33
34594650,2025-06-30,2026-06-13,,2026-07-29T18:58:41
34595164,2025-06-30,2026-04-06,,2026-07-29T18:58:41
34598654,2025-06-30,2025-06-30,,2026-07-29T18:58:41
34600233,2025-06-30,2025-09-19,,2026-07-29T18:58:42
34600763,2025-06-30,2026-08-24,,2026-08-24T19:17:37
34600970,2025-06-30,2026-07-27,,2026-07-29T18:58:42
34601173,2025-06-30,2025-06-30,,2026-07-29T18:58:42
34601892,2025-06-30,2025-09-27,,2026-07-29T18:58:43
34602283,2025-06-30,2025-07-09,,2026-07-29T18:58:43
34603249,2025-06-30,2026-01-07,,2026-07-29T18:58:43
34604544,2025-06-30,2026-01-31,,2026-07-29T18:58:43
34607887,2025-07-01,2026-07-28,,2026-07-29T18:58:44
34617541,2025-07-01,2026-08-10,,2026-08-11T04:14:01
34622824,2025-07-01,2026-08-14,,2026-08-16T07:03:00
34623075,2025-07-01,2026-08-06,,2026-08-08T04:07:59
34623799,2025-07-01,2026-01-28,,2026-07-29T18:58:44
34624079,2025-07-01,2026-01-06,,2026-07-29T18:58:44
34624684,2025-07-02,2026-02-26,,2026-07-29T18:58:45
34630041,2025-07-02,2025-09-16,,2026-07-29T18:58:45
34635601,2025-07-02,2026-07-09,,2026-07-29T18:58:45
34636861,2025-07-02,2025-10-08,,2026-07-29T18:58:45
34639678,2025-07-02,2026-03-27,,2026-07-29T18:58:45
34641262,2025-07-02,2025-10-10,,2026-07-29T18:58:45
34649615,2025-07-03,2025-07-03,,2026-07-29T18:58:46
34651806,2025-07-03,2025-08-03,,2026-07-29T18:58:46
34655640,2025-07-03,2025-09-06,,2026-07-29T18:58:46
34656191,2025-07-03,2025-09-29,,2026-07-29T18:58:46
34656350,2025-07-03,2026-01-24,,2026-07-29T18:58:47
34656360,2025-07-03,2025-10-03,,2026-07-29T18:58:47
34658570,2025-07-03,2025-08-10,,2026-07-29T18:58:47
34660659,2025-07-04,2025-08-09,,2026-07-29T18:58:48
34672293,2025-07-04,2026-05-04,,2026-07-29T18:58:48
34672690,2025-07-04,2025-07-24,,2026-07-29T18:58:48
34673062,2025-07-04,2026-02-20,,2026-07-29T18:58:48
34678480,2025-07-05,2025-09-14,,2026-07-29T18:58:48
34678762,2025-07-05,2025-08-12,,2026-07-29T18:58:48
34681081,2025-07-05,2025-08-14,,2026-07-29T18:58:49
34682639,2025-07-05,2025-07-21,,2026-07-29T18:58:49
34683051,2025-07-05,2026-05-29,,2026-07-29T18:58:49
34683816,2025-07-05,2025-10-29,,2026-07-29T18:58:49
34684206,2025-07-05,2026-08-12,,2026-08-14T06:04:07
34684329,2025-07-05,2025-10-04,,2026-07-29T18:58:50
34685029,2025-07-05,2026-06-15,,2026-07-29T18:58:50
34685962,2025-07-06,2025-07-06,,2026-07-29T18:58:51
34686440,2025-07-06,2026-08-20,,2026-08-22T04:15:15
34691879,2025-07-06,2026-05-26,,2026-07-29T18:58:51
34691902,2025-07-06,2026-03-19,,2026-07-29T18:58:51
34692460,2025-07-06,2025-07-31,,2026-07-29T18:58:51
34695082,2025-07-06,2025-12-05,,2026-07-29T18:58:52
34695415,2025-07-06,2026-01-11,,2026-07-29T18:58:52
34697413,2025-07-07,2026-08-16,,2026-08-17T04:14:44
34703995,2025-07-07,2026-08-09,,2026-08-11T04:07:13
34707984,2025-07-07,2026-08-17,,2026-08-19T04:15:54
34708521,2025-07-07,2025-07-15,,2026-07-29T18:58:53
34710043,2025-07-07,2025-12-01,,2026-07-29T18:58:53
34710993,2025-07-07,2026-06-27,,2026-07-29T18:58:53
34712756,2025-07-07,2026-03-11,,2026-07-29T18:58:54
34713037,2025-07-07,2025-11-11,,2026-07-29T18:58:54
34714650,2025-07-08,2026-08-19,,2026-08-21T04:18:15
34715678,2025-07-08,2026-08-03,,2026-08-05T07:01:10
34716168,2025-07-08,2025-07-13,,2026-07-29T18:58:55
34716228,2025-07-08,2026-03-08,,2026-07-29T18:58:55
34716920,2025-07-08,2025-07-12,,2026-07-29T18:58:55
34721835,2025-07-08,2025-08-18,,2026-07-29T18:58:55
34721905,2025-07-08,2026-07-23,,2026-07-29T18:58:55
34727263,2025-07-08,2026-02-16,,2026-07-29T18:58:56
34729524,2025-07-08,2026-01-26,,2026-07-29T18:58:56
34731907,2025-07-08,2026-08-25,,2026-08-25T05:27:21
34733610,2025-07-08,2025-09-02,,2026-07-29T18:58:56
34734391,2025-07-08,2026-06-29,,2026-08-16T10:03:15
34735853,2025-07-09,2026-01-13,,2026-07-29T18:58:57
34736187,2025-07-09,2025-11-12,,2026-07-29T18:58:57
34736237,2025-07-09,2025-10-28,,2026-07-29T18:58:57
34736759,2025-07-09,2026-05-20,,2026-07-29T18:58:58
34736924,2025-07-09,2025-08-03,,2026-07-29T18:58:58
34746848,2025-07-09,2026-01-05,,2026-07-29T18:58:58
34746948,2025-07-09,2025-07-29,,2026-08-16T10:03:15
34750018,2025-07-09,2025-10-09,,2026-07-29T18:58:58
34750824,2025-07-09,2025-11-10,,2026-07-29T18:58:58
34752218,2025-07-09,2026-07-03,,2026-07-29T18:58:59
34752626,2025-07-09,2026-07-15,,2026-08-16T10:03:15
34753430,2025-07-09,2025-12-02,,2026-07-29T18:58:59
34768992,2025-07-10,2026-06-21,,2026-07-29T18:58:59
34770042,2025-07-10,2026-05-01,,2026-07-29T18:59:00
34771870,2025-07-10,2025-08-02,,2026-07-29T18:59:00
34772667,2025-07-10,2026-08-03,,2026-08-05T06:02:06
34772815,2025-07-10,2026-08-20,,2026-08-22T04:10:41
34773399,2025-07-11,2025-09-27,,2026-07-29T18:59:00
34779963,2025-07-11,2026-08-24,,2026-08-24T16:32:11
34789243,2025-07-11,2025-09-16,,2026-07-29T18:59:01
34790292,2025-07-12,2026-06-17,,2026-07-29T18:59:01
34796224,2025-07-12,2026-08-02,,2026-08-04T07:07:48
34797951,2025-07-12,2026-04-16,,2026-07-29T18:59:02
34801067,2025-07-12,2025-12-02,,2026-07-29T18:59:02
34801408,2025-07-12,2025-12-21,,2026-07-29T18:59:03
34803785,2025-07-13,2025-07-19,,2026-07-29T18:59:03
34804017,2025-07-13,2025-10-24,,2026-07-29T18:59:04
34804244,2025-07-13,2025-09-05,,2026-07-29T18:59:04
34809039,2025-07-13,2026-08-24,,2026-08-25T05:07:06
34811459,2025-07-13,2026-01-21,,2026-07-29T18:59:04
34812563,2025-07-13,2026-07-31,,2026-08-02T04:18:24
34812916,2025-07-13,2025-08-03,,2026-07-29T18:59:05
34814054,2025-07-13,2026-04-08,,2026-07-29T18:59:05
34819195,2025-07-14,2025-07-15,,2026-07-29T18:59:05
34823208,2025-07-14,2025-12-29,,2026-07-29T18:59:05
34825818,2025-07-14,2025-08-15,,2026-07-29T18:59:06
34833406,2025-07-15,2026-08-12,,2026-08-13T05:12:54
34835222,2025-07-15,2025-07-15,,2026-07-29T18:59:06
34835810,2025-07-15,2025-12-19,,2026-07-29T18:59:06
34839362,2025-07-15,2025-11-06,,2026-07-29T18:59:07
34844948,2025-07-15,2025-08-10,,2026-07-29T18:59:07
34845962,2025-07-15,2025-07-29,,2026-07-29T18:59:07
34847882,2025-07-15,2026-08-19,,2026-08-21T06:03:42
34848590,2025-07-15,2026-08-14,,2026-08-15T05:10:02
34852156,2025-07-15,2025-09-12,,2026-07-29T18:59:09
34852388,2025-07-15,2025-10-27,,2026-07-29T18:59:08
34852404,2025-07-15,2026-06-12,,2026-07-29T18:59:08
34854674,2025-07-16,2025-12-09,,2026-07-29T18:59:09
34858042,2025-07-16,2026-05-15,,2026-07-29T18:59:09
34860556,2025-07-16,2025-07-16,,2026-07-29T18:59:09
34870647,2025-07-16,2025-09-23,,2026-07-29T18:59:09
34872545,2025-07-16,2025-07-28,,2026-07-29T18:59:10
34873118,2025-07-16,2025-08-15,,2026-07-29T18:59:10
34873464,2025-07-16,2026-08-22,,2026-08-23T04:23:25
34874245,2025-07-17,2025-07-18,,2026-07-29T18:59:10
34874644,2025-07-17,2025-07-27,,2026-07-29T18:59:11
34876225,2025-07-17,2026-05-07,,2026-07-29T18:59:11
34876412,2025-07-17,2026-04-03,,2026-07-29T18:59:11
34883900,2025-07-17,2025-07-23,,2026-07-29T18:59:11
34884633,2025-07-17,2025-07-23,,2026-07-29T18:59:11
34891190,2025-07-17,2026-03-09,,2026-07-29T18:59:12
34893229,2025-07-17,2026-05-08,,2026-07-29T18:59:12
34895693,2025-07-17,2026-01-24,,2026-07-29T18:59:12
34896315,2025-07-17,2026-08-01,,2026-08-03T07:02:00
34897025,2025-07-18,2025-10-10,,2026-07-29T18:59:13
34898231,2025-07-18,2025-08-20,,2026-07-29T18:59:13
34904262,2025-07-18,2025-11-07,,2026-07-29T18:59:15
34907513,2025-07-18,2026-08-07,,2026-08-09T04:20:03
34908912,2025-07-18,2026-02-24,,2026-07-29T18:59:14
34910187,2025-07-18,2025-10-06,,2026-07-29T18:59:15
34912350,2025-07-18,2025-08-04,,2026-07-29T18:59:14
34912907,2025-07-18,2026-03-05,,2026-07-29T18:59:15
34913376,2025-07-18,2026-05-26,,2026-07-29T18:59:15
34914133,2025-07-18,2026-03-29,,2026-07-29T18:59:15
34915586,2025-07-19,2026-04-27,,2026-07-29T18:59:15
34915885,2025-07-19,2025-12-11,,2026-07-29T18:59:16
34917644,2025-07-19,2026-01-04,,2026-07-29T18:59:16
34924798,2025-07-19,2026-01-18,,2026-07-29T18:59:17
34927136,2025-07-19,2026-08-06,,2026-08-07T05:10:05
34927640,2025-07-19,2026-06-29,,2026-07-29T18:59:17
34927689,2025-07-19,2026-05-20,,2026-07-29T18:59:17
34929728,2025-07-20,2026-07-15,,2026-07-29T18:59:17
34932701,2025-07-20,2026-06-05,,2026-07-29T18:59:17
34933858,2025-07-20,2025-07-20,,2026-07-29T18:59:18
34934802,2025-07-20,2026-01-23,,2026-07-29T18:59:18
34935475,2025-07-20,2026-08-17,,2026-08-19T05:03:56
34937022,2025-07-20,2025-07-21,,2026-07-29T18:59:18
34937187,2025-07-20,2026-08-11,,2026-08-12T07:16:54
34939573,2025-07-20,2026-05-28,,2026-07-29T18:59:19
34941040,2025-07-21,2025-10-14,,2026-07-29T18:59:19
34942383,2025-07-21,2026-08-25,,2026-08-25T00:34:53
34945149,2025-07-21,2025-10-17,,2026-07-29T18:59:19
34949207,2025-07-21,2025-07-21,,2026-07-29T18:59:19
34954130,2025-07-21,2025-08-05,,2026-08-11T14:56:29
34955355,2025-07-21,2025-08-15,,2026-07-29T18:59:20
34955488,2025-07-21,2026-01-03,,2026-07-29T18:59:20
34957077,2025-07-21,2026-08-20,,2026-08-22T04:09:34
34957346,2025-07-21,2025-08-11,,2026-07-29T18:59:20
34958074,2025-07-21,2025-12-07,,2026-07-29T18:59:20
34958977,2025-07-21,2026-08-20,,2026-08-22T04:13:35
34959235,2025-07-21,2025-08-23,,2026-07-29T18:59:21
34959544,2025-07-21,2026-03-25,,2026-07-29T18:59:21
34959742,2025-07-21,2025-12-04,,2026-07-29T18:59:21
34959818,2025-07-21,2026-02-09,,2026-07-29T18:59:21
34959946,2025-07-21,2026-08-01,,2026-08-03T04:13:03
34960238,2025-07-21,2026-01-28,,2026-07-29T18:59:22
34960674,2025-07-21,2025-08-14,,2026-07-29T18:59:22
34960825,2025-07-21,2025-07-22,,2026-07-29T18:59:22
34961291,2025-07-22,2025-08-12,,2026-07-29T18:59:23
34963059,2025-07-22,2026-07-31,,2026-08-02T04:11:56
34963337,2025-07-22,2026-06-06,,2026-07-29T18:59:23
34965648,2025-07-22,2025-08-07,,2026-07-29T18:59:23
34966097,2025-07-22,2025-08-19,,2026-07-29T18:59:23
34969679,2025-07-22,2025-09-04,,2026-07-29T18:59:24
34972571,2025-07-22,2026-04-21,,2026-07-29T18:59:24
34975331,2025-07-22,2026-05-26,,2026-07-29T18:59:24
34975884,2025-07-22,2025-10-27,,2026-07-29T18:59:24
34976585,2025-07-22,2026-06-17,,2026-07-29T18:59:24
34977420,2025-07-22,2026-07-26,,2026-07-29T18:59:25
34978095,2025-07-22,2025-07-22,,2026-07-29T18:59:25
34978347,2025-07-22,2025-07-22,,2026-07-29T18:59:25
34979074,2025-07-22,2026-05-01,,2026-07-29T18:59:26
34979099,2025-07-22,2025-07-24,,2026-07-29T18:59:26
34979562,2025-07-22,2026-08-24,,2026-08-24T07:24:17
34980217,2025-07-22,2025-09-16,,2026-07-29T18:59:26
34980841,2025-07-22,2026-03-12,,2026-07-29T18:59:27
34981324,2025-07-22,2025-07-22,,2026-07-29T18:59:27
34982214,2025-07-23,2026-08-24,,2026-08-24T23:14:43
34982246,2025-07-23,2025-08-01,,2026-07-29T18:59:27
34986211,2025-07-23,2026-08-19,,2026-08-21T07:13:45
34991143,2025-07-23,2025-08-26,,2026-07-29T18:59:28
34994876,2025-07-23,2026-05-21,,2026-07-29T18:59:28
34996497,2025-07-23,2025-10-16,,2026-07-29T18:59:28
34996575,2025-07-23,2026-08-08,,2026-08-09T05:11:35
34996845,2025-07-23,2026-03-21,,2026-07-29T18:59:29
34996857,2025-07-23,2025-11-19,,2026-07-29T18:59:29
34997941,2025-07-23,2026-06-02,,2026-07-29T18:59:29
35000030,2025-07-23,2025-07-31,,2026-07-29T18:59:31
35000031,2025-07-23,2026-08-15,,2026-08-17T05:05:12
35000195,2025-07-23,2025-07-30,,2026-07-29T18:59:30
35000549,2025-07-23,2025-08-20,,2026-07-29T18:59:30
35002246,2025-07-24,2025-10-08,,2026-07-29T18:59:33
35002706,2025-07-24,2026-07-23,,2026-07-29T18:59:31
35003009,2025-07-24,2025-07-24,,2026-07-29T18:59:31
35004186,2025-07-24,2025-08-02,,2026-07-29T18:59:31
35004378,2025-07-24,2026-02-02,,2026-07-29T18:59:34
35005385,2025-07-24,2026-02-18,,2026-07-29T18:59:32
35010896,2025-07-24,2026-06-26,,2026-07-29T18:59:34
35013167,2025-07-24,2025-09-29,,2026-07-29T18:59:32
35013175,2025-07-24,2026-08-20,,2026-08-21T04:23:31
35013385,2025-07-24,2026-03-30,,2026-07-29T18:59:34
35013881,2025-07-24,2025-10-05,,2026-07-29T18:59:34
35014586,2025-07-24,2026-08-25,,2026-08-25T00:40:50
35016576,2025-07-24,2026-08-23,,2026-08-25T05:04:27
35018890,2025-07-24,2025-08-31,,2026-07-29T18:59:34
35019113,2025-07-24,2025-08-22,,2026-07-29T18:59:34
35021140,2025-07-24,2025-09-14,,2026-07-29T18:59:34
35021819,2025-07-25,2025-09-09,,2026-07-29T18:59:35
35021924,2025-07-25,2025-08-01,,2026-07-29T18:59:35
35022030,2025-07-25,2025-11-19,,2026-07-29T18:59:35
35022277,2025-07-25,2026-08-04,,2026-08-06T05:09:59
35022877,2025-07-25,2025-10-13,,2026-07-29T18:59:36
35023339,2025-07-25,2026-07-08,,2026-07-29T18:59:36
35023501,2025-07-25,2026-04-20,,2026-07-29T18:59:36
35023701,2025-07-25,2026-02-11,,2026-07-29T18:59:36
35023958,2025-07-25,2025-10-18,,2026-07-29T18:59:36
35029241,2025-07-25,2025-10-10,,2026-07-29T18:59:37
35029412,2025-07-25,2026-07-08,,2026-07-29T18:59:37
35030535,2025-07-25,2026-08-11,,2026-08-13T07:12:36
35031582,2025-07-25,2026-04-26,,2026-07-29T18:59:37
35031997,2025-07-25,2026-02-28,,2026-07-29T18:59:38
35032581,2025-07-25,2026-03-27,,2026-07-29T18:59:38
35033068,2025-07-25,2026-04-20,,2026-07-29T18:59:38
35034188,2025-07-25,2025-09-05,,2026-07-29T18:59:38
35034499,2025-07-25,2025-08-03,,2026-07-29T18:59:38
35035572,2025-07-25,2025-08-17,,2026-07-29T18:59:38
35035853,2025-07-25,2025-09-08,,2026-07-29T18:59:39
35036407,2025-07-25,2026-04-26,,2026-07-29T18:59:39
35037577,2025-07-25,2025-09-04,,2026-07-29T18:59:39
35037768,2025-07-25,2026-08-24,,2026-08-24T09:56:27
35037833,2025-07-25,2025-07-25,,2026-07-29T18:59:39
35037848,2025-07-25,2026-08-04,,2026-08-05T07:14:44
35038092,2025-07-25,2025-08-25,,2026-07-29T18:59:40
35038523,2025-07-25,2026-08-22,,2026-08-23T05:12:57
35038785,2025-07-25,2025-09-19,,2026-07-29T18:59:40
35038949,2025-07-25,2025-12-03,,2026-07-29T18:59:41
35039220,2025-07-26,2026-08-11,,2026-08-13T06:03:15
35039278,2025-07-26,2025-12-12,,2026-07-29T18:59:41
35039333,2025-07-26,2025-10-23,,2026-08-18T22:34:40
35039904,2025-07-26,2026-07-15,,2026-07-29T18:59:42
35040030,2025-07-26,2026-08-22,,2026-08-23T04:23:37
35040540,2025-07-26,2026-02-02,,2026-07-29T18:59:42
35040671,2025-07-26,2026-08-11,,2026-08-13T04:21:41
35040774,2025-07-26,2025-08-19,,2026-07-29T18:59:43
35041735,2025-07-26,2026-03-11,,2026-07-29T18:59:43
35042873,2025-07-26,2025-07-28,,2026-07-29T18:59:43
35045954,2025-07-26,2026-04-03,,2026-07-29T18:59:43
35047001,2025-07-26,2025-07-30,,2026-07-29T18:59:43
35047853,2025-07-26,2025-10-01,,2026-07-29T18:59:43
35049343,2025-07-26,2026-01-08,,2026-07-29T18:59:44
35049476,2025-07-26,2025-08-03,,2026-07-29T18:59:44
35050275,2025-07-26,2026-07-03,,2026-07-29T18:59:44
35050601,2025-07-26,2025-11-17,,2026-07-29T18:59:44
35051347,2025-07-26,2026-08-13,,2026-08-15T07:08:34
35051459,2025-07-26,2025-09-28,,2026-07-29T18:59:45
35051871,2025-07-26,2025-07-30,,2026-07-29T18:59:45
35052657,2025-07-27,2025-08-17,,2026-07-29T18:59:46
35053490,2025-07-27,2025-09-30,,2026-07-29T18:59:46
35058021,2025-07-27,2026-07-16,,2026-07-29T18:59:46
35058323,2025-07-27,2025-07-30,,2026-07-29T18:59:47
35059705,2025-07-27,2026-07-19,,2026-07-29T18:59:47
35060231,2025-07-27,2025-11-01,,2026-07-29T18:59:47
35061013,2025-07-27,2025-08-13,,2026-07-29T18:59:47
35061227,2025-07-27,2026-02-03,,2026-07-29T18:59:48
35061393,2025-07-27,2026-08-16,,2026-08-17T07:12:05
35061763,2025-07-27,2025-11-10,,2026-07-29T18:59:48
35062357,2025-07-27,2026-03-06,,2026-07-29T18:59:48
35063502,2025-07-27,2026-07-10,,2026-07-29T18:59:49
35064188,2025-07-28,2025-12-30,,2026-07-29T18:59:49
35067195,2025-07-28,2026-08-25,,2026-08-25T05:56:29
35071055,2025-07-28,2026-08-20,,2026-08-22T04:16:00
35075315,2025-07-28,2025-11-03,,2026-07-29T18:59:50
35076831,2025-07-28,2026-01-19,,2026-07-29T18:59:50
35077747,2025-07-28,2025-11-15,,2026-08-10T19:14:28
35079754,2025-07-28,2026-03-12,,2026-07-29T18:59:50
35080620,2025-07-28,2026-05-12,,2026-07-29T18:59:52
35080727,2025-07-28,2026-08-22,,2026-08-24T04:11:15
35081928,2025-07-28,2026-07-29,,2026-07-31T07:07:20
35082089,2025-07-28,2026-08-25,,2026-08-25T01:55:30
35083051,2025-07-29,2026-01-30,,2026-07-29T18:59:51
35083988,2025-07-29,2025-09-05,,2026-07-29T18:59:52
35084498,2025-07-29,2026-07-29,,2026-07-30T04:27:38
35086031,2025-07-29,2026-05-27,,2026-08-03T17:25:27
35086781,2025-07-29,2026-08-24,,2026-08-24T23:49:03
35097619,2025-07-29,2025-10-07,,2026-07-29T18:59:53
35097867,2025-07-29,2025-07-29,,2026-07-29T18:59:53
35099338,2025-07-29,2026-07-29,,2026-07-31T07:13:44
35099480,2025-07-29,2025-08-16,,2026-07-29T18:59:53
35102035,2025-07-29,2025-08-13,,2026-07-29T18:59:53
35102265,2025-07-29,2025-11-21,,2026-07-29T18:59:54
35102804,2025-07-30,2026-08-12,,2026-08-14T07:12:00
35104487,2025-07-30,2026-08-20,,2026-08-22T04:20:13
35114545,2025-07-30,2025-07-30,,2026-07-29T18:59:54
35115160,2025-07-30,2026-02-26,,2026-07-29T18:59:54
35119539,2025-07-30,2026-08-20,,2026-08-22T05:05:55
35120185,2025-07-30,2025-09-08,,2026-07-29T18:59:55
35124355,2025-07-31,2026-08-06,,2026-08-08T05:10:33
35124434,2025-07-31,2025-12-04,,2026-07-29T18:59:56
35126684,2025-07-31,2026-08-21,,2026-08-22T07:06:52
35132414,2025-07-31,2025-08-06,,2026-07-29T18:59:56
35136682,2025-07-31,2025-08-26,,2026-07-29T18:59:57
35138731,2025-07-31,2026-05-14,,2026-07-29T18:59:57
35142295,2025-07-31,2026-01-13,,2026-07-29T18:59:57
35143035,2025-07-31,2025-12-01,,2026-07-29T18:59:57
35144059,2025-07-31,2026-02-22,,2026-07-29T18:59:58
35144496,2025-07-31,2025-08-14,,2026-07-29T18:59:58
35145062,2025-07-31,2026-02-15,,2026-07-29T18:59:58
35148254,2025-08-01,2025-12-03,,2026-07-29T18:59:58
35154429,2025-08-01,2025-11-12,,2026-07-29T18:59:58
35157004,2025-08-01,2026-06-16,,2026-07-29T18:59:59
35157368,2025-08-01,2025-08-19,,2026-07-29T18:59:59
35160286,2025-08-01,2025-08-20,,2026-07-29T19:00:00
35163966,2025-08-01,2025-11-05,,2026-07-29T18:59:59
35164093,2025-08-01,2025-10-10,,2026-07-29T19:00:06
35165918,2025-08-02,2025-11-05,,2026-07-29T19:00:05
35173340,2025-08-02,2025-08-11,,2026-07-29T19:00:06
35174544,2025-08-02,2026-07-11,,2026-07-29T19:00:10
35176302,2025-08-02,2026-03-08,,2026-07-29T19:00:10
35176706,2025-08-02,2026-05-24,,2026-07-29T19:00:10
35176924,2025-08-02,2025-08-23,,2026-07-29T19:00:11
35177479,2025-08-02,2026-01-19,,2026-07-29T19:00:11
35178082,2025-08-02,2025-08-06,,2026-07-29T19:00:11
35178782,2025-08-03,2026-05-07,,2026-07-29T19:00:12
35179241,2025-08-03,2026-05-14,,2026-07-29T19:00:12
35179735,2025-08-03,2026-05-18,,2026-07-29T19:00:12
35182934,2025-08-03,2026-08-18,,2026-08-20T04:14:38
35183617,2025-08-03,2025-08-03,,2026-07-29T19:00:12
35184076,2025-08-03,2026-07-28,,2026-07-30T04:17:48
35184835,2025-08-03,2026-07-02,,2026-07-29T19:00:13
35187172,2025-08-03,2026-07-29,,2026-07-31T04:24:51
35187580,2025-08-03,2026-02-14,,2026-07-29T19:00:14
35190094,2025-08-04,2026-07-28,,2026-07-30T04:24:24
35190343,2025-08-04,2026-01-06,,2026-07-29T19:00:14
35194151,2025-08-04,2025-08-26,,2026-07-29T19:00:14
35200708,2025-08-04,2025-12-13,,2026-07-29T19:00:15
35201567,2025-08-04,2025-08-04,,2026-07-29T19:00:15
35205376,2025-08-04,2025-09-18,,2026-07-29T19:00:15
35206239,2025-08-04,2026-08-24,,2026-08-24T19:04:58
35208197,2025-08-04,2025-08-04,,2026-07-29T19:00:16
35208888,2025-08-04,2025-10-15,,2026-07-29T19:00:16
35212069,2025-08-05,2025-09-13,,2026-07-29T19:00:16
35212910,2025-08-05,2025-08-12,,2026-07-29T19:00:17
35219886,2025-08-05,2026-07-26,,2026-07-29T19:00:17
35224411,2025-08-05,2026-08-21,,2026-08-23T05:10:29
35226074,2025-08-05,2026-02-06,,2026-07-29T19:00:17
35226642,2025-08-05,2025-11-28,,2026-07-29T19:00:18
35227147,2025-08-05,2026-06-24,,2026-07-29T19:00:18
35227371,2025-08-05,2026-02-08,,2026-07-29T19:00:18
35227486,2025-08-05,2025-09-28,,2026-07-29T19:00:18
35227598,2025-08-05,2026-03-04,,2026-07-29T19:00:18
35228919,2025-08-05,2025-08-13,,2026-07-29T19:00:19
35234356,2025-08-06,2026-08-06,,2026-08-07T07:16:08
35241375,2025-08-06,2026-08-16,,2026-08-18T07:01:11
35242486,2025-08-06,2026-02-04,,2026-07-29T19:00:19
35245710,2025-08-06,2025-08-12,,2026-07-31T17:42:45
35247835,2025-08-06,2026-06-24,,2026-07-29T19:00:20
35248190,2025-08-06,2026-01-20,,2026-07-29T19:00:21
35248374,2025-08-06,2026-01-01,,2026-07-29T19:00:20
35250129,2025-08-06,2025-11-26,,2026-07-29T19:00:21
35250649,2025-08-07,2026-08-16,,2026-08-17T04:14:40
35250831,2025-08-07,2025-08-07,,2026-07-29T19:00:21
35256978,2025-08-07,2025-08-08,,2026-07-29T19:00:22
35258860,2025-08-07,2025-09-05,,2026-07-29T19:00:22
35261466,2025-08-07,2025-11-25,,2026-08-18T23:27:13
35265096,2025-08-07,2026-05-26,,2026-07-29T19:00:22
35266648,2025-08-07,2026-08-19,,2026-08-21T04:19:43
35266768,2025-08-07,2026-02-26,,2026-07-29T19:00:23
35268339,2025-08-07,2026-07-02,,2026-07-29T19:00:23
35269030,2025-08-07,2026-08-25,,2026-08-25T01:49:51
35269453,2025-08-07,2025-08-31,,2026-07-29T19:00:23
35271410,2025-08-08,2025-08-11,,2026-07-29T19:00:23
35271455,2025-08-08,2026-08-19,,2026-08-21T06:04:32
35271869,2025-08-08,2025-08-21,,2026-07-29T19:00:24
35278911,2025-08-08,2026-07-14,,2026-07-29T19:00:24
35279518,2025-08-08,2026-03-06,,2026-07-29T19:00:25
35283190,2025-08-08,2026-05-22,,2026-07-29T19:00:25
35283312,2025-08-08,2026-08-20,,2026-08-22T05:10:55
35287985,2025-08-09,2026-08-06,,2026-08-08T04:13:53
35288520,2025-08-09,2025-08-09,,2026-07-29T19:00:26
35288643,2025-08-09,2025-09-09,,2026-07-29T19:00:26
35288851,2025-08-09,2026-07-20,,2026-07-29T19:00:26
35296492,2025-08-09,2026-08-14,,2026-08-15T04:23:17
35296777,2025-08-09,2026-05-02,,2026-07-29T19:00:27
35296951,2025-08-09,2026-07-10,,2026-07-29T19:00:27
35297157,2025-08-09,2026-08-20,,2026-08-21T04:23:27
35297312,2025-08-09,2026-08-24,,2026-08-24T17:40:27
35297512,2025-08-09,2025-12-08,,2026-07-29T19:00:28
35297828,2025-08-09,2025-08-09,,2026-07-29T19:00:28
35297943,2025-08-09,2025-08-16,,2026-07-29T19:00:29
35298422,2025-08-09,2026-05-22,,2026-07-29T19:00:29
35301000,2025-08-10,2026-06-21,,2026-07-29T19:00:29
35301575,2025-08-10,2026-04-20,,2026-07-29T19:00:29
35302018,2025-08-10,2025-08-28,,2026-07-29T19:00:29
35308937,2025-08-10,2026-07-22,,2026-07-29T19:00:30
35309771,2025-08-10,2026-05-08,,2026-07-29T19:00:31
35311840,2025-08-10,2026-08-13,,2026-08-15T04:09:25
35314119,2025-08-11,2026-06-10,,2026-07-29T19:00:31
35323379,2025-08-11,2026-06-07,,2026-07-29T19:00:31
35323867,2025-08-11,2026-06-18,,2026-07-29T19:00:31
35324730,2025-08-11,2026-04-06,,2026-07-29T19:00:31
35325439,2025-08-11,2025-10-01,,2026-07-29T19:00:31
35325465,2025-08-11,2025-09-17,,2026-07-29T19:00:33
35325985,2025-08-11,2025-08-24,,2026-07-29T19:00:33
35329543,2025-08-11,2025-08-13,,2026-07-29T19:00:33
35330896,2025-08-11,2026-06-08,,2026-07-29T19:00:34
35331285,2025-08-11,2026-06-17,,2026-07-29T19:00:34
35331323,2025-08-11,2026-05-10,,2026-07-29T19:00:35
35332341,2025-08-11,2025-08-19,,2026-07-29T19:00:35
35333100,2025-08-12,2026-08-15,,2026-08-17T05:05:57
35334305,2025-08-12,2025-09-08,,2026-07-29T19:00:35
35334416,2025-08-12,2025-10-02,,2026-07-29T19:00:35
35334596,2025-08-12,2025-12-24,,2026-07-29T19:00:36
35335080,2025-08-12,2026-05-16,,2026-07-29T19:00:36
35337031,2025-08-12,2025-10-02,,2026-07-29T19:00:36
35339906,2025-08-12,2025-08-22,,2026-07-29T19:00:37
35348286,2025-08-12,2026-07-08,,2026-07-29T19:00:37
35350538,2025-08-12,2025-08-13,,2026-07-29T19:00:37
35351065,2025-08-12,2025-09-17,,2026-07-29T19:00:38
35351161,2025-08-12,2025-08-29,,2026-07-29T19:00:38
35351256,2025-08-12,2026-07-03,,2026-07-29T19:00:38
35365010,2025-08-13,2025-09-16,,2026-07-29T19:00:39
35366007,2025-08-13,2026-08-21,,2026-08-23T07:14:11
35370645,2025-08-13,2025-10-09,,2026-07-29T19:00:40
35371570,2025-08-13,2025-08-15,,2026-07-29T19:00:40
35372127,2025-08-13,2026-06-20,,2026-07-29T19:00:40
35373164,2025-08-14,2025-10-27,,2026-07-29T19:00:41
35373433,2025-08-14,2026-02-23,,2026-07-29T19:00:41
35373937,2025-08-14,2026-01-16,,2026-07-29T19:00:41
35374655,2025-08-14,2026-06-04,,2026-07-29T19:00:41
35379834,2025-08-14,2026-03-11,,2026-07-29T19:00:42
35380451,2025-08-14,2025-12-01,,2026-07-29T19:00:42
35381834,2025-08-14,2026-02-14,,2026-07-29T19:00:42
35384555,2025-08-14,2026-04-08,,2026-07-29T19:00:42
35386247,2025-08-14,2025-09-05,,2026-07-29T19:00:42
35387457,2025-08-14,2025-08-29,,2026-07-29T19:00:43
35388733,2025-08-14,2026-05-22,,2026-07-29T19:00:43
35388853,2025-08-14,2026-07-03,,2026-07-29T19:00:43
35388994,2025-08-15,2026-07-11,,2026-07-29T19:00:43
35389610,2025-08-15,2026-06-17,,2026-07-29T19:00:45
35390431,2025-08-15,2025-08-15,,2026-07-29T19:00:45
35390484,2025-08-15,2026-08-06,,2026-08-07T07:15:10
35391302,2025-08-15,2026-08-18,,2026-08-20T05:10:51
35394907,2025-08-15,2026-06-29,,2026-07-29T19:00:46
35395331,2025-08-15,2026-08-12,,2026-08-14T04:10:10
35397322,2025-08-15,2025-12-19,,2026-07-29T19:00:47
35397510,2025-08-15,2026-04-24,,2026-07-29T19:00:47
35398492,2025-08-15,2026-08-16,,2026-08-18T04:03:19
35400709,2025-08-15,2026-07-19,,2026-07-29T19:00:47
35401970,2025-08-15,2026-03-12,,2026-07-29T19:00:48
35402265,2025-08-16,2025-08-17,,2026-07-29T19:00:48
35403314,2025-08-16,2026-07-09,,2026-07-29T19:00:49
35403488,2025-08-16,2025-08-18,,2026-07-29T19:00:49
35408374,2025-08-16,2025-10-16,,2026-07-29T19:00:49
35408523,2025-08-16,2025-09-04,,2026-07-29T19:00:50
35411049,2025-08-16,2026-08-16,,2026-08-18T04:10:02
35412545,2025-08-16,2026-08-13,,2026-08-15T05:08:02
35413876,2025-08-16,2026-04-01,,2026-07-29T19:00:50
35414142,2025-08-16,2025-12-02,,2026-07-29T19:00:51
35414406,2025-08-16,2026-08-23,,2026-08-24T18:28:57
35419355,2025-08-17,2025-10-10,,2026-07-29T19:00:51
35419569,2025-08-17,2025-10-22,,2026-07-29T19:00:51
35421066,2025-08-17,2026-04-10,,2026-07-29T19:00:51
35422073,2025-08-17,2026-08-23,,2026-08-23T20:44:36
35422979,2025-08-17,2026-07-10,,2026-07-29T19:00:52
35423426,2025-08-17,2026-08-04,,2026-08-05T05:02:40
35423472,2025-08-17,2026-05-22,,2026-07-29T19:00:52
35424510,2025-08-17,2026-01-22,,2026-07-29T19:00:53
35424680,2025-08-18,2026-06-21,,2026-07-29T19:00:53
35425658,2025-08-18,2026-03-26,,2026-07-29T19:00:53
35434205,2025-08-18,2026-07-18,,2026-08-24T18:31:00
35435529,2025-08-18,2026-03-08,,2026-07-29T19:00:54
35435694,2025-08-18,2026-04-21,,2026-07-29T19:00:54
35437071,2025-08-18,2025-10-18,,2026-07-29T19:00:55
35437547,2025-08-18,2026-04-23,,2026-07-29T19:00:55
35437603,2025-08-18,2025-10-17,,2026-07-29T19:00:56
35438785,2025-08-18,2025-09-02,,2026-07-29T19:00:56
35439058,2025-08-18,2025-08-19,,2026-07-29T19:00:56
35439282,2025-08-18,2026-08-21,,2026-08-23T06:02:59
35439336,2025-08-18,2026-08-16,,2026-08-17T05:07:49
35440845,2025-08-18,2025-10-12,,2026-07-29T19:00:57
35449663,2025-08-19,2026-08-19,,2026-08-21T05:06:53
35451906,2025-08-19,2026-07-27,,2026-07-29T19:00:57
35455013,2025-08-19,2025-08-30,,2026-07-29T19:00:57
35458305,2025-08-19,2026-01-19,,2026-07-29T19:00:57
35459345,2025-08-19,2025-12-29,,2026-07-29T19:00:58
35459370,2025-08-19,2026-07-01,,2026-07-29T19:00:58
35459908,2025-08-19,2025-08-20,,2026-07-29T19:00:58
35460202,2025-08-19,2026-08-14,,2026-08-16T07:05:50
35460742,2025-08-19,2025-09-10,,2026-07-29T19:00:58
35460770,2025-08-20,2026-02-21,,2026-07-29T19:00:58
35461840,2025-08-20,2026-07-07,,2026-07-29T19:00:59
35462607,2025-08-20,2026-08-03,,2026-08-05T07:06:20
35463544,2025-08-20,2025-08-21,,2026-07-29T19:00:59
35466290,2025-08-20,2026-03-15,,2026-07-29T19:00:59
35468867,2025-08-20,2026-08-25,,2026-08-25T02:26:10
35471786,2025-08-20,2026-02-04,,2026-07-29T19:01:00
35474089,2025-08-20,2026-08-24,,2026-08-24T20:04:49
35475547,2025-08-20,2026-08-25,,2026-08-25T00:16:42
35476597,2025-08-20,2025-08-23,,2026-07-29T19:01:01
35477167,2025-08-20,2026-03-31,,2026-07-29T19:01:01
35478212,2025-08-20,2025-12-03,,2026-07-29T19:01:02
35478973,2025-08-20,2025-09-04,,2026-07-29T19:01:03
35479062,2025-08-20,2026-08-24,,2026-08-25T04:04:42
35479391,2025-08-21,2026-01-06,,2026-07-29T19:01:03
35480665,2025-08-21,2026-05-19,,2026-07-29T19:01:03
35480948,2025-08-21,2026-07-05,,2026-07-29T19:01:03
35482031,2025-08-21,2026-08-21,,2026-08-23T07:07:08
35486870,2025-08-21,2026-04-14,,2026-07-29T19:01:04
35489437,2025-08-21,2026-05-20,,2026-07-29T19:01:04
35491031,2025-08-21,2026-06-13,,2026-07-29T19:01:04
35492732,2025-08-21,2026-02-24,,2026-07-29T19:01:05
35493897,2025-08-21,2025-08-25,,2026-07-29T19:01:05
35494374,2025-08-21,2025-10-11,,2026-07-29T19:01:06
35494788,2025-08-21,2026-08-25,,2026-08-25T00:07:16
35499179,2025-08-22,2026-08-24,,2026-08-25T04:14:08
35499987,2025-08-22,2026-06-03,,2026-07-29T19:01:24
35500355,2025-08-22,2025-08-30,,2026-07-29T19:01:24
35504220,2025-08-22,2026-07-08,,2026-07-29T19:01:25
35505796,2025-08-22,2026-08-11,,2026-08-13T04:15:32
35508073,2025-08-22,2025-08-23,,2026-07-29T19:01:25
35509130,2025-08-22,2026-07-23,,2026-07-29T19:01:25
35509669,2025-08-22,2026-04-30,,2026-07-29T19:01:25
35510886,2025-08-22,2025-08-31,,2026-07-29T19:01:26
35511935,2025-08-22,2026-03-18,,2026-07-29T19:01:26
35512252,2025-08-22,2025-08-27,,2026-07-29T19:01:26
35513806,2025-08-23,2025-08-23,,2026-07-29T19:01:26
35514040,2025-08-23,2026-05-30,,2026-07-29T19:01:27
35514594,2025-08-23,2026-08-17,,2026-08-19T07:05:49
35514884,2025-08-23,2025-08-23,,2026-07-29T19:01:27
35517460,2025-08-23,2026-02-06,,2026-07-29T19:01:27
35522744,2025-08-23,2025-10-26,,2026-07-29T19:01:28
35523388,2025-08-23,2026-04-30,,2026-07-29T19:01:35
35524821,2025-08-23,2026-04-29,,2026-07-29T19:01:35
35524986,2025-08-23,2025-12-10,,2026-07-29T19:01:35
35526315,2025-08-24,2026-07-29,,2026-07-31T04:25:44
35526379,2025-08-24,2026-07-12,,2026-07-29T19:01:35
35526385,2025-08-24,2025-08-31,,2026-07-29T19:01:35
35527392,2025-08-24,2026-03-26,,2026-07-29T19:01:35
35529004,2025-08-24,2026-08-17,,2026-08-19T05:04:02
35529895,2025-08-24,2025-11-11,,2026-07-29T19:01:36
35530929,2025-08-24,2026-05-22,,2026-07-29T19:01:36
35533050,2025-08-24,2026-07-01,,2026-07-29T19:01:36
35537222,2025-08-25,2026-07-15,,2026-07-29T19:01:37
35537716,2025-08-25,2026-03-23,,2026-07-29T19:01:37
35537718,2025-08-25,2025-08-25,,2026-07-29T19:01:37
35537826,2025-08-25,2025-08-26,,2026-07-29T19:01:38
35538030,2025-08-25,2026-01-06,,2026-07-29T19:01:38
35538067,2025-08-25,2025-08-28,,2026-07-29T19:01:38
35538102,2025-08-25,2025-11-01,,2026-07-29T19:01:38
35538630,2025-08-25,2025-12-04,,2026-07-29T19:01:38
35538904,2025-08-25,2025-09-25,,2026-07-29T19:01:39
35539126,2025-08-25,2026-08-10,,2026-08-12T07:11:50
35539170,2025-08-25,2026-05-05,,2026-07-29T19:01:39
35540584,2025-08-25,2026-08-13,,2026-08-15T07:16:13
35546949,2025-08-25,2026-06-02,,2026-07-29T19:01:40
35547552,2025-08-25,2026-07-22,,2026-07-29T19:01:40
35547837,2025-08-25,2026-08-04,,2026-08-06T04:14:37
35549903,2025-08-25,2026-01-21,,2026-07-29T19:01:40
35550831,2025-08-25,2026-03-15,,2026-07-29T19:01:40
35552053,2025-08-25,2025-08-27,,2026-07-29T19:01:41
35552252,2025-08-25,2025-08-25,,2026-07-29T19:01:41
35553119,2025-08-25,2025-09-05,,2026-07-29T19:01:42
35553648,2025-08-25,2025-09-04,,2026-07-29T19:01:42
35553656,2025-08-25,2025-09-04,,2026-07-29T19:01:42
35553662,2025-08-25,2025-08-27,,2026-07-29T19:01:43
35553806,2025-08-25,2025-08-25,,2026-07-29T19:01:43
35554723,2025-08-25,2026-03-31,,2026-07-29T19:01:43
35554868,2025-08-25,2026-07-09,,2026-07-29T19:01:43
35555002,2025-08-25,2026-07-04,,2026-07-29T19:01:44
35555240,2025-08-25,2026-01-20,,2026-07-29T19:01:44
35555443,2025-08-25,2025-09-06,,2026-07-29T19:01:44
35555501,2025-08-25,2026-02-04,,2026-07-29T19:01:45
35555557,2025-08-25,2025-09-04,,2026-07-29T19:01:45
35555748,2025-08-25,2025-08-25,,2026-07-29T19:01:45
35555898,2025-08-25,2025-09-02,,2026-07-29T19:01:45
35556182,2025-08-26,2025-11-30,,2026-07-29T19:01:46
35556499,2025-08-26,2026-05-26,,2026-07-29T19:01:46
35556511,2025-08-26,2026-08-20,,2026-08-22T10:00:16
35556529,2025-08-26,2026-08-24,,2026-08-24T18:29:56
35556574,2025-08-26,2025-09-02,,2026-07-29T19:01:47
35556618,2025-08-26,2026-07-01,,2026-07-29T19:01:47
35556678,2025-08-26,2026-06-01,,2026-07-29T19:01:47
35557081,2025-08-26,2026-08-08,,2026-08-10T07:05:23
35557221,2025-08-26,2026-06-05,,2026-07-29T19:01:47
35557383,2025-08-26,2026-04-07,,2026-07-29T19:01:48
35557540,2025-08-26,2026-03-08,,2026-07-29T19:01:48
35557859,2025-08-26,2025-08-28,,2026-07-29T19:01:48
35557956,2025-08-26,2025-08-27,,2026-07-29T19:01:49
35558315,2025-08-26,2026-08-23,,2026-08-25T04:05:35
35558559,2025-08-26,2026-08-01,,2026-08-03T04:14:55
35559315,2025-08-26,2025-10-17,,2026-07-29T19:01:50
35559618,2025-08-26,2026-01-25,,2026-07-29T19:01:50
35559949,2025-08-26,2026-01-09,,2026-07-29T19:01:50
35562086,2025-08-26,2025-09-27,,2026-07-29T19:01:50
35565897,2025-08-26,2025-10-07,,2026-07-29T19:01:50
35566235,2025-08-26,2026-08-18,,2026-08-20T04:06:28
35568472,2025-08-26,2026-08-23,,2026-08-23T22:47:39
35568765,2025-08-26,2026-07-14,,2026-07-29T19:01:51
35570716,2025-08-26,2025-11-18,,2026-08-16T10:03:06
35571446,2025-08-26,2025-08-26,,2026-07-29T19:01:51
35573024,2025-08-26,2026-05-11,,2026-07-29T19:01:52
35574144,2025-08-26,2026-05-25,,2026-07-29T19:01:52
35575194,2025-08-27,2026-05-27,,2026-07-29T19:01:52
35575253,2025-08-27,2025-11-11,,2026-07-29T19:01:52
35576135,2025-08-27,2025-08-30,,2026-07-29T19:01:53
35576502,2025-08-27,2026-04-04,,2026-07-29T19:01:55
35579405,2025-08-27,2026-08-19,,2026-08-21T07:07:37
35580921,2025-08-27,2026-01-31,,2026-07-29T19:01:57
35584650,2025-08-27,2026-08-18,,2026-08-19T04:23:59
35585780,2025-08-27,2026-01-26,,2026-07-29T19:01:58
35585859,2025-08-27,2025-08-27,,2026-07-29T19:01:58
35586510,2025-08-27,2026-08-23,,2026-08-25T05:05:00
35586624,2025-08-27,2026-08-13,,2026-08-15T04:13:08
35587164,2025-08-27,2026-08-24,,2026-08-24T18:09:41
35587415,2025-08-27,2026-08-21,,2026-08-23T07:13:32
35588221,2025-08-27,2026-08-08,,2026-08-10T07:08:34
35588568,2025-08-27,2025-12-03,,2026-07-29T19:02:00
35588591,2025-08-27,2026-06-01,,2026-07-29T19:02:00
35588708,2025-08-27,2025-09-24,,2026-07-29T19:02:01
35588846,2025-08-27,2025-10-02,,2026-07-29T19:02:01
35589285,2025-08-27,2026-01-15,,2026-07-29T19:02:01
35589335,2025-08-27,2026-07-22,,2026-07-29T19:02:01
35590200,2025-08-27,2026-05-05,,2026-07-29T19:02:03
35591658,2025-08-27,2025-09-03,,2026-07-29T19:02:03
35592776,2025-08-27,2026-04-30,,2026-07-29T19:02:08
35593585,2025-08-28,2026-08-04,,2026-08-05T04:23:45
35594134,2025-08-28,2025-08-30,,2026-07-29T19:02:09
35594622,2025-08-28,2026-08-24,,2026-08-24T23:19:07
35596165,2025-08-28,2026-04-29,,2026-07-29T19:02:09
35601009,2025-08-28,2026-08-24,,2026-08-24T17:01:18
35604833,2025-08-28,2025-08-28,,2026-07-29T19:02:12
35607506,2025-08-28,2026-03-29,,2026-07-29T19:02:13
35608302,2025-08-28,2026-05-01,,2026-08-10T10:02:51
35608745,2025-08-28,2026-02-25,,2026-07-29T19:02:15
35609024,2025-08-28,2026-02-17,,2026-07-29T19:02:15
35609998,2025-08-28,2026-08-18,,2026-08-20T07:13:54
35610186,2025-08-28,2026-07-27,,2026-07-29T19:02:17
35610640,2025-08-28,2026-06-15,,2026-07-29T19:02:19
35610986,2025-08-28,2026-04-17,,2026-07-29T19:02:18
35612502,2025-08-29,2025-11-02,,2026-07-29T19:02:19
35612576,2025-08-29,2025-10-04,,2026-07-29T19:02:22
35613185,2025-08-29,2026-03-27,,2026-07-29T19:02:23
35613328,2025-08-29,2026-01-08,,2026-07-29T19:02:22
35613853,2025-08-29,2026-07-25,,2026-07-29T19:02:23
35621812,2025-08-29,2026-07-01,,2026-08-16T10:03:15
35622545,2025-08-29,2026-06-25,,2026-07-29T19:02:24
35623184,2025-08-29,2026-01-24,,2026-07-29T19:02:24
35626801,2025-08-29,2026-08-06,,2026-08-08T07:03:49
35626915,2025-08-29,2026-06-23,,2026-07-29T19:02:25
35627198,2025-08-29,2026-03-17,,2026-07-29T19:02:26
35627668,2025-08-29,2026-08-21,,2026-08-23T07:13:02
35637929,2025-08-30,2025-09-20,,2026-07-29T19:02:26
35638998,2025-08-30,2026-08-06,,2026-08-08T04:06:48
35639840,2025-08-30,2026-05-27,,2026-07-29T19:02:26
35640204,2025-08-30,2026-05-26,,2026-07-29T19:02:27
35640349,2025-08-30,2026-01-27,,2026-07-29T19:02:27
35644279,2025-08-31,2025-08-31,,2026-07-29T19:02:26
35645533,2025-08-31,2025-09-01,,2026-07-29T19:02:27
35647585,2025-08-31,2026-02-02,,2026-07-29T19:02:27
35647817,2025-08-31,2025-12-02,,2026-07-29T19:02:27
35650230,2025-08-31,2026-06-08,,2026-07-29T19:02:27
35650942,2025-08-31,2026-04-03,,2026-07-29T19:02:28
35651490,2025-08-31,2025-12-15,,2026-07-29T19:02:28
35651911,2025-09-01,2025-09-28,,2026-07-29T19:02:28
35655879,2025-09-01,2026-01-06,,2026-07-29T19:02:28
35656674,2025-09-01,2026-08-03,,2026-08-05T04:07:50
35660351,2025-09-01,2026-06-29,,2026-07-29T19:02:29
35661878,2025-09-01,2025-10-11,,2026-07-29T19:02:29
35667080,2025-09-01,2026-08-25,,2026-08-25T00:02:14
35667824,2025-09-01,2026-07-22,,2026-07-29T19:02:30
35668189,2025-09-01,2026-03-31,,2026-07-29T19:02:30
35670980,2025-09-02,2026-02-10,,2026-07-29T19:02:31
35670987,2025-09-02,2026-08-22,,2026-08-23T04:00:45
35681129,2025-09-02,2026-06-30,,2026-07-29T19:02:31
35681250,2025-09-02,2026-05-21,,2026-07-29T19:02:31
35683619,2025-09-02,2026-02-07,,2026-07-29T19:02:32
35685235,2025-09-02,2026-07-10,,2026-07-29T19:02:31
35686257,2025-09-02,2025-09-04,,2026-07-29T19:02:32
35687557,2025-09-02,2026-04-26,,2026-07-29T19:02:32
35687563,2025-09-02,2025-11-03,,2026-07-29T19:02:32
35688077,2025-09-03,2026-08-19,,2026-08-21T04:08:48
35689567,2025-09-03,2026-05-28,,2026-07-29T19:02:32
35689958,2025-09-03,2026-07-02,,2026-07-29T19:02:33
35692066,2025-09-03,2025-09-15,,2026-07-29T19:02:33
35694166,2025-09-03,2025-09-03,,2026-07-29T19:02:33
35697510,2025-09-03,2025-09-08,,2026-07-29T19:02:33
35698631,2025-09-03,2026-08-24,,2026-08-25T05:06:56
35702310,2025-09-03,2026-02-07,,2026-07-29T19:02:34
35702859,2025-09-03,2026-08-06,,2026-08-08T05:05:27
35703606,2025-09-03,2026-05-03,,2026-07-29T19:02:34
35703666,2025-09-03,2025-09-03,,2026-07-29T19:02:34
35704761,2025-09-03,2026-05-24,,2026-07-29T19:02:35
35706724,2025-09-03,2026-03-29,,2026-07-29T19:02:35
35707059,2025-09-03,2026-08-24,,2026-08-24T04:42:16
35707309,2025-09-03,2026-03-24,,2026-07-29T19:02:35
35707363,2025-09-03,2025-12-02,,2026-07-29T19:02:36
35708136,2025-09-03,2026-05-02,,2026-07-29T19:02:36
35708194,2025-09-03,2026-06-02,,2026-07-29T19:02:36
35709388,2025-09-04,2026-04-02,,2026-07-29T19:02:36
35716880,2025-09-04,2026-04-01,,2026-07-29T19:02:37
35718744,2025-09-04,2026-05-26,,2026-07-29T19:02:37
35719957,2025-09-04,2026-08-07,,2026-08-09T04:12:20
35720065,2025-09-04,2025-09-05,,2026-07-29T19:02:37
35721711,2025-09-04,2026-03-15,,2026-07-29T19:02:37
35721990,2025-09-04,2026-03-23,,2026-07-29T19:02:38
35722394,2025-09-04,2026-01-20,,2026-07-29T19:02:38
35723513,2025-09-04,2025-10-01,,2026-07-29T19:02:38
35724119,2025-09-04,2026-07-16,,2026-07-29T19:02:38
35727448,2025-09-04,2025-11-03,,2026-07-29T19:02:39
35728453,2025-09-05,2026-05-10,,2026-07-29T19:02:39
35729246,2025-09-05,2026-08-21,,2026-08-23T04:21:36
35730597,2025-09-05,2026-08-07,,2026-08-09T05:08:45
35731079,2025-09-05,2026-07-30,,2026-08-01T07:12:07
35737993,2025-09-05,2026-08-21,,2026-08-23T04:21:07
35744789,2025-09-05,2026-08-25,,2026-08-25T06:01:54
35745782,2025-09-06,2026-08-20,,2026-08-22T07:10:49
35745912,2025-09-06,2026-06-14,,2026-08-16T10:03:15
35746189,2025-09-06,2026-07-06,,2026-07-29T19:02:41
35746486,2025-09-06,2025-11-07,,2026-07-29T19:02:41
35749929,2025-09-06,2026-01-31,,2026-07-29T19:02:41
35752868,2025-09-06,2026-05-17,,2026-07-29T19:02:42
35755084,2025-09-06,2025-12-27,,2026-07-29T19:02:42
35755913,2025-09-06,2026-08-24,,2026-08-24T21:05:36
35758138,2025-09-07,2025-12-08,,2026-07-29T19:02:42
35761179,2025-09-07,2025-09-21,,2026-07-29T19:02:43
35763255,2025-09-07,2026-08-09,,2026-08-11T07:09:35
35763579,2025-09-07,2026-08-18,,2026-08-20T05:04:20
35766412,2025-09-07,2026-07-18,,2026-07-29T19:02:46
35766794,2025-09-07,2025-12-26,,2026-07-29T19:02:46
35771712,2025-09-08,2026-08-23,,2026-08-25T04:00:34
35777323,2025-09-08,2026-08-15,,2026-08-17T04:11:45
35777707,2025-09-08,2025-09-20,,2026-07-29T19:02:46
35781819,2025-09-08,2025-10-13,,2026-07-29T19:02:46
35786623,2025-09-08,2026-06-18,,2026-07-29T19:02:46
35786772,2025-09-08,2026-08-02,,2026-08-04T04:15:33
35787059,2025-09-08,2025-10-02,,2026-07-29T19:02:46
35789576,2025-09-09,2026-03-11,,2026-07-29T19:02:46
35793535,2025-09-09,2025-09-17,,2026-07-29T19:02:46
35806002,2025-09-09,2026-06-14,,2026-07-29T19:02:46
35810241,2025-09-09,2025-09-09,,2026-07-29T19:02:46
35810532,2025-09-09,2026-03-29,,2026-07-29T19:02:46
35812938,2025-09-09,2026-07-14,,2026-07-29T19:02:47
35814998,2025-09-09,2026-08-13,,2026-08-14T04:10:46
35815717,2025-09-10,2026-07-02,,2026-07-29T19:02:47
35818242,2025-09-10,2026-08-16,,2026-08-18T14:08:29
35829288,2025-09-10,2026-07-16,,2026-07-29T19:02:48
35829746,2025-09-10,2025-10-03,,2026-07-29T19:02:48
35833735,2025-09-10,2026-07-14,,2026-07-29T19:02:48
35835175,2025-09-11,2025-09-11,,2026-07-29T19:02:49
35835251,2025-09-11,2026-02-18,,2026-07-29T19:02:50
35838604,2025-09-11,2026-06-17,,2026-07-29T19:02:50
35848364,2025-09-11,2026-02-02,,2026-07-29T19:02:50
35849564,2025-09-11,2025-09-11,,2026-07-29T19:02:50
35849596,2025-09-11,2026-06-17,,2026-07-29T19:02:51
35850145,2025-09-11,2025-09-19,,2026-07-29T19:02:51
35859564,2025-09-12,2026-05-07,,2026-07-29T19:02:52
35862087,2025-09-12,2026-06-24,,2026-07-29T19:02:52
35862661,2025-09-12,2026-08-25,,2026-08-25T03:20:23
35862965,2025-09-12,2026-07-16,,2026-07-29T19:02:53
35864414,2025-09-12,2025-10-08,,2026-07-29T19:02:53
35865241,2025-09-12,2026-08-21,,2026-08-23T07:14:24
35866380,2025-09-12,2026-05-27,,2026-07-29T19:02:53
35877059,2025-09-13,2025-12-12,,2026-07-29T19:02:53
35877071,2025-09-13,2025-09-13,,2026-07-29T19:02:54
35879362,2025-09-13,2026-08-15,,2026-08-17T04:06:51
35879904,2025-09-14,2026-05-12,,2026-07-29T19:02:54
35880345,2025-09-14,2025-11-01,,2026-07-29T19:02:54
35880463,2025-09-14,2026-06-29,,2026-07-29T19:02:55
35886184,2025-09-14,2025-09-25,,2026-07-29T19:02:55
35886568,2025-09-14,2025-09-19,,2026-07-29T19:02:55
35887029,2025-09-14,2026-08-03,,2026-08-05T04:08:20
35889675,2025-09-14,2026-04-15,,2026-07-29T19:02:57
35890289,2025-09-15,2026-07-10,,2026-07-29T19:02:56
35890356,2025-09-15,2025-11-24,,2026-07-29T19:02:59
35894497,2025-09-15,2026-08-11,,2026-08-13T04:24:12
35895131,2025-09-15,2026-07-15,,2026-07-29T19:02:57
35899150,2025-09-15,2026-04-17,,2026-07-29T19:02:57
35900056,2025-09-15,2026-08-14,,2026-08-16T04:25:50
35901544,2025-09-15,2025-09-29,,2026-07-29T19:02:59
35902149,2025-09-15,2026-08-21,,2026-08-22T05:12:21
35902659,2025-09-15,2025-09-15,,2026-07-29T19:03:00
35906210,2025-09-15,2025-09-22,,2026-07-29T19:03:00
35906855,2025-09-15,2026-01-20,,2026-07-29T19:02:59
35906865,2025-09-15,2025-09-24,,2026-07-29T19:03:00
35907029,2025-09-15,2026-01-13,,2026-07-29T19:03:00
35909381,2025-09-16,2026-04-02,,2026-07-29T19:03:00
35909983,2025-09-16,2026-08-24,,2026-08-24T16:01:44
35911057,2025-09-16,2026-08-07,,2026-08-09T04:05:24
35912002,2025-09-16,2026-08-05,,2026-08-07T04:01:33
35919584,2025-09-16,2025-12-20,,2026-07-29T19:03:00
35924578,2025-09-16,2025-11-03,,2026-07-29T19:03:01
35926618,2025-09-16,2025-11-05,,2026-07-29T19:03:02
35929652,2025-09-17,2026-06-02,,2026-07-29T19:03:02
35929776,2025-09-17,2025-11-19,,2026-07-29T19:03:03
35929964,2025-09-17,2026-05-20,,2026-07-29T19:03:03
35939307,2025-09-17,2025-11-20,,2026-07-29T19:03:04
35942314,2025-09-17,2026-03-28,,2026-07-29T19:03:04
35942649,2025-09-17,2025-12-02,,2026-07-29T19:03:04
35944704,2025-09-17,2025-12-15,,2026-07-29T19:03:04
35948806,2025-09-18,2026-08-16,,2026-08-18T07:08:27
35949309,2025-09-18,2026-07-09,,2026-07-29T19:03:06
35952557,2025-09-18,2026-02-26,,2026-07-29T19:03:05
35954101,2025-09-18,2026-04-24,,2026-07-29T19:03:06
35960272,2025-09-18,2025-10-15,,2026-07-29T19:03:05
35960610,2025-09-18,2026-06-29,,2026-07-29T19:03:05
35961670,2025-09-18,2026-05-28,,2026-07-29T19:03:06
35961940,2025-09-18,2025-09-18,,2026-07-29T19:03:06
35961985,2025-09-18,2025-09-26,,2026-07-29T19:03:07
35963918,2025-09-18,2025-10-09,,2026-07-29T19:03:07
35964099,2025-09-18,2026-08-13,,2026-08-15T04:20:17
35964109,2025-09-18,2026-08-18,,2026-08-20T07:10:24
35964766,2025-09-18,2026-06-08,,2026-07-29T19:03:07
35964864,2025-09-18,2025-09-23,,2026-07-29T19:03:08
35967120,2025-09-19,2026-05-01,,2026-07-29T19:03:08
35972893,2025-09-19,2026-08-10,,2026-08-11T07:10:46
35976418,2025-09-19,2026-02-24,,2026-07-29T19:03:08
35976607,2025-09-19,2025-10-15,,2026-07-29T19:03:09
35976890,2025-09-19,2026-08-24,,2026-08-24T16:28:19
35980515,2025-09-20,2026-04-02,,2026-07-29T19:03:09
35981034,2025-09-20,2025-10-02,,2026-07-29T19:03:09
35991408,2025-09-20,2025-10-09,,2026-07-29T19:03:10
35993816,2025-09-21,2025-09-23,,2026-07-29T19:03:10
35998131,2025-09-21,2026-06-29,,2026-07-29T19:03:11
35999589,2025-09-21,2025-09-24,,2026-07-29T19:03:11
36000078,2025-09-21,2025-10-20,,2026-07-29T19:03:11
36001469,2025-09-21,2026-08-03,,2026-08-04T05:02:40
36003802,2025-09-22,2026-03-22,,2026-07-29T19:03:11
36011226,2025-09-22,2026-08-20,,2026-08-21T07:10:11
36011803,2025-09-22,2025-09-22,,2026-07-29T19:03:12
36012572,2025-09-22,2025-10-08,,2026-07-29T19:03:12
36017396,2025-09-22,2026-08-13,,2026-08-15T06:04:11
36019282,2025-09-22,2026-04-08,,2026-07-29T19:03:13
36019362,2025-09-22,2026-03-24,,2026-07-29T19:03:14
36020675,2025-09-23,2026-08-14,,2026-08-16T07:16:51
36021198,2025-09-23,2025-09-29,,2026-07-29T19:03:13
36021335,2025-09-23,2025-11-28,,2026-07-29T19:03:13
36021926,2025-09-23,2026-06-16,,2026-07-29T19:03:14
36031363,2025-09-23,2026-08-15,,2026-08-17T07:04:41
36032704,2025-09-23,2025-10-03,,2026-07-29T19:03:15
36033053,2025-09-23,2026-04-01,,2026-07-29T19:03:15
36034480,2025-09-23,2025-09-25,,2026-07-29T19:03:15
36034651,2025-09-23,2025-11-08,,2026-07-29T19:03:15
36034748,2025-09-23,2026-04-17,,2026-07-29T19:03:15
36036932,2025-09-23,2025-09-27,,2026-07-29T19:03:15
36037372,2025-09-23,2026-01-10,,2026-07-29T19:03:16
36038157,2025-09-24,2026-01-14,,2026-07-29T19:03:16
36038297,2025-09-24,2026-01-12,,2026-07-29T19:03:16
36038619,2025-09-24,2026-08-13,,2026-08-14T04:27:09
36039309,2025-09-24,2025-11-09,,2026-07-29T19:03:17
36041981,2025-09-24,2026-06-06,,2026-07-29T19:03:17
36043696,2025-09-24,2025-10-13,,2026-07-29T19:03:17
36051627,2025-09-24,2026-01-24,,2026-07-29T19:03:17
36051835,2025-09-24,2025-09-24,,2026-07-29T19:03:18
36054285,2025-09-24,2026-08-23,,2026-08-23T23:39:48
36054887,2025-09-24,2026-03-08,,2026-07-29T19:03:18
36055044,2025-09-24,2026-02-15,,2026-07-29T19:03:18
36055230,2025-09-24,2026-06-19,,2026-07-29T19:03:18
36055752,2025-09-24,2026-08-13,,2026-08-14T04:26:43
36055865,2025-09-24,2025-09-25,,2026-07-29T19:03:19
36056860,2025-09-25,2026-08-22,,2026-08-24T04:11:18
36058675,2025-09-25,2025-10-15,,2026-07-29T19:03:20
36059256,2025-09-25,2026-04-03,,2026-07-29T19:03:20
36069189,2025-09-25,2026-02-13,,2026-07-29T19:03:20
36070297,2025-09-25,2025-10-16,,2026-07-29T19:03:20
36070526,2025-09-25,2026-06-25,,2026-07-29T19:03:20
36070882,2025-09-25,2026-08-24,,2026-08-24T18:26:11
36070983,2025-09-25,2026-07-23,,2026-07-29T19:03:21
36071322,2025-09-25,2026-08-01,,2026-08-03T04:08:15
36072041,2025-09-25,2026-03-05,,2026-07-29T19:03:22
36072397,2025-09-25,2025-11-26,,2026-07-29T19:03:22
36073436,2025-09-25,2026-01-11,,2026-07-29T19:03:23
36073690,2025-09-25,2026-08-12,,2026-08-14T04:25:03
36074036,2025-09-25,2025-09-26,,2026-07-29T19:03:23
36074680,2025-09-26,2025-11-25,,2026-07-29T19:03:24
36075130,2025-09-26,2026-02-23,,2026-07-29T19:03:24
36075333,2025-09-26,2026-03-23,,2026-07-29T19:03:24
36075734,2025-09-26,2026-06-15,,2026-07-29T19:03:24
36075784,2025-09-26,2026-04-11,,2026-07-29T19:03:24
36075830,2025-09-26,2025-09-30,,2026-07-29T19:03:25
36075871,2025-09-26,2026-03-10,,2026-07-29T19:03:26
36075909,2025-09-26,2026-05-26,,2026-07-29T19:03:26
36075995,2025-09-26,2026-07-11,,2026-07-29T19:03:26
36076021,2025-09-26,2025-09-29,,2026-07-29T19:03:26
36076084,2025-09-26,2026-07-27,,2026-07-29T19:03:26
36077488,2025-09-26,2026-04-29,,2026-07-29T20:00:18
36078402,2025-09-26,2026-07-30,,2026-08-01T07:13:35
36079732,2025-09-26,2026-02-03,,2026-07-29T19:03:27
36085139,2025-09-26,2026-05-27,,2026-07-29T19:03:28
36088836,2025-09-26,2026-05-26,,2026-07-29T19:03:28
36092345,2025-09-27,2025-09-27,,2026-07-29T19:03:28
36092369,2025-09-27,2026-08-13,,2026-08-14T05:10:48
36096881,2025-09-27,2026-07-10,,2026-07-29T19:03:29
36098811,2025-09-27,2026-08-06,,2026-08-09T22:37:06
36099259,2025-09-27,2026-08-16,,2026-08-18T05:05:25
36099454,2025-09-27,2026-08-23,,2026-08-25T04:07:22
36099615,2025-09-27,2025-12-01,,2026-07-29T19:03:31
36101904,2025-09-27,2026-08-18,,2026-08-20T05:11:38
36102250,2025-09-27,2025-11-25,,2026-07-29T19:03:31
36103069,2025-09-27,2026-08-21,,2026-08-23T05:03:07
36103477,2025-09-28,2026-04-09,,2026-07-29T19:03:31
36104227,2025-09-28,2026-07-29,,2026-07-31T07:08:09
36113083,2025-09-28,2025-10-13,,2026-07-29T19:03:32
36113263,2025-09-28,2026-07-08,,2026-07-29T19:03:32
36114200,2025-09-29,2026-02-05,,2026-07-29T19:03:32
36114250,2025-09-29,2026-06-12,,2026-07-29T19:03:33
36115460,2025-09-29,2025-09-29,,2026-07-29T19:03:33
36116089,2025-09-29,2026-08-22,,2026-08-24T05:03:06
36118485,2025-09-29,2025-11-17,,2026-07-29T19:03:33
36121117,2025-09-29,2025-10-24,,2026-07-29T19:03:33
36130141,2025-09-29,2025-10-21,,2026-07-29T19:03:34
36133259,2025-09-30,2026-07-27,,2026-07-29T19:03:34
36134185,2025-09-30,2026-08-01,,2026-08-03T05:04:01
36135565,2025-09-30,2025-12-16,,2026-07-29T19:03:34
36135857,2025-09-30,2026-07-08,,2026-07-29T19:03:35
36141315,2025-09-30,2026-08-22,,2026-08-24T04:07:23
36151215,2025-09-30,2026-06-10,,2026-07-29T19:03:35
36151523,2025-09-30,2026-07-07,,2026-07-29T19:03:35
36153121,2025-10-01,2026-01-17,,2026-07-29T19:03:35
36153140,2025-10-01,2026-02-12,,2026-07-29T19:03:36
36153384,2025-10-01,2025-10-16,,2026-07-29T19:03:36
36162404,2025-10-01,2026-08-23,,2026-08-25T04:11:20
36162735,2025-10-01,2025-12-22,,2026-07-29T19:03:37
36166290,2025-10-01,2025-10-02,,2026-07-29T19:03:37
36166416,2025-10-01,2026-07-21,,2026-07-29T19:03:37
36167555,2025-10-01,2026-07-16,,2026-07-29T19:03:39
36167753,2025-10-01,2026-01-05,,2026-07-29T19:03:38
36171038,2025-10-02,2026-04-06,,2026-07-29T19:03:40
36173058,2025-10-02,2026-02-05,,2026-07-29T19:03:38
36178117,2025-10-02,2025-12-05,,2026-07-29T19:03:39
36178681,2025-10-02,2026-04-02,,2026-07-29T19:03:39
36180919,2025-10-02,2025-10-29,,2026-07-29T19:03:39
36186635,2025-10-03,2026-08-23,,2026-08-25T04:05:40
36187335,2025-10-03,2026-08-15,,2026-08-17T04:11:20
36187784,2025-10-03,2026-08-18,,2026-08-20T07:12:56
36188949,2025-10-03,2026-08-09,,2026-08-11T05:02:19
36194220,2025-10-03,2026-02-07,,2026-07-29T19:03:41
36198274,2025-10-03,2026-07-21,,2026-07-29T19:03:42
36207232,2025-10-03,2026-07-15,,2026-07-29T19:03:42
36207714,2025-10-03,2026-01-07,,2026-07-29T19:03:42
36207924,2025-10-03,2026-06-17,,2026-07-29T19:03:42
36207947,2025-10-03,2026-08-24,,2026-08-24T18:43:36
36222849,2025-10-04,2026-01-10,,2026-07-29T19:03:43
36223928,2025-10-04,2026-08-10,,2026-08-12T05:05:49
36227804,2025-10-05,2026-08-22,,2026-08-24T04:06:46
36227835,2025-10-05,2026-05-18,,2026-07-29T19:03:44
36228752,2025-10-05,2025-12-03,,2026-07-29T19:03:44
36232392,2025-10-05,2026-07-21,,2026-07-29T19:03:44
36232513,2025-10-05,2026-03-03,,2026-07-29T19:03:45
36236192,2025-10-05,2026-08-11,,2026-08-13T04:11:15
36238352,2025-10-06,2026-01-24,,2026-07-29T19:03:45
36238821,2025-10-06,2026-04-07,,2026-07-29T19:03:45
36248616,2025-10-06,2025-10-22,,2026-07-29T19:03:46
36249588,2025-10-06,2026-02-01,,2026-07-29T19:03:46
36249841,2025-10-06,2026-02-27,,2026-07-29T19:03:47
36252942,2025-10-06,2026-06-17,,2026-07-29T19:03:47
36254747,2025-10-06,2025-11-06,,2026-07-29T19:03:47
36258473,2025-10-07,2025-10-28,,2026-08-01T06:30:11
36258778,2025-10-07,2026-08-11,,2026-08-12T07:16:27
36266754,2025-10-07,2026-05-23,,2026-07-29T19:03:48
36269457,2025-10-07,2026-08-20,,2026-08-22T04:18:00
36275270,2025-10-07,2026-08-17,,2026-08-19T07:08:39
36275359,2025-10-07,2025-10-10,,2026-07-29T19:03:48
36275692,2025-10-08,2026-08-18,,2026-08-20T07:13:54
36275902,2025-10-08,2025-10-21,,2026-07-29T19:03:49
36276152,2025-10-08,2025-10-08,,2026-07-29T19:03:49
36276941,2025-10-08,2025-12-05,,2026-07-29T19:03:50
36281713,2025-10-08,2026-08-18,,2026-08-19T04:08:15
36282934,2025-10-08,2025-11-08,,2026-07-29T19:03:50
36284987,2025-10-08,2026-04-10,,2026-07-29T19:03:50
36287697,2025-10-08,2026-08-17,,2026-08-19T07:08:52
36289969,2025-10-08,2026-02-05,,2026-07-29T19:03:51
36291232,2025-10-08,2026-03-29,,2026-07-29T19:03:51
36294330,2025-10-09,2026-06-29,,2026-07-29T19:03:51
36295130,2025-10-09,2025-10-10,,2026-07-29T19:03:51
36295960,2025-10-09,2026-08-24,,2026-08-24T22:16:43
36298678,2025-10-09,2026-08-17,,2026-08-19T07:06:02
36308735,2025-10-09,2026-08-11,,2026-08-13T05:10:40
36311697,2025-10-10,2025-10-18,,2026-07-29T19:03:57
36312420,2025-10-10,2026-08-14,,2026-08-16T05:13:01
36313067,2025-10-10,2026-04-03,,2026-07-29T19:03:57
36320025,2025-10-10,2025-11-17,,2026-07-29T19:03:58
36335169,2025-10-11,2026-08-23,,2026-08-25T04:02:26
36339438,2025-10-12,2025-11-04,,2026-07-29T19:03:58
36344735,2025-10-12,2025-10-30,,2026-07-29T19:03:58
36345562,2025-10-12,2026-07-20,,2026-07-29T19:03:58
36347374,2025-10-12,2025-11-18,,2026-07-29T19:03:59
36348546,2025-10-12,2025-10-23,,2026-07-29T19:03:59
36348955,2025-10-12,2025-11-30,,2026-07-29T19:03:59
36350147,2025-10-13,2026-05-29,,2026-07-29T19:03:59
36350614,2025-10-13,2026-08-01,,2026-08-02T06:03:55
36352180,2025-10-13,2025-11-11,,2026-07-29T19:04:00
36361452,2025-10-13,2026-08-08,,2026-08-10T05:07:53
36363583,2025-10-13,2026-08-24,,2026-08-24T18:55:01
36363824,2025-10-13,2026-06-13,,2026-07-29T19:04:00
36364391,2025-10-13,2026-05-28,,2026-07-29T19:04:01
36364783,2025-10-13,2026-06-18,,2026-07-29T19:04:01
36365549,2025-10-13,2026-06-13,,2026-07-29T19:04:01
36367921,2025-10-13,2026-04-30,,2026-07-29T19:04:01
36368117,2025-10-13,2026-02-07,,2026-07-29T19:04:01
36368264,2025-10-13,2026-06-07,,2026-07-29T19:04:02
36369344,2025-10-14,2025-10-15,,2026-07-29T19:04:02
36369391,2025-10-14,2026-02-12,,2026-07-29T19:04:02
36370121,2025-10-14,2026-05-01,,2026-07-29T19:04:03
36370166,2025-10-14,2026-03-05,,2026-07-29T19:04:03
36372524,2025-10-14,2025-12-13,,2026-07-29T19:04:03
36373395,2025-10-14,2026-08-23,,2026-08-23T22:47:39
36380862,2025-10-14,2026-07-17,,2026-07-29T19:04:04
36380949,2025-10-14,2025-10-30,,2026-07-29T19:04:04
36382142,2025-10-14,2025-12-04,,2026-07-29T19:04:04
36382426,2025-10-14,2025-11-04,,2026-07-29T19:04:04
36384178,2025-10-14,2026-08-19,,2026-08-21T04:06:53
36384339,2025-10-14,2026-01-14,,2026-07-29T19:04:05
36385663,2025-10-14,2025-11-02,,2026-07-29T19:04:05
36386027,2025-10-14,2026-05-01,,2026-07-29T19:04:05
36387068,2025-10-14,2026-03-20,,2026-07-29T19:04:06
36388302,2025-10-15,2026-06-24,,2026-07-29T19:04:05
36389224,2025-10-15,2025-10-16,,2026-07-29T19:04:06
36389317,2025-10-15,2026-01-30,,2026-07-29T19:04:06
36393744,2025-10-15,2026-07-09,,2026-07-29T19:04:06
36395784,2025-10-15,2025-10-15,,2026-07-29T19:04:06
36396695,2025-10-15,2026-05-27,,2026-07-29T19:04:06
36398882,2025-10-15,2026-04-21,,2026-07-29T19:04:07
36399737,2025-10-15,2026-08-17,,2026-08-19T04:19:30
36400380,2025-10-15,2026-07-17,,2026-07-29T19:04:07
36401970,2025-10-15,2025-10-20,,2026-07-29T19:04:07
36403719,2025-10-15,2026-08-19,,2026-08-21T07:06:40
36409013,2025-10-16,2026-01-14,,2026-07-29T19:04:07
36414841,2025-10-16,2025-10-16,,2026-07-29T19:04:08
36416791,2025-10-16,2026-05-11,,2026-07-29T19:04:08
36417978,2025-10-16,2025-10-23,,2026-07-29T19:04:09
36419682,2025-10-16,2026-02-05,,2026-07-29T19:04:08
36420007,2025-10-16,2026-08-19,,2026-08-20T04:23:59
36421662,2025-10-16,2026-08-23,,2026-08-25T04:11:41
36421814,2025-10-16,2025-12-18,,2026-07-29T19:04:09
36421874,2025-10-16,2025-12-23,,2026-07-29T19:04:09
36423946,2025-10-16,2026-07-16,,2026-07-29T19:04:10
36426310,2025-10-17,2025-11-01,,2026-07-29T19:04:10
36436378,2025-10-17,2026-08-18,,2026-08-20T05:08:44
36437775,2025-10-17,2026-08-20,,2026-08-22T04:04:25
36438946,2025-10-17,2026-06-19,,2026-07-29T19:04:11
36438960,2025-10-17,2026-02-28,,2026-07-29T19:04:11
36439932,2025-10-17,2026-08-20,,2026-08-22T04:10:37
36441052,2025-10-17,2026-05-26,,2026-07-29T19:04:12
36441191,2025-10-18,2025-10-18,,2026-07-29T19:04:12
36441453,2025-10-18,2025-11-18,,2026-07-29T19:04:12
36441484,2025-10-18,2025-11-01,,2026-07-29T19:04:12
36442030,2025-10-18,2026-08-19,,2026-08-21T07:02:37
36442250,2025-10-18,2026-08-14,,2026-08-16T04:22:32
36442624,2025-10-18,2026-05-20,,2026-07-29T19:04:13
36448897,2025-10-18,2026-04-29,,2026-07-29T19:04:13
36450764,2025-10-18,2026-08-07,,2026-08-09T05:08:48
36451753,2025-10-18,2025-12-03,,2026-07-29T19:04:14
36452028,2025-10-18,2026-07-20,,2026-07-29T19:04:14
36452030,2025-10-18,2026-04-18,,2026-07-29T19:04:15
36452671,2025-10-18,2026-05-26,,2026-07-29T19:04:15
36452812,2025-10-19,2026-07-10,,2026-07-29T19:04:15
36452814,2025-10-19,2025-11-20,,2026-07-29T19:04:16
36453573,2025-10-19,2025-10-20,,2026-07-29T19:04:15
36453740,2025-10-19,2026-04-21,,2026-07-29T19:04:16
36455244,2025-10-19,2025-11-26,,2026-07-29T19:04:16
36456267,2025-10-19,2026-06-23,,2026-07-29T19:04:16
36457892,2025-10-19,2026-01-25,,2026-07-29T19:04:16
36459631,2025-10-19,2026-02-25,,2026-07-29T19:04:16
36461320,2025-10-19,2026-04-09,,2026-07-29T19:04:17
36461987,2025-10-19,2026-08-20,,2026-08-22T04:15:24
36462002,2025-10-19,2026-03-07,,2026-07-29T19:04:17
36462067,2025-10-19,2025-11-20,,2026-07-29T19:04:18
36462660,2025-10-20,2026-01-28,,2026-07-29T19:04:18
36463287,2025-10-20,2026-02-21,,2026-07-29T19:04:18
36464727,2025-10-20,2026-08-25,,2026-08-25T04:17:02
36464774,2025-10-20,2026-04-20,,2026-07-29T19:04:19
36467145,2025-10-20,2025-10-20,,2026-07-29T19:04:19
36469774,2025-10-20,2025-12-25,,2026-07-29T19:04:19
36470748,2025-10-20,2026-07-14,,2026-07-29T19:04:19
36471256,2025-10-20,2026-08-25,,2026-08-25T04:54:57
36471284,2025-10-20,2026-08-22,,2026-08-24T04:11:17
36471600,2025-10-20,2026-06-11,,2026-07-29T19:04:20
36471897,2025-10-20,2025-12-04,,2026-07-29T19:04:20
36472548,2025-10-20,2026-08-22,,2026-08-24T04:09:24
36473594,2025-10-20,2025-11-08,,2026-07-29T19:04:20
36473812,2025-10-20,2026-05-11,,2026-07-29T19:04:20
36474707,2025-10-20,2025-10-22,,2026-07-29T19:04:21
36475452,2025-10-20,2026-08-12,,2026-08-14T04:13:33
36475792,2025-10-20,2026-07-29,,2026-07-31T05:02:13
36475908,2025-10-20,2026-08-24,,2026-08-24T23:00:41
36476708,2025-10-20,2026-06-23,,2026-07-29T19:04:22
36477972,2025-10-21,2026-04-11,,2026-07-29T19:04:23
36479349,2025-10-21,2026-01-20,,2026-07-29T19:04:23
36482021,2025-10-21,2025-11-06,,2026-07-29T19:04:23
36484695,2025-10-21,2026-07-04,,2026-07-29T19:04:23
36486139,2025-10-21,2026-03-05,,2026-07-29T19:04:24
36487529,2025-10-21,2025-10-21,,2026-07-29T19:04:24
36488620,2025-10-21,2026-01-04,,2026-07-29T19:04:24
36489364,2025-10-21,2026-06-20,,2026-07-29T19:04:24
36489842,2025-10-21,2026-01-17,,2026-07-29T19:04:24
36491849,2025-10-21,2026-01-06,,2026-07-29T19:04:25
36493627,2025-10-21,2026-08-18,,2026-08-19T04:05:19
36494077,2025-10-21,2026-05-23,,2026-07-29T19:04:25
36494646,2025-10-21,2025-11-08,,2026-07-29T19:04:25
36495004,2025-10-21,2025-10-21,,2026-07-29T19:04:26
36496015,2025-10-22,2025-11-23,,2026-07-29T19:04:26
36503741,2025-10-22,2026-01-01,,2026-07-29T19:04:26
36503870,2025-10-22,2026-03-30,,2026-08-23T22:09:50
36503926,2025-10-22,2025-12-06,,2026-07-29T19:04:26
36504425,2025-10-22,2025-11-13,,2026-07-29T19:04:26
36504687,2025-10-22,2026-08-20,,2026-08-22T04:15:33
36507303,2025-10-22,2025-10-22,,2026-07-29T19:04:27
36508987,2025-10-22,2026-02-12,,2026-07-29T19:04:27
36509668,2025-10-22,2025-10-23,,2026-07-29T19:04:28
36510037,2025-10-22,2025-11-09,,2026-07-29T19:04:28
36510383,2025-10-22,2026-01-29,,2026-07-29T19:04:28
36511063,2025-10-22,2026-08-20,,2026-08-22T04:13:16
36511673,2025-10-22,2025-10-26,,2026-07-29T19:04:28
36511680,2025-10-22,2026-05-20,,2026-07-29T19:04:28
36512087,2025-10-22,2026-08-24,,2026-08-24T13:37:09
36512649,2025-10-23,2026-06-27,,2026-07-29T19:04:29
36519337,2025-10-23,2026-01-04,,2026-07-29T19:04:30
36520228,2025-10-23,2025-11-18,,2026-07-29T19:04:30
36520295,2025-10-23,2025-11-23,,2026-07-29T19:04:30
36522613,2025-10-23,2026-08-01,,2026-08-02T04:23:15
36524991,2025-10-23,2026-04-23,,2026-07-29T19:04:31
36525766,2025-10-23,2025-11-03,,2026-07-29T19:04:31
36526452,2025-10-23,2025-12-26,,2026-07-29T19:04:31
36527105,2025-10-23,2025-10-23,,2026-07-29T19:04:31
36528441,2025-10-24,2026-05-06,,2026-07-29T19:04:31
36529471,2025-10-24,2026-04-26,,2026-07-29T19:04:31
36529807,2025-10-24,2025-10-28,,2026-07-29T19:04:51
36532158,2025-10-24,2026-02-03,,2026-07-29T19:04:51
36537312,2025-10-24,2026-01-14,,2026-07-29T19:04:51
36539464,2025-10-24,2026-01-30,,2026-07-29T19:04:51
36539992,2025-10-24,2026-08-23,,2026-08-25T04:02:29
36540355,2025-10-24,2026-06-07,,2026-07-29T19:04:52
36540601,2025-10-24,2026-07-24,,2026-07-29T19:04:51
36541279,2025-10-24,2026-03-25,,2026-07-29T19:04:53
36542806,2025-10-24,2025-10-29,,2026-07-29T19:04:53
36544048,2025-10-25,2026-03-24,,2026-07-29T19:04:53
36544778,2025-10-25,2026-04-27,,2026-07-29T19:04:53
36547659,2025-10-25,2026-01-16,,2026-07-29T19:04:53
36548738,2025-10-25,2026-07-18,,2026-07-29T19:04:55
36549976,2025-10-25,2026-07-24,,2026-07-29T19:04:55
36551680,2025-10-25,2025-11-16,,2026-07-29T19:04:55
36552050,2025-10-25,2025-11-03,,2026-07-29T19:04:55
36553087,2025-10-25,2026-04-02,,2026-07-29T19:04:55
36553690,2025-10-25,2026-08-20,,2026-08-22T07:13:09
36553852,2025-10-26,2026-06-25,,2026-07-29T19:04:55
36555512,2025-10-26,2026-08-24,,2026-08-24T23:41:49
36559267,2025-10-26,2025-10-28,,2026-07-29T19:04:55
36559349,2025-10-26,2026-07-14,,2026-07-29T19:04:55
36559990,2025-10-26,2026-02-05,,2026-07-29T19:04:58
36562133,2025-10-26,2025-10-26,,2026-07-29T19:04:58
36562363,2025-10-26,2026-06-24,,2026-07-29T19:04:58
36563569,2025-10-26,2025-10-26,,2026-07-29T19:04:58
36564039,2025-10-27,2026-06-29,,2026-07-29T19:04:58
36564186,2025-10-27,2026-01-27,,2026-07-29T19:04:58
36564244,2025-10-27,2026-08-23,,2026-08-23T16:31:16
36564701,2025-10-27,2026-05-15,,2026-07-29T19:04:58
36570593,2025-10-27,2025-12-30,,2026-07-29T19:04:58
36571757,2025-10-27,2025-11-03,,2026-07-29T19:04:58
36572362,2025-10-27,2026-01-17,,2026-07-29T19:05:00
36572669,2025-10-27,2026-01-15,,2026-07-29T19:05:00
36574527,2025-10-27,2026-01-09,,2026-07-29T19:05:00
36576177,2025-10-27,2025-11-19,,2026-07-29T19:05:00
36576248,2025-10-27,2025-11-30,,2026-07-29T19:05:00
36576277,2025-10-27,2026-01-12,,2026-07-29T19:05:00
36577149,2025-10-27,2026-02-23,,2026-07-29T19:05:00
36577497,2025-10-27,2026-05-21,,2026-07-29T19:05:00
36578359,2025-10-27,2026-05-31,,2026-07-29T19:05:00
36579804,2025-10-27,2026-08-20,,2026-08-22T05:10:11
36581377,2025-10-28,2025-10-28,,2026-07-29T19:05:03
36582552,2025-10-28,2026-01-20,,2026-07-29T19:05:03
36585670,2025-10-28,2026-08-20,,2026-08-21T07:07:25
36589339,2025-10-28,2025-10-28,,2026-07-29T19:05:03
36589575,2025-10-28,2025-11-05,,2026-07-29T19:05:03
36590031,2025-10-28,2025-12-24,,2026-07-29T19:05:03
36590376,2025-10-28,2025-11-14,,2026-07-29T19:05:07
36594789,2025-10-28,2025-11-21,,2026-07-29T19:05:07
36595632,2025-10-28,2026-07-01,,2026-07-29T19:05:07
36596498,2025-10-28,2025-11-09,,2026-07-29T19:05:07
36596709,2025-10-28,2026-07-09,,2026-07-29T19:05:07
36597137,2025-10-28,2026-01-12,,2026-07-29T19:05:08
36598260,2025-10-29,2025-11-04,,2026-07-29T19:05:08
36598875,2025-10-29,2025-12-01,,2026-07-29T19:05:08
36599266,2025-10-29,2026-02-06,,2026-07-29T19:05:08
36599309,2025-10-29,2025-12-26,,2026-07-29T19:05:09
36599552,2025-10-29,2025-11-24,,2026-07-29T19:05:09
36601667,2025-10-29,2026-03-24,,2026-07-29T19:05:09
36603071,2025-10-29,2026-02-23,,2026-07-29T19:05:09
36604667,2025-10-29,2026-01-23,,2026-07-29T19:05:09
36607957,2025-10-29,2025-12-29,,2026-07-29T19:05:10
36609858,2025-10-29,2026-04-19,,2026-07-29T19:05:10
36609947,2025-10-29,2026-07-05,,2026-07-29T19:05:10
36610263,2025-10-29,2026-06-26,,2026-07-29T19:05:11
36610520,2025-10-29,2025-12-08,,2026-07-29T19:05:11
36610781,2025-10-29,2026-03-30,,2026-07-29T19:05:12
36611348,2025-10-29,2026-08-21,,2026-08-23T05:05:25
36612308,2025-10-29,2025-11-08,,2026-07-29T19:05:12
36612443,2025-10-29,2026-06-06,,2026-07-29T19:05:12
36612448,2025-10-29,2026-04-28,,2026-07-29T19:05:12
36613453,2025-10-29,2026-03-30,,2026-07-29T19:05:13
36614064,2025-10-29,2026-06-06,,2026-07-29T19:05:13
36614812,2025-10-29,2025-12-15,,2026-07-29T19:05:13
36615750,2025-10-30,2026-04-05,,2026-07-29T19:05:13
36616291,2025-10-30,2026-08-25,,2026-08-25T02:01:43
36616427,2025-10-30,2026-07-01,,2026-07-29T19:05:14
36617014,2025-10-30,2026-06-25,,2026-07-29T19:05:14
36620849,2025-10-30,2026-08-17,,2026-08-19T07:06:40
36627515,2025-10-30,2026-08-21,,2026-08-23T04:14:47
36627522,2025-10-30,2026-08-22,,2026-08-24T07:09:04
36627823,2025-10-30,2026-05-13,,2026-07-29T19:05:15
36628535,2025-10-30,2026-04-06,,2026-07-29T19:05:15
36629122,2025-10-30,2026-06-14,,2026-07-29T19:05:16
36629287,2025-10-30,2026-02-21,,2026-07-29T19:05:16
36629358,2025-10-30,2025-12-17,,2026-07-29T19:05:16
36629422,2025-10-30,2026-06-07,,2026-07-29T19:05:16
36630871,2025-10-30,2026-01-07,,2026-07-29T19:05:16
36631491,2025-10-30,2026-06-16,,2026-07-29T19:05:17
36631652,2025-10-30,2026-04-07,,2026-07-29T19:05:17
36632003,2025-10-31,2026-01-21,,2026-07-29T19:05:17
36634701,2025-10-31,2026-05-04,,2026-07-29T19:05:17
36638447,2025-10-31,2025-10-31,,2026-07-29T19:05:17
36641476,2025-10-31,2026-07-15,,2026-07-29T19:05:18
36643549,2025-10-31,2026-07-02,,2026-07-29T19:05:18
36644119,2025-10-31,2026-04-27,,2026-07-29T19:05:18
36644354,2025-10-31,2026-08-24,,2026-08-24T14:56:52
36644830,2025-10-31,2026-02-04,,2026-07-29T19:05:19
36644836,2025-10-31,2026-08-24,,2026-08-24T14:01:36
36645304,2025-10-31,2026-04-17,,2026-07-29T19:05:19
36645484,2025-10-31,2026-06-14,,2026-07-29T19:05:20
36645849,2025-10-31,2026-01-24,,2026-07-29T19:05:19
36646919,2025-11-01,2026-08-18,,2026-08-20T06:01:23
36647140,2025-11-01,2026-02-10,,2026-07-29T19:05:20
36648322,2025-11-01,2026-08-12,,2026-08-14T16:00:47
36651572,2025-11-01,2025-12-11,,2026-07-29T19:05:21
36652066,2025-11-01,2026-02-25,,2026-07-29T19:05:20
36655360,2025-11-01,2026-08-23,,2026-08-25T04:01:12
36655687,2025-11-01,2025-11-01,,2026-07-29T19:05:21
36655977,2025-11-01,2026-07-29,,2026-07-31T04:15:26
36656563,2025-11-01,2025-11-04,,2026-07-29T19:05:22
36657281,2025-11-02,2026-08-14,,2026-08-16T07:15:15
36657344,2025-11-02,2026-03-15,,2026-07-29T19:05:22
36657676,2025-11-02,2025-11-22,,2026-07-29T19:05:22
36657909,2025-11-02,2026-01-22,,2026-07-29T19:05:23
36657968,2025-11-02,2025-11-20,,2026-07-29T19:05:23
36658270,2025-11-02,2026-03-12,,2026-07-29T19:05:23
36658709,2025-11-02,2026-03-31,,2026-07-29T19:05:23
36661213,2025-11-02,2026-04-14,,2026-07-29T19:05:23
36664519,2025-11-02,2026-07-25,,2026-07-29T19:05:24
36664522,2025-11-02,2026-07-07,,2026-07-29T19:05:24
36664650,2025-11-02,2025-11-12,,2026-07-29T19:05:24
36664689,2025-11-02,2026-02-06,,2026-07-29T19:05:24
36666698,2025-11-03,2026-08-23,,2026-08-25T04:05:10
36666709,2025-11-03,2026-06-03,,2026-07-29T19:05:25
36667698,2025-11-03,2026-07-30,,2026-08-01T04:17:45
36675169,2025-11-03,2026-08-23,,2026-08-23T19:50:32
36675263,2025-11-03,2026-04-21,,2026-07-29T19:05:26
36677298,2025-11-03,2026-01-26,,2026-07-29T19:05:26
36679369,2025-11-03,2026-07-24,,2026-07-29T19:05:26
36682921,2025-11-03,2026-06-13,,2026-07-29T19:05:26
36683703,2025-11-03,2025-11-04,,2026-07-29T19:05:26
36683784,2025-11-03,2026-05-11,,2026-07-29T19:05:27
36683919,2025-11-03,2026-03-11,,2026-07-29T19:05:27
36684542,2025-11-04,2026-06-24,,2026-07-29T19:05:27
36684647,2025-11-04,2025-12-15,,2026-07-29T19:05:27
36685717,2025-11-04,2026-02-28,,2026-07-29T19:05:27
36686318,2025-11-04,2025-12-02,,2026-07-29T19:05:28
36686353,2025-11-04,2026-08-24,,2026-08-24T19:29:11
36688924,2025-11-04,2026-08-13,,2026-08-15T07:02:37
36689577,2025-11-04,2025-11-06,,2026-07-29T19:05:28
36692365,2025-11-04,2026-06-28,,2026-07-29T19:05:28
36694877,2025-11-04,2025-12-01,,2026-07-29T19:05:28
36694961,2025-11-04,2026-06-01,,2026-07-29T19:05:29
36695286,2025-11-04,2025-12-17,,2026-07-29T19:05:29
36698931,2025-11-04,2026-02-09,,2026-07-29T19:05:30
36700293,2025-11-04,2026-06-15,,2026-07-29T19:05:50
36700679,2025-11-04,2026-07-16,,2026-07-29T19:05:51
36700730,2025-11-04,2026-05-21,,2026-07-29T19:05:51
36701065,2025-11-04,2026-07-21,,2026-07-29T19:05:51
36702553,2025-11-04,2026-05-06,,2026-07-29T19:05:51
36702736,2025-11-05,2026-07-11,,2026-07-29T19:05:52
36702842,2025-11-05,2025-11-14,,2026-07-29T19:05:52
36703778,2025-11-05,2026-07-13,,2026-07-29T19:05:52
36704371,2025-11-05,2026-05-10,,2026-07-29T19:05:52
36710174,2025-11-05,2026-02-12,,2026-07-29T19:05:52
36712275,2025-11-05,2026-03-07,,2026-07-29T19:05:52
36712377,2025-11-05,2026-08-11,,2026-08-12T04:21:05
36713115,2025-11-05,2025-11-05,,2026-07-29T19:05:53
36714913,2025-11-05,2026-07-31,,2026-08-02T04:21:39
36715912,2025-11-05,2026-08-21,,2026-08-23T04:23:22
36716718,2025-11-05,2026-04-27,,2026-07-29T19:05:54
36717929,2025-11-05,2025-11-12,,2026-07-29T19:05:54
36718790,2025-11-05,2026-02-22,,2026-07-29T19:05:55
36720227,2025-11-06,2026-05-08,,2026-07-29T19:05:55
36721282,2025-11-06,2025-11-15,,2026-07-29T19:05:55
36730809,2025-11-06,2025-12-30,,2026-07-29T19:05:55
36732027,2025-11-06,2026-05-26,,2026-07-29T19:05:55
36733615,2025-11-06,2026-02-24,,2026-07-29T19:05:56
36736272,2025-11-06,2026-06-12,,2026-07-29T19:05:56
36738583,2025-11-07,2026-06-29,,2026-07-29T19:05:56
36745384,2025-11-07,2026-08-20,,2026-08-22T04:06:07
36749214,2025-11-07,2026-02-10,,2026-07-29T19:05:56
36749743,2025-11-07,2026-04-16,,2026-07-29T19:05:57
36754727,2025-11-07,2026-08-07,,2026-08-08T05:11:27
36755094,2025-11-07,2026-07-02,,2026-07-29T19:05:57
36755660,2025-11-07,2026-08-19,,2026-08-21T07:11:50
36758344,2025-11-08,2026-07-20,,2026-07-29T19:05:58
36768610,2025-11-08,2025-11-08,,2026-07-29T19:05:58
36773529,2025-11-09,2026-07-24,,2026-07-29T19:05:58
36774570,2025-11-09,2025-11-20,,2026-07-29T19:05:58
36775164,2025-11-09,2026-04-24,,2026-07-29T19:05:58
36777422,2025-11-09,2026-01-14,,2026-07-29T19:05:59
36777995,2025-11-09,2026-04-09,,2026-07-29T19:05:59
36778693,2025-11-09,2026-08-04,,2026-08-06T04:16:25
36778925,2025-11-09,2026-08-01,,2026-08-03T07:09:58
36780188,2025-11-10,2025-11-14,,2026-07-29T19:05:59
36782009,2025-11-10,2025-12-17,,2026-07-29T19:05:59
36789278,2025-11-10,2025-11-17,,2026-07-29T19:06:00
36789910,2025-11-10,2026-01-31,,2026-07-29T19:06:00
36790780,2025-11-10,2025-11-10,,2026-07-29T19:06:00
36791000,2025-11-10,2026-08-19,,2026-08-21T07:02:58
36791418,2025-11-10,2026-08-15,,2026-08-17T04:10:02
36791608,2025-11-10,2026-08-22,,2026-08-24T04:07:42
36791645,2025-11-10,2026-05-27,,2026-07-29T19:06:01
36794875,2025-11-10,2025-11-20,,2026-07-29T19:06:01
36794948,2025-11-10,2026-08-24,,2026-08-24T13:03:11
36795419,2025-11-10,2025-11-25,,2026-07-29T19:06:02
36798420,2025-11-11,2026-01-05,,2026-07-29T19:06:02
36806299,2025-11-11,2026-02-28,,2026-07-29T19:06:02
36807255,2025-11-11,2025-12-10,,2026-07-29T19:06:02
36810143,2025-11-11,2025-11-18,,2026-07-29T19:06:03
36814248,2025-11-12,2025-12-08,,2026-07-29T19:06:03
36816200,2025-11-12,2026-07-20,,2026-07-29T19:06:03
36816281,2025-11-12,2026-07-14,,2026-07-29T19:06:03
36818436,2025-11-12,2026-03-31,,2026-07-29T19:06:04
36824240,2025-11-12,2025-12-11,,2026-07-29T19:06:05
36826318,2025-11-12,2025-11-30,,2026-07-29T19:06:05
36826534,2025-11-12,2026-08-24,,2026-08-24T14:12:50
36826841,2025-11-12,2026-04-20,,2026-07-29T19:06:05
36826882,2025-11-12,2026-04-11,,2026-07-29T19:06:05
36827341,2025-11-12,2025-11-20,,2026-07-29T19:06:05
36827854,2025-11-12,2026-08-09,,2026-08-11T07:03:50
36828498,2025-11-12,2026-07-05,,2026-07-29T19:06:06
36829687,2025-11-12,2026-02-08,,2026-07-29T19:06:06
36829842,2025-11-12,2026-03-22,,2026-07-29T19:06:06
36830394,2025-11-13,2026-05-15,,2026-07-29T19:06:07
36830875,2025-11-13,2026-05-14,,2026-07-29T19:06:07
36833406,2025-11-13,2025-11-13,,2026-07-29T19:06:07
36840775,2025-11-13,2026-05-27,,2026-07-29T19:06:07
36844690,2025-11-13,2026-08-23,,2026-08-25T05:05:46
36847496,2025-11-14,2026-08-24,,2026-08-24T20:32:31
36847941,2025-11-14,2025-12-09,,2026-07-29T19:06:08
36856981,2025-11-14,2025-12-04,,2026-07-29T19:06:08
36857021,2025-11-14,2025-11-14,,2026-07-29T19:06:08
36857851,2025-11-14,2026-08-23,,2026-08-23T14:03:18
36858456,2025-11-14,2025-12-01,,2026-07-29T19:06:09
36858685,2025-11-14,2026-07-30,,2026-08-01T07:02:44
36858927,2025-11-14,2026-04-13,,2026-07-29T19:06:09
36860815,2025-11-14,2026-07-09,,2026-07-29T19:06:09
36861062,2025-11-14,2026-06-20,,2026-07-29T19:06:10
36861068,2025-11-14,2026-01-27,,2026-07-29T19:06:10
36861793,2025-11-15,2025-11-17,,2026-07-29T19:06:10
36861863,2025-11-15,2026-05-25,,2026-07-29T19:06:10
36866846,2025-11-15,2025-11-19,,2026-07-29T19:06:10
36868947,2025-11-15,2026-01-02,,2026-07-29T19:06:11
36869627,2025-11-15,2025-11-15,,2026-07-29T19:06:11
36870046,2025-11-15,2026-08-24,,2026-08-24T17:15:00
36870313,2025-11-15,2026-03-28,,2026-07-29T19:06:11
36871116,2025-11-15,2026-07-07,,2026-07-29T19:06:11
36871151,2025-11-15,2025-11-22,,2026-07-29T19:06:11
36877810,2025-11-16,2025-12-09,,2026-07-29T19:06:12
36879345,2025-11-16,2025-11-17,,2026-07-29T19:06:12
36880073,2025-11-16,2026-07-26,,2026-07-29T19:06:12
36883429,2025-11-17,2025-11-17,,2026-07-29T19:06:12
36885306,2025-11-17,2026-08-24,,2026-08-24T23:45:01
36894428,2025-11-17,2025-11-17,,2026-07-29T19:06:17
36896841,2025-11-17,2025-11-29,,2026-07-29T19:06:17
36897102,2025-11-17,2026-08-25,,2026-08-25T05:13:38
36899571,2025-11-17,2025-12-23,,2026-07-29T19:06:18
36900471,2025-11-18,2026-05-29,,2026-07-29T19:06:17
36903696,2025-11-18,2026-05-22,,2026-07-29T19:06:18
36910482,2025-11-18,2026-06-19,,2026-07-29T19:06:18
36912130,2025-11-18,2026-07-24,,2026-07-29T19:06:18
36912840,2025-11-18,2025-11-18,,2026-07-29T19:06:19
36914332,2025-11-18,2026-08-03,,2026-08-05T04:19:07
36915752,2025-11-18,2026-01-07,,2026-07-29T19:06:19
36915768,2025-11-18,2026-08-06,,2026-08-08T07:12:42
36919184,2025-11-19,2026-03-20,,2026-07-29T19:06:20
36919738,2025-11-19,2026-03-07,,2026-07-29T19:06:20
36927135,2025-11-19,2026-07-01,,2026-07-29T19:06:21
36933549,2025-11-19,2026-05-15,,2026-07-29T19:06:20
36934223,2025-11-20,2026-03-15,,2026-07-29T19:06:20
36934633,2025-11-20,2026-01-25,,2026-07-29T19:06:21
36934672,2025-11-20,2026-01-05,,2026-07-29T19:06:21
36935217,2025-11-20,2025-11-28,,2026-07-29T19:06:21
36938299,2025-11-20,2026-02-21,,2026-07-29T19:06:21
36948342,2025-11-20,2026-08-11,,2026-08-13T07:10:28
36949074,2025-11-20,2026-06-21,,2026-07-29T19:06:23
36949771,2025-11-21,2025-12-29,,2026-07-29T19:06:24
36949939,2025-11-21,2025-11-25,,2026-07-29T19:06:23
36950001,2025-11-21,2025-12-13,,2026-07-29T19:06:23
36951527,2025-11-21,2026-03-26,,2026-07-29T19:06:24
36957926,2025-11-21,2026-08-20,,2026-08-22T04:00:29
36959575,2025-11-21,2025-11-21,,2026-07-29T19:06:24
36961499,2025-11-21,2026-03-17,,2026-07-29T19:06:25
36962256,2025-11-21,2026-01-21,,2026-07-29T19:06:25
36963604,2025-11-21,2026-01-11,,2026-07-29T19:06:25
36964570,2025-11-22,2026-08-15,,2026-08-16T04:26:15
36964853,2025-11-22,2026-01-19,,2026-07-29T19:06:25
36964861,2025-11-22,2026-04-11,,2026-07-29T19:06:26
36973682,2025-11-22,2026-02-17,,2026-07-29T19:06:26
36974266,2025-11-23,2026-06-29,,2026-07-29T19:06:26
36975008,2025-11-23,2025-11-26,,2026-07-29T19:06:26
36976028,2025-11-23,2026-02-02,,2026-07-29T19:06:27
36979086,2025-11-23,2025-12-13,,2026-07-29T19:06:27
36981249,2025-11-23,2026-01-08,,2026-07-29T19:06:27
36981603,2025-11-23,2026-07-30,,2026-08-01T04:18:10
36981655,2025-11-23,2026-08-12,,2026-08-14T07:08:07
36984168,2025-11-24,2026-04-01,,2026-07-29T19:06:28
36984673,2025-11-24,2025-11-25,,2026-07-29T19:06:28
36986458,2025-11-24,2026-07-31,,2026-08-02T05:10:49
36988038,2025-11-24,2026-06-24,,2026-07-29T19:06:28
36991849,2025-11-24,2026-08-17,,2026-08-19T04:21:07
36996477,2025-11-24,2026-08-12,,2026-08-14T04:13:05
36999271,2025-11-25,2026-05-25,,2026-07-29T19:06:29
36999736,2025-11-25,2026-02-03,,2026-07-29T19:06:29
37008726,2025-11-25,2026-04-17,,2026-07-29T19:06:29
37010676,2025-11-25,2026-05-14,,2026-07-29T19:06:30
37011662,2025-11-25,2026-01-09,,2026-07-29T19:06:30
37011966,2025-11-25,2025-11-25,,2026-07-29T19:06:30
37014852,2025-11-25,2026-01-10,,2026-07-29T19:06:30
37016894,2025-11-26,2026-04-26,,2026-07-29T19:06:30
37017756,2025-11-26,2026-08-21,,2026-08-23T04:21:47
37022719,2025-11-26,2026-08-15,,2026-08-17T04:11:25
37023851,2025-11-26,2026-04-14,,2026-07-29T19:06:31
37023855,2025-11-26,2025-11-26,,2026-07-29T19:06:31
37023856,2025-11-26,2026-02-03,,2026-07-29T19:06:31
37025669,2025-11-26,2026-03-09,,2026-07-29T19:06:32
37026620,2025-11-26,2025-12-06,,2026-07-29T19:06:32
37028046,2025-11-26,2026-08-23,,2026-08-25T05:04:08
37028491,2025-11-26,2026-08-14,,2026-08-16T04:19:06
37030441,2025-11-27,2026-08-08,,2026-08-09T07:04:45
37030506,2025-11-27,2026-06-10,,2026-07-29T19:06:32
37041953,2025-11-28,2026-06-08,,2026-07-29T19:06:33
37042634,2025-11-28,2025-12-04,,2026-07-29T19:06:33
37043387,2025-11-28,2025-12-14,,2026-07-29T19:06:33
37044770,2025-11-28,2026-01-07,,2026-07-29T19:06:33
37044901,2025-11-28,2026-04-30,,2026-07-29T19:06:34
37047746,2025-11-28,2026-01-05,,2026-07-29T19:06:34
37050227,2025-11-28,2026-06-14,,2026-07-29T19:06:34
37051757,2025-11-28,2025-11-28,,2026-07-29T19:06:34
37051818,2025-11-28,2026-03-13,,2026-07-29T19:06:34
37052280,2025-11-28,2026-01-19,,2026-07-29T19:06:35
37052569,2025-11-28,2026-01-03,,2026-07-29T19:06:35
37052596,2025-11-28,2026-02-11,,2026-07-29T19:06:35
37052635,2025-11-28,2026-03-31,,2026-07-29T19:06:35
37052704,2025-11-28,2025-12-06,,2026-07-29T19:06:35
37053418,2025-11-28,2026-02-18,,2026-07-29T19:06:36
37053481,2025-11-28,2026-07-13,,2026-07-29T19:06:36
37053999,2025-11-29,2026-08-02,,2026-08-04T04:06:53
37054492,2025-11-29,2025-12-08,,2026-07-29T19:06:36
37054591,2025-11-29,2025-12-16,,2026-07-29T19:06:36
37054930,2025-11-29,2026-02-15,,2026-07-29T19:06:36
37054979,2025-11-29,2026-08-21,,2026-08-23T04:22:52
37055015,2025-11-29,2026-03-12,,2026-07-29T19:06:37
37055123,2025-11-29,2026-02-28,,2026-07-29T19:06:37
37055247,2025-11-29,2025-12-03,,2026-07-29T19:06:37
37055297,2025-11-29,2025-12-04,,2026-07-29T19:06:37
37055329,2025-11-29,2025-11-30,,2026-07-29T19:06:38
37055494,2025-11-29,2026-07-23,,2026-07-29T19:06:38
37056331,2025-11-29,2026-08-23,,2026-08-24T04:07:55
37058643,2025-11-29,2025-12-18,,2026-07-29T19:06:38
37059487,2025-11-29,2025-12-05,,2026-07-29T19:06:39
37060356,2025-11-29,2025-11-29,,2026-07-29T19:06:39
37061106,2025-11-29,2025-12-07,,2026-07-29T19:06:40
37061250,2025-11-29,2025-11-29,,2026-07-29T19:06:40
37061259,2025-11-29,2026-04-14,,2026-07-29T19:06:40
37061368,2025-11-29,2026-01-21,,2026-07-29T19:06:40
37061612,2025-11-29,2025-11-30,,2026-07-29T19:06:41
37062914,2025-11-29,2026-08-24,,2026-08-25T05:01:23
37062929,2025-11-29,2025-11-29,,2026-07-29T19:06:41
37063117,2025-11-29,2025-12-16,,2026-07-29T19:06:41
37063226,2025-11-29,2026-01-15,,2026-07-29T19:06:41
37063263,2025-11-29,2026-08-24,,2026-08-24T23:27:12
37063299,2025-11-29,2026-08-12,,2026-08-13T07:17:09
37064080,2025-11-30,2026-08-18,,2026-08-20T05:08:10
37064312,2025-11-30,2025-11-30,,2026-07-29T19:06:42
37064519,2025-11-30,2025-11-30,,2026-07-29T19:06:43
37064568,2025-11-30,2026-04-01,,2026-07-29T19:06:43
37064649,2025-11-30,2025-12-01,,2026-07-29T19:06:43
37064684,2025-11-30,2026-03-24,,2026-07-29T19:06:44
37064893,2025-11-30,2025-11-30,,2026-07-29T19:06:44
37064947,2025-11-30,2026-03-30,,2026-07-29T19:06:44
37065251,2025-11-30,2026-08-22,,2026-08-24T04:10:27
37065325,2025-11-30,2026-01-26,,2026-07-29T19:06:44
37065340,2025-11-30,2026-07-01,,2026-07-29T19:06:45
37065483,2025-11-30,2026-08-06,,2026-08-08T06:03:33
37065986,2025-11-30,2025-11-30,,2026-07-29T19:06:45
37066294,2025-11-30,2026-04-16,,2026-07-29T19:06:45
37068671,2025-11-30,2026-06-19,,2026-07-29T19:06:45
37069530,2025-11-30,2026-03-19,,2026-07-29T19:06:45
37069653,2025-11-30,2026-07-23,,2026-07-29T19:06:45
37069737,2025-11-30,2026-05-04,,2026-07-29T19:06:46
37069956,2025-11-30,2026-06-19,,2026-07-29T19:06:46
37069987,2025-11-30,2025-12-07,,2026-07-29T19:06:46
37070147,2025-11-30,2025-12-10,,2026-07-29T19:06:46
37070222,2025-11-30,2026-01-12,,2026-07-29T19:06:46
37070727,2025-11-30,2026-03-19,,2026-07-29T19:06:47
37070772,2025-11-30,2026-08-17,,2026-08-19T05:03:55
37070818,2025-11-30,2025-12-01,,2026-07-29T19:06:47
37071051,2025-11-30,2025-12-08,,2026-07-29T19:06:47
37071055,2025-11-30,2026-08-11,,2026-08-13T04:22:32
37071186,2025-11-30,2025-11-30,,2026-07-29T19:06:48
37071252,2025-11-30,2026-02-20,,2026-07-29T19:06:48
37071382,2025-11-30,2026-08-08,,2026-08-10T06:00:57
37071612,2025-11-30,2026-04-13,,2026-07-29T19:06:48
37071827,2025-11-30,2025-12-01,,2026-07-29T19:06:49
37071883,2025-11-30,2026-01-20,,2026-07-29T19:06:49
37071954,2025-11-30,2025-12-11,,2026-07-29T19:06:49
37071970,2025-11-30,2025-12-01,,2026-07-29T19:06:50
37072036,2025-11-30,2026-01-05,,2026-07-29T19:06:50
37072117,2025-11-30,2025-12-29,,2026-07-29T19:06:50
37072254,2025-11-30,2026-05-13,,2026-07-29T19:06:50
37072374,2025-11-30,2025-12-13,,2026-07-29T19:06:51
37072433,2025-11-30,2025-11-30,,2026-07-29T19:06:51
37072528,2025-11-30,2025-12-15,,2026-07-29T19:06:51
37072662,2025-11-30,2026-08-19,,2026-08-21T07:11:05
37072738,2025-11-30,2026-02-20,,2026-07-29T19:06:52
37073059,2025-11-30,2025-11-30,,2026-07-29T19:06:52
37073071,2025-11-30,2025-12-17,,2026-07-29T19:06:52
37073134,2025-11-30,2026-01-08,,2026-07-29T19:06:53
37073371,2025-11-30,2025-12-07,,2026-07-29T19:06:53
37073520,2025-11-30,2025-12-05,,2026-07-29T19:06:53
37073610,2025-11-30,2026-08-25,,2026-08-25T05:03:08
37073630,2025-11-30,2025-12-01,,2026-07-29T19:06:53
37073651,2025-11-30,2026-06-01,,2026-07-29T19:06:53
37073975,2025-12-01,2025-12-01,,2026-07-29T19:06:54
37074026,2025-12-01,2026-06-10,,2026-07-29T19:06:54
37074047,2025-12-01,2026-06-20,,2026-07-29T19:06:54
37074168,2025-12-01,2026-07-06,,2026-07-29T19:06:54
37074246,2025-12-01,2026-05-15,,2026-07-29T19:06:54
37074328,2025-12-01,2025-12-01,,2026-07-29T19:06:55
37074631,2025-12-01,2025-12-31,,2026-07-29T19:06:55
37074842,2025-12-01,2026-02-03,,2026-07-29T19:06:55
37075198,2025-12-01,2026-02-15,,2026-07-29T19:06:55
37075351,2025-12-01,2026-08-24,,2026-08-24T23:41:14
37075391,2025-12-01,2026-01-17,,2026-07-29T19:06:55
37075499,2025-12-01,2026-07-19,,2026-07-29T19:06:56
37075545,2025-12-01,2025-12-16,,2026-07-29T19:06:56
37075615,2025-12-01,2026-02-12,,2026-07-29T19:06:56
37075799,2025-12-01,2026-06-20,,2026-07-29T19:06:56
37076026,2025-12-01,2026-03-24,,2026-07-29T19:06:56
37076172,2025-12-01,2025-12-07,,2026-07-29T19:06:58
37076258,2025-12-01,2025-12-02,,2026-07-29T19:06:58
37076377,2025-12-01,2025-12-01,,2026-07-29T19:06:58
37077201,2025-12-01,2026-06-11,,2026-07-29T19:06:58
37077558,2025-12-01,2025-12-04,,2026-07-29T19:06:58
37078772,2025-12-01,2026-08-04,,2026-08-05T07:19:16
37080388,2025-12-01,2025-12-24,,2026-07-29T19:06:58
37081145,2025-12-01,2025-12-01,,2026-07-29T19:06:58
37081781,2025-12-01,2026-01-20,,2026-07-29T19:06:59
37082005,2025-12-01,2026-07-05,,2026-07-29T19:06:59
37082865,2025-12-01,2026-01-05,,2026-07-29T19:06:59
37082873,2025-12-01,2026-03-29,,2026-07-29T19:06:59
37082885,2025-12-01,2026-08-15,,2026-08-17T04:07:13
37083007,2025-12-01,2026-02-09,,2026-07-29T19:07:00
37084740,2025-12-01,2026-08-09,,2026-08-11T04:09:50
37084761,2025-12-01,2026-08-13,,2026-08-15T04:14:35
37085134,2025-12-01,2025-12-01,,2026-07-29T19:07:00
37085517,2025-12-01,2026-01-13,,2026-07-29T19:07:00
37085561,2025-12-01,2026-01-15,,2026-07-29T19:07:01
37085717,2025-12-01,2026-08-13,,2026-08-15T04:21:19
37085731,2025-12-01,2026-08-25,,2026-08-25T02:00:33
37085800,2025-12-01,2026-02-09,,2026-07-29T19:07:03
37086365,2025-12-01,2026-08-02,,2026-08-04T05:06:23
37086444,2025-12-01,2026-08-15,,2026-08-16T07:17:32
37086455,2025-12-01,2025-12-01,,2026-07-29T19:07:04
37086665,2025-12-01,2026-08-25,,2026-08-25T02:12:04
37087011,2025-12-01,2026-07-15,,2026-07-29T19:07:04
37087070,2025-12-01,2026-04-06,,2026-07-29T19:07:04
37087178,2025-12-01,2025-12-18,,2026-07-29T19:07:04
37087398,2025-12-01,2025-12-11,,2026-07-29T19:07:06
37087949,2025-12-01,2026-04-06,,2026-07-29T19:07:06
37088307,2025-12-01,2025-12-09,,2026-07-29T19:07:06
37088693,2025-12-01,2026-02-18,,2026-07-29T19:07:06
37088729,2025-12-01,2026-01-02,,2026-07-29T19:07:06
37089094,2025-12-01,2025-12-02,,2026-07-29T19:07:08
37089506,2025-12-01,2026-04-07,,2026-07-29T19:07:08
37089563,2025-12-01,2026-07-22,,2026-07-29T19:07:08
37089578,2025-12-01,2026-02-22,,2026-07-29T19:07:08
37089613,2025-12-01,2026-05-10,,2026-07-31T02:52:14
37089667,2025-12-01,2026-06-08,,2026-07-29T19:07:08
37090032,2025-12-01,2026-05-02,,2026-07-29T19:07:08
37090038,2025-12-01,2025-12-05,,2026-07-29T19:07:08
37090099,2025-12-01,2025-12-11,,2026-07-29T19:07:08
37090150,2025-12-01,2026-01-27,,2026-07-29T19:07:08
37090333,2025-12-01,2026-02-03,,2026-07-29T19:07:10
37090711,2025-12-01,2026-01-18,,2026-07-29T19:07:10
37090731,2025-12-01,2026-01-15,,2026-07-29T19:07:10
37090796,2025-12-01,2026-08-12,,2026-08-14T06:04:48
37091228,2025-12-02,2025-12-26,,2026-07-29T19:07:10
37091299,2025-12-02,2026-08-01,,2026-08-02T04:23:39
37091327,2025-12-02,2025-12-13,,2026-07-29T19:07:11
37091434,2025-12-02,2026-03-05,,2026-07-29T19:07:11
37091603,2025-12-02,2025-12-06,,2026-07-29T19:07:11
37091766,2025-12-02,2025-12-22,,2026-07-29T19:07:11
37092240,2025-12-02,2026-08-02,,2026-08-04T04:07:53
37092407,2025-12-02,2025-12-02,,2026-07-29T19:07:14
37092435,2025-12-02,2025-12-02,,2026-07-29T19:07:14
37092537,2025-12-02,2025-12-16,,2026-07-29T19:07:14
37092774,2025-12-02,2026-01-12,,2026-07-29T19:07:14
37092924,2025-12-02,2026-03-23,,2026-07-29T19:07:14
37092958,2025-12-02,2025-12-08,,2026-07-29T19:07:16
37093133,2025-12-02,2026-05-22,,2026-07-29T19:07:16
37093137,2025-12-02,2026-06-25,,2026-07-29T19:07:16
37093154,2025-12-02,2025-12-02,,2026-07-29T19:07:16
37093275,2025-12-02,2025-12-07,,2026-07-29T19:07:16
37093310,2025-12-02,2026-01-08,,2026-07-29T19:07:16
37093484,2025-12-02,2025-12-04,,2026-07-29T19:07:16
37093552,2025-12-02,2026-03-21,,2026-07-29T19:07:16
37093560,2025-12-02,2025-12-03,,2026-07-29T19:07:16
37093580,2025-12-02,2026-02-05,,2026-07-29T19:07:16
37093629,2025-12-02,2026-07-26,,2026-07-29T19:07:16
37093679,2025-12-02,2025-12-02,,2026-07-29T19:07:18
37093693,2025-12-02,2026-08-21,,2026-08-23T05:11:01
37093826,2025-12-02,2025-12-17,,2026-07-29T19:07:18
37093913,2025-12-02,2025-12-03,,2026-07-29T19:07:18
37093956,2025-12-02,2026-06-07,,2026-07-29T19:07:18
37093973,2025-12-02,2026-03-03,,2026-07-29T19:07:18
37094188,2025-12-02,2025-12-18,,2026-07-29T19:07:18
37094537,2025-12-02,2026-04-16,,2026-07-29T19:07:18
37094549,2025-12-02,2026-07-11,,2026-07-29T19:07:20
37094806,2025-12-02,2026-08-19,,2026-08-21T06:04:27
37094809,2025-12-02,2026-07-04,,2026-07-29T19:07:20
37095646,2025-12-02,2026-06-08,,2026-07-29T19:07:20
37095845,2025-12-02,2026-07-22,,2026-07-29T19:07:20
37095895,2025-12-02,2026-07-03,,2026-07-29T19:07:20
37096051,2025-12-02,2026-05-14,,2026-07-29T19:07:21
37096067,2025-12-02,2026-01-13,,2026-07-29T19:07:23
37099217,2025-12-02,2026-03-12,,2026-07-29T19:07:23
37099630,2025-12-02,2025-12-07,,2026-07-29T19:07:23
37100695,2025-12-02,2025-12-10,,2026-07-29T19:07:23
37101430,2025-12-02,2025-12-02,,2026-07-29T19:07:23
37101440,2025-12-02,2025-12-09,,2026-07-29T19:07:23
37101902,2025-12-02,2026-08-14,,2026-08-16T04:12:55
37102690,2025-12-02,2025-12-02,,2026-07-29T19:07:23
37102696,2025-12-02,2026-06-13,,2026-07-29T19:07:23
37103947,2025-12-02,2026-05-01,,2026-07-29T19:07:23
37104094,2025-12-02,2026-07-15,,2026-07-29T19:07:23
37104414,2025-12-02,2026-06-06,,2026-07-29T19:07:23
37104446,2025-12-02,2026-07-29,,2026-07-31T04:18:16
37104583,2025-12-02,2026-06-24,,2026-07-29T19:07:26
37104837,2025-12-02,2025-12-04,,2026-07-29T19:07:26
37104942,2025-12-02,2026-01-07,,2026-07-29T19:07:26
37105352,2025-12-02,2026-01-12,,2026-07-29T19:07:26
37105644,2025-12-02,2026-06-23,,2026-07-29T19:07:26
37105830,2025-12-02,2025-12-11,,2026-07-29T19:07:26
37106066,2025-12-02,2026-07-28,,2026-07-29T19:07:26
37106508,2025-12-02,2026-02-10,,2026-07-29T19:07:26
37107253,2025-12-02,2026-06-10,,2026-07-29T19:07:26
37107518,2025-12-02,2026-01-27,,2026-07-29T19:07:26
37107586,2025-12-02,2026-07-07,,2026-07-29T19:07:26
37107929,2025-12-02,2025-12-03,,2026-07-29T19:07:26
37108584,2025-12-03,2026-01-06,,2026-07-29T19:07:26
37110362,2025-12-03,2026-06-23,,2026-07-29T19:07:29
37111201,2025-12-03,2026-07-17,,2026-07-29T19:07:29
37111312,2025-12-03,2026-08-20,,2026-08-21T04:21:17
37112233,2025-12-03,2026-05-25,,2026-07-29T19:07:29
37112581,2025-12-03,2026-03-03,,2026-07-29T19:07:29
37112963,2025-12-03,2026-03-12,,2026-07-29T19:07:29
37113123,2025-12-03,2026-01-07,,2026-07-29T19:07:29
37113725,2025-12-03,2026-06-07,,2026-07-29T19:07:29
37115175,2025-12-03,2026-08-16,,2026-08-18T05:06:14
37116097,2025-12-03,2026-05-10,,2026-07-29T19:07:29
37119937,2025-12-03,2025-12-08,,2026-07-29T19:07:29
37121104,2025-12-03,2025-12-03,,2026-07-29T19:07:29
37121273,2025-12-03,2026-01-05,,2026-07-29T19:07:29
37121519,2025-12-03,2026-08-15,,2026-08-17T05:05:28
37123305,2025-12-03,2025-12-28,,2026-07-29T19:07:33
37125502,2025-12-03,2025-12-05,,2026-07-29T19:07:33
37126396,2025-12-03,2026-04-30,,2026-07-29T19:07:33
37126519,2025-12-03,2025-12-03,,2026-07-29T19:07:33
37126980,2025-12-03,2026-05-11,,2026-07-29T19:07:33
37127176,2025-12-03,2026-02-09,,2026-07-29T19:07:33
37128762,2025-12-03,2026-04-08,,2026-07-29T19:07:33
37129608,2025-12-04,2025-12-04,,2026-07-29T19:07:33
37129895,2025-12-04,2025-12-09,,2026-07-29T19:07:33
37130402,2025-12-04,2026-08-18,,2026-08-20T07:12:55
37131040,2025-12-04,2026-06-01,,2026-07-29T19:07:33
37131159,2025-12-04,2026-02-08,,2026-07-29T19:07:33
37134187,2025-12-04,2026-08-22,,2026-08-24T04:13:56
37135610,2025-12-04,2026-01-01,,2026-07-29T19:07:37
37139135,2025-12-04,2025-12-17,,2026-07-29T19:07:37
37139809,2025-12-04,2026-05-04,,2026-07-29T19:07:37
37140511,2025-12-04,2026-04-06,,2026-07-29T19:07:37
37142142,2025-12-04,2025-12-06,,2026-07-29T19:07:37
37142792,2025-12-04,2026-06-01,,2026-07-29T19:07:37
37143098,2025-12-04,2026-08-23,,2026-08-23T20:02:19
37143651,2025-12-04,2026-08-17,,2026-08-19T07:14:35
37144307,2025-12-04,2026-05-21,,2026-07-29T19:07:37
37144317,2025-12-04,2026-08-19,,2026-08-21T04:18:44
37144720,2025-12-04,2026-08-15,,2026-08-17T04:13:18
37145031,2025-12-04,2026-08-13,,2026-08-15T05:04:16
37145202,2025-12-04,2026-03-26,,2026-07-29T19:07:37
37145235,2025-12-04,2026-07-28,,2026-07-30T07:13:47
37145310,2025-12-04,2025-12-07,,2026-07-29T19:07:37
37145349,2025-12-05,2026-08-23,,2026-08-24T04:15:39
37145381,2025-12-05,2025-12-06,,2026-07-29T19:07:37
37146016,2025-12-05,2026-08-25,,2026-08-25T03:51:24
37146533,2025-12-05,2026-06-26,,2026-07-29T19:07:40
37147024,2025-12-05,2026-03-30,,2026-07-29T19:07:40
37147347,2025-12-05,2026-08-25,,2026-08-25T00:57:15
37147458,2025-12-05,2026-06-19,,2026-07-29T19:07:40
37147480,2025-12-05,2026-04-17,,2026-07-29T19:07:40
37147826,2025-12-05,2025-12-20,,2026-07-29T19:07:40
37154432,2025-12-05,2026-02-20,,2026-07-29T19:07:40
37155088,2025-12-05,2026-05-29,,2026-07-29T19:07:40
37156446,2025-12-05,2026-07-05,,2026-07-29T19:07:43
37156732,2025-12-05,2026-07-13,,2026-07-29T19:07:43
37157869,2025-12-05,2026-02-20,,2026-07-29T19:07:43
37158560,2025-12-05,2025-12-07,,2026-07-29T19:07:43
37159015,2025-12-06,2025-12-13,,2026-07-29T19:07:43
37159912,2025-12-06,2026-06-08,,2026-07-29T19:07:43
37160546,2025-12-06,2026-01-06,,2026-07-29T19:07:43
37161301,2025-12-06,2025-12-26,,2026-07-29T19:07:43
37165467,2025-12-06,2026-08-24,,2026-08-24T22:26:41
37167306,2025-12-06,2026-08-19,,2026-08-21T04:14:22
37167460,2025-12-06,2026-07-06,,2026-07-29T19:07:43
37167801,2025-12-06,2026-07-24,,2026-07-29T19:07:43
37167897,2025-12-06,2025-12-06,,2026-07-29T19:07:43
37168002,2025-12-06,2025-12-09,,2026-07-29T19:07:43
37168911,2025-12-07,2025-12-22,,2026-07-29T19:07:43
37169345,2025-12-07,2025-12-07,,2026-07-29T19:07:47
37169943,2025-12-07,2026-07-04,,2026-07-29T19:07:47
37174534,2025-12-07,2026-08-22,,2026-08-24T04:12:23
37176690,2025-12-07,2026-07-31,,2026-08-02T05:06:44
37180482,2025-12-07,2026-05-28,,2026-07-29T19:07:47
37184886,2025-12-07,2026-06-30,,2026-07-29T19:07:47
37185801,2025-12-07,2026-01-09,,2026-07-29T19:07:47
37186273,2025-12-08,2026-06-17,,2026-07-29T19:07:47
37186753,2025-12-08,2026-08-07,,2026-08-09T05:09:00
37194586,2025-12-08,2026-08-22,,2026-08-24T05:06:18
37201700,2025-12-08,2025-12-08,,2026-07-29T19:07:47
37205473,2025-12-08,2026-07-29,,2026-08-01T16:57:10
37205825,2025-12-08,2026-04-17,,2026-07-29T19:07:47
37206073,2025-12-08,2026-05-28,,2026-07-29T19:07:47
37207868,2025-12-08,2026-06-10,,2026-07-29T19:07:47
37209863,2025-12-08,2026-04-24,,2026-07-29T19:07:51
37212131,2025-12-09,2026-08-20,,2026-08-22T04:10:57
37213630,2025-12-09,2026-01-05,,2026-07-29T19:07:51
37223679,2025-12-09,2026-08-20,,2026-08-21T04:22:49
37226107,2025-12-09,2025-12-19,,2026-07-29T19:07:51
37227336,2025-12-09,2026-02-23,,2026-07-29T19:07:51
37227802,2025-12-09,2026-08-19,,2026-08-21T04:09:39
37231104,2025-12-10,2025-12-10,,2026-07-29T19:07:51
37231170,2025-12-10,2025-12-17,,2026-07-29T19:07:51
37235982,2025-12-10,2026-05-24,,2026-07-29T19:07:51
37236779,2025-12-10,2025-12-11,,2026-07-29T19:07:51
37239401,2025-12-10,2026-04-01,,2026-07-29T19:07:51
37239938,2025-12-10,2026-01-05,,2026-07-29T19:07:51
37240629,2025-12-10,2026-04-29,,2026-07-29T19:07:51
37241870,2025-12-10,2026-08-17,,2026-08-19T07:11:39
37245013,2025-12-11,2026-01-06,,2026-07-29T19:07:56
37246102,2025-12-11,2026-08-02,,2026-08-04T04:15:05
37246311,2025-12-11,2026-08-09,,2026-08-11T04:10:07
37249004,2025-12-11,2025-12-11,,2026-07-29T19:07:56
37259448,2025-12-11,2026-08-02,,2026-08-03T04:16:19
37263828,2025-12-12,2026-05-27,,2026-07-29T19:07:56
37267516,2025-12-12,2025-12-31,,2026-07-29T19:07:56
37269721,2025-12-12,2026-01-06,,2026-07-29T19:07:56
37271018,2025-12-12,2026-04-02,,2026-07-29T19:07:56
37271270,2025-12-12,2026-01-03,,2026-07-29T19:07:56
37271490,2025-12-12,2026-04-27,,2026-07-29T19:07:56
37273419,2025-12-12,2026-03-10,,2026-07-29T19:07:56
37273533,2025-12-12,2026-03-10,,2026-07-29T19:07:56
37273711,2025-12-12,2026-01-03,,2026-07-29T19:07:56
37274187,2025-12-12,2026-08-10,,2026-08-11T07:10:54
37275004,2025-12-13,2026-01-05,,2026-07-29T19:07:56
37280754,2025-12-13,2026-01-10,,2026-07-29T19:07:56
37285110,2025-12-14,2026-08-12,,2026-08-14T05:00:12
37285295,2025-12-14,2026-08-06,,2026-08-08T04:14:14
37286115,2025-12-14,2026-08-25,,2026-08-25T03:43:39
37286221,2025-12-14,2025-12-14,,2026-07-29T19:07:56
37291625,2025-12-14,2026-01-30,,2026-07-29T19:07:56
37292554,2025-12-14,2026-03-27,,2026-07-29T19:07:56
37293641,2025-12-15,2026-07-06,,2026-07-29T19:08:06
37294195,2025-12-15,2026-06-01,,2026-07-29T19:08:06
37295181,2025-12-15,2026-01-11,,2026-07-29T19:08:06
37296204,2025-12-15,2026-08-22,,2026-08-24T07:02:19
37298975,2025-12-15,2026-06-01,,2026-07-29T19:08:06
37305529,2025-12-15,2025-12-19,,2026-07-29T19:08:06
37306931,2025-12-15,2026-04-08,,2026-07-29T19:08:06
37307113,2025-12-15,2026-08-01,,2026-08-03T07:12:23
37308472,2025-12-15,2026-08-17,,2026-08-19T07:09:40
37308493,2025-12-15,2025-12-15,,2026-07-29T19:08:06
37308623,2025-12-15,2026-06-24,,2026-07-29T19:08:06
37310695,2025-12-16,2026-02-22,,2026-07-29T19:08:06
37311928,2025-12-16,2026-08-21,,2026-08-23T07:14:13
37319589,2025-12-16,2026-01-23,,2026-07-29T19:08:06
37320578,2025-12-16,2025-12-20,,2026-07-29T19:08:06
37321218,2025-12-16,2026-02-23,,2026-07-29T19:08:06
37321226,2025-12-16,2026-08-21,,2026-08-23T04:11:43
37322269,2025-12-16,2025-12-17,,2026-07-29T19:08:06
37322636,2025-12-16,2026-08-12,,2026-08-13T07:15:47
37325029,2025-12-17,2026-08-23,,2026-08-24T04:07:12
37326354,2025-12-17,2026-06-20,,2026-07-29T19:08:06
37334416,2025-12-17,2026-07-18,,2026-07-29T19:08:06
37337277,2025-12-17,2026-08-20,,2026-08-22T04:22:24
37337522,2025-12-17,2025-12-18,,2026-07-29T19:08:06
37338098,2025-12-18,2026-01-15,,2026-07-29T19:08:06
37346836,2025-12-18,2026-02-20,,2026-07-29T19:08:06
37347447,2025-12-18,2026-03-24,,2026-07-29T19:08:06
37349937,2025-12-18,2026-08-19,,2026-08-21T05:10:45
37350927,2025-12-18,2026-04-27,,2026-07-29T19:08:06
37351653,2025-12-18,2026-01-24,,2026-07-29T19:08:06
37352355,2025-12-19,2025-12-19,,2026-07-29T19:08:06
37359395,2025-12-19,2026-08-19,,2026-08-21T04:19:24
37363212,2025-12-19,2026-07-21,,2026-08-23T02:03:01
37363979,2025-12-19,2026-03-02,,2026-07-29T19:08:26
37364195,2025-12-19,2026-02-07,,2026-07-29T19:08:26
37364377,2025-12-19,2026-04-11,,2026-07-29T19:08:26
37365421,2025-12-20,2026-01-17,,2026-07-29T19:08:26
37365574,2025-12-20,2025-12-22,,2026-07-29T19:08:26
37365695,2025-12-20,2025-12-22,,2026-07-29T19:08:26
37374192,2025-12-21,2026-07-10,,2026-08-12T23:23:26
37374369,2025-12-21,2025-12-21,,2026-07-29T19:08:26
37375535,2025-12-21,2026-03-08,,2026-07-29T19:08:26
37379542,2025-12-21,2026-01-24,,2026-07-29T19:08:26
37379866,2025-12-21,2026-08-04,,2026-08-06T07:04:10
37381087,2025-12-22,2026-07-15,,2026-07-29T19:08:26
37389509,2025-12-22,2026-01-28,,2026-07-29T19:08:26
37391808,2025-12-22,2026-01-06,,2026-07-29T19:08:26
37395063,2025-12-23,2026-04-12,,2026-07-29T19:08:26
37395290,2025-12-23,2026-03-10,,2026-07-29T19:08:26
37396686,2025-12-23,2026-08-23,,2026-08-25T06:01:36
37403977,2025-12-23,2026-05-05,,2026-07-29T19:08:26
37406198,2025-12-23,2025-12-26,,2026-07-29T19:08:26
37416486,2025-12-24,2026-07-25,,2026-07-29T19:08:26
37417077,2025-12-24,2026-02-17,,2026-07-29T19:08:26
37418618,2025-12-24,2026-07-18,,2026-07-29T19:08:26
37419536,2025-12-25,2026-06-25,,2026-07-29T19:08:26
37427203,2025-12-25,2025-12-26,,2026-07-29T19:08:26
37428174,2025-12-26,2026-04-25,,2026-07-29T19:08:26
37429049,2025-12-26,2025-12-26,,2026-07-29T19:08:26
37432867,2025-12-26,2026-08-22,,2026-08-23T04:23:26
37436829,2025-12-26,2026-01-10,,2026-07-29T19:08:35
37436957,2025-12-26,2026-08-25,,2026-08-25T00:27:03
37437320,2025-12-26,2026-06-30,,2026-07-29T19:08:35
37437711,2025-12-26,2026-08-15,,2026-08-16T07:17:38
37439649,2025-12-27,2026-03-01,,2026-07-29T19:08:35
37445773,2025-12-27,2026-08-23,,2026-08-25T04:06:49
37446608,2025-12-27,2026-01-04,,2026-07-29T19:08:35
37450423,2025-12-27,2026-01-07,,2026-07-29T19:08:35
37451057,2025-12-28,2026-01-05,,2026-07-29T19:08:35
37451697,2025-12-28,2026-01-04,,2026-07-29T19:08:35
37452637,2025-12-28,2026-05-13,,2026-07-29T19:08:35
37452923,2025-12-28,2025-12-28,,2026-07-29T19:08:35
37455222,2025-12-28,2026-06-11,,2026-07-29T19:08:35
37457995,2025-12-28,2026-08-18,,2026-08-20T04:22:41
37461020,2025-12-28,2025-12-31,,2026-07-29T19:08:35
37463059,2025-12-29,2026-08-15,,2026-08-17T07:09:54
37480135,2025-12-30,2026-08-25,,2026-08-25T03:09:25
37490859,2025-12-30,2026-03-25,,2026-07-29T19:08:35
37493053,2025-12-30,2025-12-31,,2026-07-29T19:08:35
37493767,2025-12-31,2026-03-13,,2026-07-29T19:08:35
37493841,2025-12-31,2026-08-20,,2026-08-22T04:02:22
37494815,2025-12-31,2026-01-28,,2026-07-29T19:08:35
37494848,2025-12-31,2026-04-13,,2026-07-29T19:08:35
37497538,2025-12-31,2026-04-06,,2026-07-29T19:08:35
37499026,2025-12-31,2026-02-24,,2026-07-29T19:08:35
37501062,2025-12-31,2026-02-03,,2026-07-29T19:08:35
37502403,2025-12-31,2026-06-06,,2026-07-29T19:08:35
37504246,2025-12-31,2026-02-26,,2026-07-29T19:08:35
37507473,2025-12-31,2026-05-25,,2026-07-29T19:08:43
37511004,2026-01-01,2026-08-08,,2026-08-10T05:07:24
37518101,2026-01-01,2026-02-20,,2026-07-29T19:08:43
37518221,2026-01-01,2026-06-27,,2026-07-29T19:08:43
37518387,2026-01-01,2026-01-01,,2026-07-29T19:08:43
37520549,2026-01-01,2026-08-17,,2026-08-18T05:07:19
37521312,2026-01-01,2026-02-23,,2026-07-29T19:08:43
37522214,2026-01-02,2026-04-19,,2026-07-29T19:08:43
37522418,2026-01-02,2026-08-11,,2026-08-13T04:20:27
37522621,2026-01-02,2026-07-19,,2026-07-29T19:08:43
37526808,2026-01-02,2026-04-07,,2026-07-29T19:08:43
37531314,2026-01-02,2026-06-08,,2026-07-29T19:08:43
37531741,2026-01-02,2026-05-29,,2026-07-29T19:08:43
37532467,2026-01-02,2026-01-23,,2026-07-29T19:08:43
37537208,2026-01-02,2026-08-15,,2026-08-16T07:16:56
37538133,2026-01-02,2026-08-24,,2026-08-24T14:18:01
37542112,2026-01-03,2026-08-06,,2026-08-08T04:15:51
37549543,2026-01-03,2026-04-23,,2026-07-29T19:08:48
37550905,2026-01-03,2026-06-23,,2026-07-29T19:08:48
37553982,2026-01-03,2026-08-22,,2026-08-24T07:00:47
37554515,2026-01-04,2026-08-09,,2026-08-10T04:15:33
37560371,2026-01-04,2026-06-29,,2026-07-29T19:08:48
37563621,2026-01-04,2026-01-21,,2026-07-29T19:08:48
37565366,2026-01-04,2026-05-01,,2026-07-29T19:08:49
37565730,2026-01-04,2026-01-31,,2026-07-29T19:08:50
37568835,2026-01-05,2026-01-05,,2026-07-29T19:08:50
37569640,2026-01-05,2026-05-11,,2026-07-29T19:08:53
37577072,2026-01-05,2026-08-01,,2026-08-03T04:08:07
37580686,2026-01-05,2026-01-05,,2026-07-29T19:08:53
37581361,2026-01-05,2026-03-12,,2026-07-29T19:08:53
37583530,2026-01-05,2026-01-05,,2026-07-29T19:08:53
37584452,2026-01-05,2026-05-29,,2026-07-29T19:08:53
37585760,2026-01-05,2026-07-01,,2026-07-29T19:08:53
37586420,2026-01-05,2026-01-06,,2026-07-29T19:08:56
37586514,2026-01-05,2026-06-08,,2026-07-29T19:08:56
37587791,2026-01-06,2026-04-11,,2026-07-29T19:08:56
37589682,2026-01-06,2026-01-07,,2026-07-29T19:08:56
37590542,2026-01-06,2026-08-14,,2026-08-15T04:24:10
37598022,2026-01-06,2026-01-12,,2026-07-29T19:08:56
37598616,2026-01-06,2026-06-30,,2026-07-29T19:08:56
37600747,2026-01-06,2026-08-17,,2026-08-18T05:07:44
37601749,2026-01-06,2026-04-28,,2026-07-29T19:08:56
37602365,2026-01-06,2026-07-15,,2026-07-29T19:08:56
37604144,2026-01-06,2026-05-27,,2026-07-29T19:08:56
37604145,2026-01-06,2026-02-14,,2026-07-29T19:08:58
37605713,2026-01-06,2026-08-20,,2026-08-22T07:09:17
37606663,2026-01-06,2026-01-08,,2026-07-29T19:08:58
37606787,2026-01-06,2026-08-09,,2026-08-11T07:05:33
37616441,2026-01-07,2026-07-26,,2026-07-29T19:08:58
37619000,2026-01-07,2026-08-23,,2026-08-25T04:04:19
37621379,2026-01-07,2026-08-05,,2026-08-07T07:09:24
37622994,2026-01-07,2026-08-05,,2026-08-07T05:09:28
37624989,2026-01-07,2026-04-24,,2026-07-29T19:08:58
37626743,2026-01-08,2026-08-01,,2026-08-03T04:09:34
37639486,2026-01-08,2026-07-07,,2026-07-29T19:09:00
37643096,2026-01-08,2026-04-29,,2026-07-29T19:09:00
37644462,2026-01-08,2026-01-09,,2026-07-29T19:09:00
37646556,2026-01-08,2026-02-14,,2026-07-29T19:09:00
37647332,2026-01-09,2026-07-29,,2026-07-31T05:08:14
37648074,2026-01-09,2026-01-21,,2026-07-29T19:09:00
37648117,2026-01-09,2026-07-14,,2026-07-29T19:09:02
37649163,2026-01-09,2026-01-09,,2026-07-29T19:09:02
37651122,2026-01-09,2026-05-22,,2026-07-29T19:09:02
37654757,2026-01-09,2026-06-23,,2026-07-29T19:09:02
37660809,2026-01-09,2026-01-27,,2026-07-29T19:09:03
37663365,2026-01-09,2026-07-08,,2026-07-29T19:09:03
37664337,2026-01-09,2026-06-18,,2026-07-29T19:09:03
37664839,2026-01-09,2026-08-03,,2026-08-05T04:15:03
37665184,2026-01-10,2026-04-05,,2026-07-29T19:09:03
37677493,2026-01-10,2026-02-23,,2026-07-29T19:09:04
37677938,2026-01-10,2026-06-01,,2026-07-29T19:09:04
37681150,2026-01-11,2026-01-12,,2026-07-29T19:09:05
37681563,2026-01-11,2026-02-22,,2026-07-29T19:09:04
37682729,2026-01-11,2026-01-20,,2026-07-29T19:09:05
37687435,2026-01-11,2026-01-11,,2026-07-29T19:09:05
37689066,2026-01-11,2026-01-12,,2026-07-29T19:09:05
37689671,2026-01-11,2026-02-15,,2026-07-29T19:09:05
37691151,2026-01-11,2026-07-24,,2026-07-29T19:09:06
37701908,2026-01-12,2026-01-22,,2026-07-29T19:09:06
37701998,2026-01-12,2026-01-12,,2026-07-29T19:09:06
37708616,2026-01-12,2026-07-28,,2026-07-30T04:22:12
37708694,2026-01-12,2026-05-08,,2026-07-29T19:09:07
37710262,2026-01-13,2026-03-10,,2026-07-29T19:09:07
37711594,2026-01-13,2026-05-15,,2026-07-29T19:09:07
37711629,2026-01-13,2026-06-05,,2026-07-29T19:09:07
37721285,2026-01-13,2026-01-20,,2026-07-29T19:09:07
37726120,2026-01-13,2026-08-19,,2026-08-21T05:06:57
37728234,2026-01-13,2026-02-12,,2026-07-29T19:09:08
37731250,2026-01-14,2026-08-13,,2026-08-15T07:14:57
37733232,2026-01-14,2026-02-25,,2026-07-29T19:09:08
37736602,2026-01-14,2026-07-11,,2026-07-29T19:09:09
37738148,2026-01-14,2026-08-24,,2026-08-24T17:21:11
37740873,2026-01-14,2026-06-26,,2026-07-29T19:09:10
37746594,2026-01-14,2026-08-24,,2026-08-24T16:15:45
37748335,2026-01-15,2026-01-16,,2026-07-29T19:09:11
37749238,2026-01-15,2026-06-28,,2026-07-29T19:09:13
37749310,2026-01-15,2026-06-01,,2026-07-29T19:09:13
37749807,2026-01-15,2026-05-15,,2026-07-29T19:09:12
37750163,2026-01-15,2026-08-24,,2026-08-24T13:31:24
37754377,2026-01-15,2026-05-15,,2026-07-29T19:09:15
37757154,2026-01-15,2026-01-15,,2026-07-29T19:09:15
37759705,2026-01-15,2026-01-29,,2026-07-29T19:09:15
37762275,2026-01-15,2026-08-19,,2026-08-21T07:16:20
37763620,2026-01-15,2026-01-27,,2026-07-29T19:09:16
37763725,2026-01-15,2026-01-19,,2026-07-29T19:09:16
37765413,2026-01-15,2026-07-21,,2026-07-29T19:09:17
37767870,2026-01-16,2026-08-12,,2026-08-14T04:09:07
37768141,2026-01-16,2026-04-03,,2026-07-29T19:09:18
37772705,2026-01-16,2026-04-07,,2026-07-29T19:09:18
37773845,2026-01-16,2026-05-31,,2026-07-29T19:09:18
37774127,2026-01-16,2026-08-24,,2026-08-24T15:01:43
37775975,2026-01-16,2026-01-26,,2026-07-29T19:09:19
37778524,2026-01-16,2026-02-24,,2026-07-29T19:09:19
37780480,2026-01-16,2026-06-03,,2026-07-29T19:09:19
37782567,2026-01-16,2026-03-29,,2026-07-29T19:09:19
37782803,2026-01-16,2026-08-24,,2026-08-24T14:56:16
37783372,2026-01-16,2026-01-17,,2026-07-29T19:09:19
37784556,2026-01-16,2026-03-14,,2026-07-29T19:09:21
37784731,2026-01-17,2026-07-14,,2026-07-29T19:09:20
37785010,2026-01-17,2026-05-19,,2026-07-29T19:09:20
37787073,2026-01-17,2026-06-24,,2026-07-29T19:09:21
37787292,2026-01-17,2026-05-08,,2026-07-29T19:09:21
37794855,2026-01-17,2026-03-24,,2026-07-29T19:09:21
37796522,2026-01-17,2026-01-18,,2026-07-29T19:09:21
37797376,2026-01-17,2026-03-17,,2026-07-29T19:09:23
37797542,2026-01-17,2026-05-17,,2026-07-29T19:09:22
37799227,2026-01-18,2026-07-15,,2026-07-29T19:09:22
37800456,2026-01-18,2026-01-23,,2026-07-29T19:09:22
37805934,2026-01-18,2026-05-15,,2026-07-29T19:09:22
37807099,2026-01-18,2026-08-23,,2026-08-25T04:06:21
37810457,2026-01-19,2026-05-30,,2026-07-29T19:09:23
37810803,2026-01-19,2026-03-11,,2026-07-29T19:09:23
37813454,2026-01-19,2026-08-25,,2026-08-25T01:51:27
37813626,2026-01-19,2026-07-24,,2026-07-29T19:09:24
37814846,2026-01-19,2026-08-24,,2026-08-24T23:00:26
37824731,2026-01-19,2026-05-07,,2026-07-29T19:09:24
37824761,2026-01-19,2026-04-29,,2026-07-29T19:09:24
37827598,2026-01-19,2026-04-05,,2026-07-29T19:09:25
37829408,2026-01-20,2026-01-22,,2026-07-29T19:09:24
37829743,2026-01-20,2026-07-28,,2026-07-30T05:04:27
37840635,2026-01-20,2026-08-24,,2026-08-24T13:12:46
37843571,2026-01-20,2026-05-19,,2026-07-29T19:09:25
37843646,2026-01-20,2026-08-18,,2026-08-20T04:15:30
37843678,2026-01-20,2026-08-24,,2026-08-24T19:36:16
37843743,2026-01-20,2026-05-11,,2026-07-29T19:09:26
37843835,2026-01-20,2026-07-08,,2026-07-29T19:09:26
37845272,2026-01-20,2026-03-28,,2026-07-29T19:09:26
37849627,2026-01-20,2026-08-09,,2026-08-10T04:15:23
37850506,2026-01-20,2026-07-29,,2026-07-30T05:12:13
37851290,2026-01-21,2026-05-20,,2026-07-29T19:09:27
37851414,2026-01-21,2026-02-23,,2026-07-29T19:09:27
37865551,2026-01-21,2026-07-04,,2026-07-29T19:09:27
37866844,2026-01-21,2026-03-29,,2026-07-29T19:09:28
37869913,2026-01-21,2026-01-31,,2026-07-29T19:09:27
37870220,2026-01-22,2026-02-24,,2026-07-29T19:09:28
37870637,2026-01-22,2026-06-24,,2026-07-29T19:09:29
37873142,2026-01-22,2026-02-23,,2026-07-29T19:09:28
37875164,2026-01-22,2026-01-22,,2026-07-29T19:09:29
37879624,2026-01-22,2026-08-20,,2026-08-22T05:07:55
37880007,2026-01-22,2026-05-07,,2026-07-29T19:09:29
37885423,2026-01-22,2026-08-10,,2026-08-12T04:04:11
37885497,2026-01-22,2026-07-22,,2026-07-29T19:09:29
37888200,2026-01-22,2026-02-01,,2026-07-29T19:09:30
37891098,2026-01-23,2026-02-06,,2026-07-29T19:09:30
37891313,2026-01-23,2026-06-24,,2026-07-29T19:09:30
37901099,2026-01-23,2026-08-19,,2026-08-21T06:01:48
37904060,2026-01-23,2026-05-25,,2026-07-29T19:09:30
37904707,2026-01-23,2026-05-16,,2026-07-29T19:09:31
37907369,2026-01-24,2026-08-03,,2026-08-05T07:16:28
37907411,2026-01-24,2026-08-03,,2026-08-05T04:06:16
37917547,2026-01-24,2026-07-14,,2026-07-29T19:09:31
37919429,2026-01-24,2026-01-29,,2026-07-29T19:09:31
37921723,2026-01-25,2026-01-25,,2026-07-29T19:09:32
37927231,2026-01-25,2026-03-19,,2026-07-29T19:09:32
37927773,2026-01-25,2026-07-20,,2026-07-29T19:09:32
37928582,2026-01-25,2026-05-07,,2026-07-29T19:09:33
37929049,2026-01-25,2026-04-03,,2026-07-29T19:09:33
37929937,2026-01-25,2026-07-10,,2026-07-29T19:09:33
37930064,2026-01-25,2026-03-11,,2026-07-29T19:09:33
37939966,2026-01-26,2026-08-15,,2026-08-16T04:27:17
37948540,2026-01-26,2026-02-01,,2026-07-29T19:09:34
37948704,2026-01-26,2026-02-23,,2026-07-29T19:09:34
37950363,2026-01-27,2026-07-13,,2026-07-29T19:09:34
37958621,2026-01-27,2026-07-16,,2026-07-29T19:09:34
37961183,2026-01-27,2026-05-26,,2026-07-29T19:09:34
37962477,2026-01-27,2026-08-04,,2026-08-06T04:13:38
37963242,2026-01-27,2026-06-24,,2026-07-29T19:09:35
37963845,2026-01-27,2026-01-28,,2026-07-29T19:09:35
37963971,2026-01-27,2026-07-03,,2026-07-29T19:09:35
37968366,2026-01-27,2026-08-19,,2026-08-21T04:20:19
37980275,2026-01-28,2026-07-05,,2026-07-29T19:09:36
37981444,2026-01-28,2026-03-18,,2026-07-29T19:09:36
37982996,2026-01-28,2026-01-29,,2026-07-29T19:09:36
37985817,2026-01-28,2026-01-28,,2026-07-29T19:09:36
37986106,2026-01-28,2026-03-18,,2026-07-29T19:09:37
37986388,2026-01-28,2026-02-05,,2026-07-29T19:09:37
37986507,2026-01-28,2026-02-06,,2026-07-29T19:09:37
37986689,2026-01-28,2026-04-10,,2026-07-29T19:09:38
37987856,2026-01-28,2026-01-28,,2026-07-29T19:09:37
37990945,2026-01-29,2026-01-29,,2026-07-29T19:09:38
37991261,2026-01-29,2026-04-25,,2026-07-29T19:09:38
37995665,2026-01-29,2026-02-03,,2026-07-29T19:09:38
37997335,2026-01-29,2026-06-09,,2026-07-29T19:09:39
38004160,2026-01-29,2026-02-01,,2026-07-29T19:09:39
38005757,2026-01-29,2026-06-11,,2026-07-29T19:09:39
38008832,2026-01-29,2026-06-01,,2026-07-29T19:09:39
38009656,2026-01-30,2026-06-28,,2026-07-29T19:09:40
38009803,2026-01-30,2026-08-24,,2026-08-24T14:14:35
38020376,2026-01-30,2026-08-06,,2026-08-07T04:19:12
38023700,2026-01-30,2026-05-26,,2026-07-29T19:09:40
38025933,2026-01-30,2026-07-08,,2026-07-29T19:09:41
38026277,2026-01-30,2026-02-17,,2026-07-29T19:09:41
38026744,2026-01-30,2026-05-11,,2026-07-29T19:09:42
38028119,2026-01-31,2026-07-12,,2026-07-29T19:09:42
38028880,2026-01-31,2026-08-19,,2026-08-21T07:16:19
38034880,2026-01-31,2026-06-28,,2026-07-29T19:09:42
38036712,2026-01-31,2026-02-04,,2026-07-29T19:09:42
38036975,2026-01-31,2026-08-22,,2026-08-23T04:06:23
38038791,2026-01-31,2026-05-14,,2026-07-29T19:09:43
38039403,2026-01-31,2026-02-01,,2026-07-29T19:09:43
38039694,2026-01-31,2026-05-21,,2026-07-29T19:09:43
38040651,2026-01-31,2026-02-16,,2026-07-29T19:09:44
38041307,2026-02-01,2026-02-07,,2026-07-29T19:09:44
38041661,2026-02-01,2026-02-02,,2026-07-29T19:09:44
38043013,2026-02-01,2026-07-03,,2026-07-29T19:09:44
38043249,2026-02-01,2026-02-05,,2026-07-29T19:09:44
38043543,2026-02-01,2026-08-04,,2026-08-06T06:02:30
38046529,2026-02-01,2026-02-01,,2026-07-29T19:09:45
38054863,2026-02-02,2026-04-06,,2026-07-29T19:09:45
38067953,2026-02-02,2026-08-20,,2026-08-22T04:18:25
38069516,2026-02-02,2026-07-29,,2026-07-31T04:18:15
38071222,2026-02-02,2026-08-13,,2026-08-15T05:07:54
38072209,2026-02-02,2026-07-20,,2026-07-29T19:09:46
38072908,2026-02-03,2026-05-10,,2026-07-29T19:09:46
38073488,2026-02-03,2026-08-16,,2026-08-18T04:05:45
38073586,2026-02-03,2026-08-06,,2026-08-08T04:16:03
38075129,2026-02-03,2026-02-20,,2026-07-29T19:09:47
38083065,2026-02-03,2026-08-09,,2026-08-11T04:06:13
38084863,2026-02-03,2026-02-03,,2026-07-29T19:09:47
38085053,2026-02-03,2026-08-20,,2026-08-22T04:15:35
38088015,2026-02-03,2026-08-22,,2026-08-23T05:12:34
38088246,2026-02-03,2026-08-09,,2026-08-10T05:08:20
38089243,2026-02-03,2026-03-26,,2026-07-29T19:09:49
38089275,2026-02-03,2026-08-09,,2026-08-11T04:10:42
38089711,2026-02-03,2026-02-14,,2026-07-29T19:09:50
38090073,2026-02-03,2026-02-04,,2026-07-29T19:09:50
38090077,2026-02-03,2026-08-17,,2026-08-19T05:08:52
38090079,2026-02-03,2026-08-20,,2026-08-22T04:10:39
38090368,2026-02-03,2026-08-19,,2026-08-21T07:13:08
38092192,2026-02-04,2026-02-04,,2026-07-29T19:09:50
38092722,2026-02-04,2026-05-05,,2026-07-29T19:09:51
38099883,2026-02-04,2026-02-04,,2026-07-29T19:09:51
38100422,2026-02-04,2026-08-21,,2026-08-23T04:16:49
38102307,2026-02-04,2026-08-06,,2026-08-07T07:14:33
38103445,2026-02-04,2026-02-04,,2026-07-29T19:09:52
38105361,2026-02-04,2026-06-04,,2026-07-29T19:09:52
38105722,2026-02-04,2026-08-17,,2026-08-19T04:17:03
38107028,2026-02-04,2026-04-19,,2026-07-29T19:09:53
38107722,2026-02-04,2026-06-27,,2026-07-29T19:09:53
38108539,2026-02-04,2026-08-04,,2026-08-06T07:12:32
38109231,2026-02-04,2026-02-10,,2026-07-29T19:09:53
38112363,2026-02-05,2026-05-06,,2026-07-29T19:09:54
38119880,2026-02-05,2026-08-17,,2026-08-19T05:11:00
38126985,2026-02-05,2026-07-27,,2026-07-29T19:09:55
38128341,2026-02-05,2026-05-05,,2026-07-29T19:09:55
38128830,2026-02-05,2026-08-22,,2026-08-24T05:01:52
38130223,2026-02-05,2026-04-21,,2026-07-29T19:09:56
38131161,2026-02-05,2026-03-04,,2026-07-29T19:09:56
38132315,2026-02-06,2026-04-15,,2026-07-29T19:09:56
38135033,2026-02-06,2026-08-25,,2026-08-25T03:37:56
38137494,2026-02-06,2026-07-02,,2026-07-29T19:09:56
38144136,2026-02-06,2026-04-07,,2026-07-29T19:09:56
38146520,2026-02-06,2026-04-21,,2026-07-29T19:09:57
38146536,2026-02-06,2026-06-19,,2026-07-29T19:09:57
38148183,2026-02-06,2026-08-24,,2026-08-24T03:23:33
38148342,2026-02-06,2026-02-10,,2026-07-29T19:09:57
38148885,2026-02-06,2026-03-31,,2026-07-29T19:09:57
38149147,2026-02-06,2026-05-28,,2026-07-29T19:09:58
38149465,2026-02-06,2026-08-13,,2026-08-15T04:11:33
38151195,2026-02-07,2026-02-20,,2026-07-29T19:09:58
38156681,2026-02-07,2026-05-19,,2026-07-29T19:09:58
38157646,2026-02-07,2026-08-10,,2026-08-12T05:08:21
38164773,2026-02-08,2026-04-11,,2026-07-29T19:09:59
38165352,2026-02-08,2026-02-08,,2026-07-29T19:09:59
38173911,2026-02-08,2026-08-13,,2026-08-15T07:12:40
38174586,2026-02-08,2026-02-24,,2026-07-29T19:09:59
38176856,2026-02-09,2026-02-21,,2026-07-29T19:09:59
38176981,2026-02-09,2026-05-06,,2026-07-29T19:10:00
38177576,2026-02-09,2026-02-09,,2026-07-29T19:10:00
38185075,2026-02-09,2026-08-07,,2026-08-09T05:09:19
38187483,2026-02-09,2026-02-15,,2026-07-29T19:10:00
38187515,2026-02-09,2026-08-23,,2026-08-25T06:02:16
38188648,2026-02-09,2026-08-22,,2026-08-23T05:06:53
38189114,2026-02-09,2026-06-05,,2026-07-29T19:10:01
38191686,2026-02-09,2026-02-09,,2026-07-29T19:10:01
38192815,2026-02-09,2026-02-28,,2026-07-29T19:10:02
38193971,2026-02-09,2026-08-22,,2026-08-24T04:12:21
38194291,2026-02-09,2026-04-24,,2026-07-29T19:10:02
38195496,2026-02-09,2026-02-18,,2026-07-29T19:10:02
38195633,2026-02-09,2026-05-31,,2026-07-29T19:10:02
38196358,2026-02-10,2026-03-01,,2026-07-29T19:10:03
38196401,2026-02-10,2026-05-12,,2026-07-29T19:10:03
38198125,2026-02-10,2026-07-21,,2026-07-29T19:10:03
38208243,2026-02-10,2026-08-23,,2026-08-25T04:11:35
38211443,2026-02-10,2026-05-07,,2026-07-29T19:10:03
38211830,2026-02-10,2026-02-10,,2026-07-29T19:10:03
38213481,2026-02-10,2026-07-23,,2026-08-14T00:38:40
38215553,2026-02-10,2026-06-21,,2026-07-29T19:10:04
38215933,2026-02-10,2026-08-24,,2026-08-24T20:46:48
38216418,2026-02-11,2026-08-20,,2026-08-22T05:09:56
38219031,2026-02-11,2026-07-24,,2026-07-29T19:10:05
38219072,2026-02-11,2026-02-11,,2026-07-29T19:10:05
38224476,2026-02-11,2026-05-20,,2026-07-29T19:10:06
38226581,2026-02-11,2026-07-08,,2026-07-29T19:10:06
38226785,2026-02-11,2026-02-11,,2026-07-29T19:10:06
38230847,2026-02-11,2026-06-24,,2026-07-29T19:10:06
38233023,2026-02-11,2026-08-03,,2026-08-05T04:13:48
38233435,2026-02-11,2026-03-22,,2026-07-29T19:10:07
38234359,2026-02-11,2026-06-23,,2026-07-29T19:10:07
38235712,2026-02-11,2026-08-22,,2026-08-23T07:14:51
38237366,2026-02-12,2026-03-15,,2026-07-29T19:10:07
38237393,2026-02-12,2026-06-06,,2026-07-29T19:10:08
38237933,2026-02-12,2026-08-20,,2026-08-22T04:08:14
38239484,2026-02-12,2026-05-27,,2026-07-29T19:10:08
38240304,2026-02-12,2026-08-24,,2026-08-24T21:08:05
38243179,2026-02-12,2026-02-26,,2026-07-29T19:10:08
38246557,2026-02-12,2026-04-22,,2026-07-29T19:10:08
38249902,2026-02-12,2026-02-12,,2026-07-29T19:10:09
38250303,2026-02-12,2026-08-22,,2026-08-24T04:11:45
38250949,2026-02-12,2026-08-18,,2026-08-20T04:13:50
38250971,2026-02-12,2026-03-02,,2026-07-29T19:10:10
38253191,2026-02-12,2026-08-09,,2026-08-11T04:12:15
38254080,2026-02-12,2026-02-13,,2026-07-29T19:10:10
38255000,2026-02-12,2026-03-22,,2026-07-29T19:10:10
38255989,2026-02-13,2026-08-05,,2026-08-07T18:20:41
38256000,2026-02-13,2026-05-06,,2026-07-29T19:10:11
38256554,2026-02-13,2026-05-12,,2026-07-29T19:10:11
38256907,2026-02-13,2026-08-08,,2026-08-09T04:23:04
38257570,2026-02-13,2026-07-13,,2026-07-29T19:10:11
38258038,2026-02-13,2026-08-21,,2026-08-23T04:22:50
38259264,2026-02-13,2026-08-03,,2026-08-05T05:12:08
38260263,2026-02-13,2026-08-18,,2026-08-20T06:02:06
38260383,2026-02-13,2026-05-01,,2026-07-29T19:10:12
38265996,2026-02-13,2026-07-10,,2026-07-29T19:10:12
38266137,2026-02-13,2026-03-26,,2026-07-29T19:10:13
38269391,2026-02-13,2026-04-15,,2026-07-29T19:10:13
38269603,2026-02-13,2026-04-22,,2026-07-29T19:10:13
38270112,2026-02-13,2026-07-15,,2026-07-29T19:10:13
38271274,2026-02-13,2026-08-01,,2026-08-03T06:02:44
38272191,2026-02-13,2026-08-01,,2026-08-02T04:24:27
38272294,2026-02-13,2026-06-30,,2026-07-29T19:10:14
38272497,2026-02-13,2026-08-14,,2026-08-16T04:09:03
38272777,2026-02-13,2026-02-16,,2026-07-29T19:10:15
38273030,2026-02-13,2026-08-23,,2026-08-25T06:00:40
38273057,2026-02-13,2026-08-20,,2026-08-22T07:13:01
38273087,2026-02-13,2026-07-13,,2026-07-29T19:10:15
38273746,2026-02-14,2026-07-21,,2026-07-29T19:10:15
38273815,2026-02-14,2026-05-24,,2026-07-29T19:10:15
38274384,2026-02-14,2026-08-24,,2026-08-24T18:09:40
38274997,2026-02-14,2026-08-08,,2026-08-10T04:11:24
38275410,2026-02-14,2026-08-24,,2026-08-24T15:13:59
38276637,2026-02-14,2026-08-06,,2026-08-07T07:14:40
38277327,2026-02-14,2026-05-29,,2026-07-29T19:10:17
38282498,2026-02-14,2026-08-15,,2026-08-17T04:06:49
38283510,2026-02-14,2026-07-03,,2026-07-29T19:10:17
38283557,2026-02-14,2026-08-16,,2026-08-18T04:06:57
38284095,2026-02-14,2026-07-08,,2026-07-29T19:10:17
38286103,2026-02-14,2026-03-01,,2026-07-29T19:10:18
38286179,2026-02-14,2026-02-15,,2026-07-29T19:10:18
38286205,2026-02-14,2026-03-23,,2026-07-29T19:10:18
38286279,2026-02-14,2026-08-22,,2026-08-23T05:06:57
38287000,2026-02-14,2026-02-25,,2026-07-29T19:10:18
38287633,2026-02-15,2026-06-21,,2026-07-29T19:10:19
38287976,2026-02-15,2026-08-07,,2026-08-09T07:12:11
38288134,2026-02-15,2026-07-04,,2026-07-29T19:10:19
38288214,2026-02-15,2026-05-18,,2026-07-29T19:10:19
38288547,2026-02-15,2026-03-05,,2026-07-29T19:10:19
38289159,2026-02-15,2026-03-16,,2026-07-29T19:10:20
38289427,2026-02-15,2026-06-27,,2026-07-29T19:10:20
38289456,2026-02-15,2026-08-24,,2026-08-24T18:58:47
38289785,2026-02-15,2026-08-20,,2026-08-22T05:07:47
38289885,2026-02-15,2026-05-17,,2026-07-29T19:10:20
38291336,2026-02-15,2026-08-12,,2026-08-14T04:19:12
38291707,2026-02-15,2026-02-16,,2026-07-29T19:10:21
38294372,2026-02-15,2026-03-13,,2026-07-29T19:10:21
38295992,2026-02-15,2026-08-04,,2026-08-06T04:04:44
38297204,2026-02-15,2026-04-30,,2026-07-29T19:10:21
38297548,2026-02-15,2026-05-14,,2026-07-29T19:10:22
38298759,2026-02-15,2026-07-23,,2026-07-29T19:10:22
38300439,2026-02-15,2026-08-18,,2026-08-20T07:11:40
38301898,2026-02-15,2026-02-19,,2026-07-29T19:10:22
38302178,2026-02-16,2026-05-27,,2026-07-29T19:10:22
38303710,2026-02-16,2026-08-03,,2026-08-04T05:03:59
38304857,2026-02-16,2026-08-21,,2026-08-22T06:03:57
38312523,2026-02-16,2026-02-19,,2026-07-29T19:10:23
38315139,2026-02-16,2026-02-23,,2026-07-29T19:10:23
38317232,2026-02-16,2026-08-09,,2026-08-11T04:10:32
38318786,2026-02-16,2026-08-11,,2026-08-13T07:14:00
38320501,2026-02-16,2026-08-16,,2026-08-17T07:11:05
38322204,2026-02-16,2026-08-15,,2026-08-16T06:03:42
38323021,2026-02-17,2026-08-03,,2026-08-05T05:08:36
38324231,2026-02-17,2026-07-23,,2026-07-29T19:10:25
38324623,2026-02-17,2026-08-04,,2026-08-06T05:06:30
38331692,2026-02-17,2026-08-11,,2026-08-13T06:03:57
38336624,2026-02-17,2026-07-23,,2026-07-29T19:10:25
38337924,2026-02-17,2026-08-17,,2026-08-19T07:12:48
38338755,2026-02-17,2026-08-22,,2026-08-23T04:08:44
38340644,2026-02-17,2026-08-03,,2026-08-05T04:19:07
38341496,2026-02-17,2026-05-11,,2026-07-29T19:10:27
38344990,2026-02-17,2026-07-21,,2026-07-29T19:10:27
38346105,2026-02-18,2026-08-07,,2026-08-08T07:13:43
38346574,2026-02-18,2026-03-12,,2026-07-29T19:10:27
38351478,2026-02-18,2026-08-23,,2026-08-23T21:15:57
38359970,2026-02-18,2026-06-25,,2026-07-29T19:10:28
38363337,2026-02-18,2026-06-04,,2026-07-29T19:10:28
38363889,2026-02-18,2026-05-11,,2026-07-29T19:10:28
38371376,2026-02-19,2026-04-02,,2026-07-29T19:10:29
38374296,2026-02-19,2026-02-22,,2026-07-29T19:10:29
38376287,2026-02-19,2026-02-25,,2026-07-29T19:10:30
38381955,2026-02-19,2026-03-01,,2026-07-29T19:10:29
38383327,2026-02-19,2026-07-18,,2026-07-29T19:10:29
38386280,2026-02-19,2026-04-19,,2026-07-29T19:10:30
38386339,2026-02-19,2026-08-18,,2026-08-20T04:11:33
38389198,2026-02-19,2026-07-06,,2026-07-29T19:10:30
38390158,2026-02-19,2026-08-21,,2026-08-22T06:03:43
38392152,2026-02-20,2026-03-03,,2026-07-29T19:10:30
38394946,2026-02-20,2026-03-21,,2026-07-29T19:10:31
38400326,2026-02-20,2026-07-20,,2026-07-29T19:10:31
38404112,2026-02-20,2026-08-13,,2026-08-15T04:12:37
38404742,2026-02-20,2026-02-20,,2026-07-29T19:10:31
38408085,2026-02-20,2026-03-26,,2026-07-29T19:10:31
38409496,2026-02-21,2026-08-24,,2026-08-24T18:01:41
38414477,2026-02-21,2026-08-16,,2026-08-18T04:07:16
38417718,2026-02-21,2026-05-17,,2026-07-29T19:10:32
38418505,2026-02-21,2026-04-20,,2026-07-29T19:10:32
38422674,2026-02-21,2026-08-24,,2026-08-24T15:36:07
38426029,2026-02-22,2026-07-28,,2026-07-30T04:05:58
38434272,2026-02-22,2026-04-12,,2026-07-29T19:10:33
38436079,2026-02-22,2026-07-19,,2026-07-29T19:10:34
38437343,2026-02-22,2026-04-12,,2026-07-29T19:10:34
38439007,2026-02-23,2026-08-22,,2026-08-24T04:11:13
38442900,2026-02-23,2026-02-23,,2026-07-29T19:10:34
38451117,2026-02-23,2026-07-21,,2026-07-29T19:10:34
38452870,2026-02-23,2026-02-26,,2026-07-29T19:10:35
38453944,2026-02-23,2026-08-17,,2026-08-19T04:15:54
38457540,2026-02-23,2026-08-08,,2026-08-10T04:14:13
38459265,2026-02-24,2026-07-31,,2026-08-02T04:21:40
38467889,2026-02-24,2026-02-24,,2026-07-29T19:10:35
38468241,2026-02-24,2026-02-24,,2026-07-29T19:10:36
38469998,2026-02-24,2026-02-25,,2026-07-29T19:10:36
38471157,2026-02-24,2026-07-14,,2026-07-29T19:10:36
38472091,2026-02-24,2026-05-16,,2026-07-29T19:10:36
38476926,2026-02-24,2026-07-01,,2026-07-29T19:10:36
38478898,2026-02-25,2026-06-08,,2026-07-29T19:10:36
38478943,2026-02-25,2026-08-16,,2026-08-17T07:03:56
38483072,2026-02-25,2026-07-13,,2026-07-29T19:10:37
38485540,2026-02-25,2026-03-12,,2026-07-29T19:10:37
38489497,2026-02-25,2026-04-06,,2026-07-29T19:10:37
38489974,2026-02-25,2026-08-21,,2026-08-23T07:05:29
38491623,2026-02-25,2026-04-24,,2026-07-29T19:10:38
38494324,2026-02-25,2026-08-22,,2026-08-24T04:08:53
38495354,2026-02-25,2026-07-12,,2026-07-29T19:10:38
38498640,2026-02-26,2026-04-22,,2026-07-29T19:10:38
38499589,2026-02-26,2026-05-01,,2026-07-29T19:10:38
38511997,2026-02-26,2026-03-13,,2026-07-29T19:10:39
38514153,2026-02-26,2026-07-31,,2026-08-01T04:27:10
38514358,2026-02-26,2026-08-15,,2026-08-16T05:13:45
38519095,2026-02-27,2026-08-14,,2026-08-16T04:21:32
38527085,2026-02-27,2026-07-16,,2026-07-29T19:10:40
38529051,2026-02-27,2026-08-18,,2026-08-20T04:14:37
38530061,2026-02-27,2026-03-05,,2026-07-29T19:10:40
38531866,2026-02-27,2026-07-18,,2026-07-29T19:10:41
38532865,2026-02-27,2026-04-14,,2026-07-29T19:10:41
38537255,2026-02-28,2026-08-23,,2026-08-24T05:07:34
38540406,2026-02-28,2026-08-16,,2026-08-18T04:07:30
38543038,2026-02-28,2026-03-16,,2026-07-29T19:10:41
38543976,2026-02-28,2026-07-30,,2026-08-01T05:09:19
38544735,2026-02-28,2026-08-23,,2026-08-25T05:05:46
38546268,2026-02-28,2026-07-30,,2026-08-01T07:14:21
38548103,2026-03-01,2026-08-14,,2026-08-16T04:24:09
38549088,2026-03-01,2026-08-24,,2026-08-24T05:14:28
38553694,2026-03-01,2026-08-24,,2026-08-24T05:28:07
38554426,2026-03-01,2026-03-22,,2026-07-29T19:10:43
38554555,2026-03-01,2026-07-28,,2026-07-30T04:11:22
38555332,2026-03-01,2026-03-14,,2026-07-29T19:10:43
38555706,2026-03-01,2026-06-22,,2026-07-29T19:10:44
38556359,2026-03-01,2026-05-06,,2026-07-29T19:10:44
38557365,2026-03-02,2026-03-05,,2026-07-29T19:10:44
38557628,2026-03-02,2026-07-27,,2026-07-29T19:10:44
38557963,2026-03-02,2026-05-30,,2026-07-29T19:10:44
38558325,2026-03-02,2026-03-31,,2026-07-29T19:10:44
38558439,2026-03-02,2026-03-12,,2026-07-29T19:10:45
38564247,2026-03-02,2026-03-03,,2026-07-29T19:10:45
38567552,2026-03-02,2026-07-13,,2026-07-29T19:10:46
38569348,2026-03-02,2026-03-27,,2026-07-29T19:10:46
38574306,2026-03-02,2026-08-17,,2026-08-19T07:10:28
38574648,2026-03-02,2026-08-01,,2026-08-03T07:08:38
38575757,2026-03-02,2026-03-25,,2026-07-29T19:10:46
38576160,2026-03-03,2026-08-23,,2026-08-25T05:03:19
38576321,2026-03-03,2026-08-25,,2026-08-25T00:23:46
38577317,2026-03-03,2026-07-17,,2026-07-29T19:10:47
38578344,2026-03-03,2026-08-21,,2026-08-22T05:08:21
38580448,2026-03-03,2026-04-25,,2026-07-29T19:10:47
38583706,2026-03-03,2026-08-10,,2026-08-11T05:06:24
38586801,2026-03-03,2026-03-03,,2026-07-29T19:10:48
38587620,2026-03-03,2026-08-12,,2026-08-14T04:23:48
38590125,2026-03-03,2026-08-08,,2026-08-10T07:09:07
38590949,2026-03-03,2026-06-24,,2026-07-29T19:10:48
38591069,2026-03-03,2026-05-21,,2026-08-01T18:44:17
38591615,2026-03-03,2026-07-13,,2026-07-29T19:10:49
38591734,2026-03-03,2026-08-20,,2026-08-22T07:06:29
38593959,2026-03-03,2026-05-14,,2026-07-29T19:10:50
38596858,2026-03-04,2026-08-18,,2026-08-20T05:07:37
38605877,2026-03-04,2026-08-19,,2026-08-21T04:17:47
38606236,2026-03-04,2026-04-11,,2026-07-29T19:10:51
38607490,2026-03-04,2026-07-11,,2026-07-29T19:10:52
38608443,2026-03-04,2026-03-15,,2026-07-29T19:10:53
38608812,2026-03-04,2026-07-31,,2026-08-02T05:07:43
38609137,2026-03-04,2026-03-21,,2026-07-29T19:10:55
38609952,2026-03-04,2026-08-03,,2026-08-05T04:18:40
38618053,2026-03-05,2026-07-12,,2026-07-29T19:10:55
38623333,2026-03-05,2026-03-17,,2026-07-29T19:10:55
38623695,2026-03-05,2026-03-30,,2026-07-29T19:10:55
38625717,2026-03-05,2026-08-24,,2026-08-24T12:42:39
38627589,2026-03-05,2026-08-13,,2026-08-15T05:05:19
38646574,2026-03-06,2026-08-25,,2026-08-25T03:11:58
38646862,2026-03-06,2026-07-30,,2026-08-01T04:23:30
38649084,2026-03-06,2026-07-12,,2026-07-29T19:10:56
38650791,2026-03-06,2026-06-02,,2026-07-29T19:10:56
38652657,2026-03-07,2026-05-06,,2026-07-29T19:10:56
38654793,2026-03-07,2026-06-03,,2026-07-29T19:10:57
38660770,2026-03-07,2026-03-07,,2026-07-29T19:10:57
38664665,2026-03-07,2026-04-29,,2026-07-29T19:10:57
38669390,2026-03-08,2026-04-02,,2026-07-29T19:10:57
38670364,2026-03-08,2026-08-17,,2026-08-19T07:09:10
38670842,2026-03-08,2026-08-21,,2026-08-23T14:53:16
38671073,2026-03-08,2026-08-01,,2026-08-03T04:07:29
38672473,2026-03-08,2026-07-04,,2026-07-29T19:10:58
38672973,2026-03-08,2026-08-18,,2026-08-20T04:20:22
38678077,2026-03-09,2026-07-21,,2026-07-29T19:10:59
38685289,2026-03-09,2026-05-27,,2026-07-29T19:10:59
38685373,2026-03-09,2026-07-22,,2026-07-29T19:10:59
38687902,2026-03-09,2026-04-08,,2026-07-29T19:10:59
38687930,2026-03-09,2026-08-07,,2026-08-09T04:20:22
38688182,2026-03-09,2026-06-23,,2026-07-29T19:10:59
38688356,2026-03-09,2026-08-13,,2026-08-14T04:09:25
38690027,2026-03-09,2026-07-21,,2026-07-29T19:11:00
38692678,2026-03-09,2026-04-23,,2026-07-29T19:11:01
38693211,2026-03-09,2026-07-17,,2026-07-29T19:11:01
38703136,2026-03-10,2026-08-16,,2026-08-18T07:07:52
38704555,2026-03-10,2026-07-16,,2026-07-29T19:11:02
38706245,2026-03-10,2026-08-17,,2026-08-19T05:03:27
38707698,2026-03-10,2026-08-04,,2026-08-06T07:04:52
38708614,2026-03-10,2026-08-18,,2026-08-20T04:09:44
38711762,2026-03-10,2026-03-10,,2026-07-29T19:11:03
38715063,2026-03-11,2026-08-19,,2026-08-21T07:10:16
38716616,2026-03-11,2026-07-11,,2026-07-29T19:11:03
38724965,2026-03-11,2026-08-16,,2026-08-18T04:08:05
38725012,2026-03-11,2026-03-14,,2026-07-29T19:11:03
38726677,2026-03-11,2026-07-11,,2026-07-29T19:11:04
38726714,2026-03-11,2026-08-16,,2026-08-18T04:06:43
38727332,2026-03-11,2026-08-14,,2026-08-16T05:13:34
38729986,2026-03-11,2026-07-04,,2026-07-29T19:11:05
38731648,2026-03-11,2026-08-14,,2026-08-16T04:13:37
38732902,2026-03-12,2026-06-16,,2026-07-29T19:11:05
38739192,2026-03-12,2026-08-22,,2026-08-23T04:12:18
38744148,2026-03-12,2026-03-18,,2026-07-29T19:11:05
38744580,2026-03-12,2026-08-16,,2026-08-17T04:14:53
38745468,2026-03-12,2026-06-20,,2026-07-29T19:11:06
38745760,2026-03-12,2026-06-20,,2026-07-29T19:11:07
38750143,2026-03-12,2026-03-16,,2026-07-29T19:11:07
38750275,2026-03-12,2026-03-21,,2026-07-29T19:11:07
38753210,2026-03-13,2026-08-19,,2026-08-21T07:16:15
38755046,2026-03-13,2026-08-03,,2026-08-04T07:10:18
38755051,2026-03-13,2026-07-27,,2026-07-29T19:11:07
38755359,2026-03-13,2026-08-25,,2026-08-25T00:59:27
38764279,2026-03-13,2026-03-13,,2026-07-29T19:11:08
38765360,2026-03-13,2026-05-22,,2026-07-29T19:11:08
38766598,2026-03-13,2026-05-18,,2026-07-29T19:11:08
38768279,2026-03-13,2026-08-13,,2026-08-15T05:09:38
38769098,2026-03-13,2026-03-23,,2026-07-29T19:11:09
38769794,2026-03-13,2026-08-04,,2026-08-10T10:02:18
38770228,2026-03-13,2026-05-30,,2026-07-29T19:11:10
38772034,2026-03-13,2026-08-09,,2026-08-11T07:09:53
38772616,2026-03-14,2026-07-15,,2026-07-29T19:11:11
38772937,2026-03-14,2026-05-25,,2026-07-29T19:11:11
38773130,2026-03-14,2026-07-24,,2026-07-29T19:11:11
38773197,2026-03-14,2026-03-16,,2026-07-29T19:11:12
38773231,2026-03-14,2026-05-12,,2026-07-29T19:11:12
38773996,2026-03-14,2026-07-29,,2026-07-31T04:17:42
38777842,2026-03-14,2026-04-04,,2026-07-29T19:11:12
38778005,2026-03-14,2026-03-23,,2026-07-29T19:11:13
38780370,2026-03-14,2026-08-11,,2026-08-12T07:15:38
38786213,2026-03-15,2026-07-28,,2026-07-30T06:03:44
38786705,2026-03-15,2026-07-31,,2026-08-01T05:14:05
38787350,2026-03-15,2026-08-22,,2026-08-23T04:23:24
38791247,2026-03-15,2026-05-05,,2026-07-29T19:11:14
38797352,2026-03-16,2026-04-11,,2026-07-29T19:11:14
38798046,2026-03-16,2026-06-02,,2026-07-29T19:11:16
38801173,2026-03-16,2026-03-16,,2026-07-29T19:11:16
38801710,2026-03-16,2026-03-18,,2026-07-29T19:11:16
38802504,2026-03-16,2026-07-09,,2026-07-29T19:11:17
38804066,2026-03-16,2026-03-31,,2026-07-29T19:11:18
38811329,2026-03-16,2026-08-06,,2026-08-08T04:14:18
38811359,2026-03-16,2026-06-29,,2026-07-29T19:11:19
38815011,2026-03-16,2026-03-26,,2026-07-29T19:11:20
38816079,2026-03-16,2026-03-16,,2026-07-29T19:11:20
38818088,2026-03-16,2026-03-20,,2026-07-29T19:11:20
38824190,2026-03-17,2026-07-22,,2026-07-29T19:11:21
38825811,2026-03-17,2026-08-19,,2026-08-21T07:14:27
38831087,2026-03-17,2026-08-11,,2026-08-13T05:06:23
38832606,2026-03-17,2026-04-13,,2026-07-29T19:11:23
38833987,2026-03-17,2026-08-12,,2026-08-14T05:06:48
38835182,2026-03-17,2026-06-01,,2026-07-29T19:11:23
38836741,2026-03-17,2026-03-20,,2026-07-29T19:11:24
38837018,2026-03-17,2026-05-03,,2026-07-29T19:11:25
38837494,2026-03-17,2026-04-13,,2026-07-29T19:11:25
38837574,2026-03-17,2026-05-23,,2026-07-29T19:11:25
38837640,2026-03-17,2026-04-06,,2026-07-29T19:11:26
38838434,2026-03-17,2026-03-17,,2026-07-29T19:11:25
38838867,2026-03-17,2026-04-01,,2026-07-29T19:11:26
38850615,2026-03-18,2026-07-03,,2026-07-29T19:11:26
38850870,2026-03-18,2026-03-28,,2026-07-29T19:11:26
38851125,2026-03-18,2026-05-11,,2026-07-29T19:11:26
38854442,2026-03-18,2026-03-18,,2026-07-29T19:11:26
38856566,2026-03-18,2026-03-18,,2026-07-29T19:11:27
38858292,2026-03-18,2026-08-20,,2026-08-21T07:17:08
38858335,2026-03-18,2026-08-15,,2026-08-17T04:13:58
38859465,2026-03-18,2026-08-19,,2026-08-21T04:18:35
38859697,2026-03-18,2026-07-27,,2026-07-29T19:11:28
38860656,2026-03-19,2026-08-03,,2026-08-05T05:06:33
38860952,2026-03-19,2026-06-29,,2026-07-29T19:11:28
38861090,2026-03-19,2026-04-23,,2026-07-29T19:11:28
38873169,2026-03-19,2026-03-19,,2026-07-29T19:11:28
38874253,2026-03-19,2026-05-20,,2026-07-29T19:11:29
38874411,2026-03-19,2026-06-24,,2026-07-29T19:11:29
38876729,2026-03-19,2026-03-30,,2026-07-29T19:11:29
38877362,2026-03-19,2026-04-20,,2026-07-29T19:11:30
38878224,2026-03-20,2026-08-04,,2026-08-06T05:03:29
38878793,2026-03-20,2026-08-21,,2026-08-23T07:14:11
38884599,2026-03-20,2026-04-21,,2026-07-29T19:11:31
38885887,2026-03-20,2026-07-27,,2026-07-29T19:11:31
38886699,2026-03-20,2026-03-20,,2026-07-29T19:11:32
38890321,2026-03-20,2026-08-12,,2026-08-14T05:07:28
38892474,2026-03-21,2026-08-06,,2026-08-07T04:19:18
38898630,2026-03-21,2026-05-29,,2026-07-29T19:11:32
38899320,2026-03-21,2026-08-04,,2026-08-06T06:00:11
38900351,2026-03-21,2026-03-22,,2026-07-29T19:11:33
38900678,2026-03-21,2026-06-26,,2026-07-29T19:11:33
38905067,2026-03-22,2026-03-25,,2026-07-29T19:11:34
38905535,2026-03-22,2026-07-19,,2026-07-29T19:11:34
38907937,2026-03-22,2026-07-17,,2026-07-29T19:11:34
38908566,2026-03-22,2026-07-22,,2026-07-29T19:11:35
38909220,2026-03-22,2026-08-18,,2026-08-20T07:12:09
38909967,2026-03-23,2026-06-27,,2026-07-29T19:11:36
38911546,2026-03-23,2026-08-21,,2026-08-23T04:22:52
38919716,2026-03-23,2026-08-11,,2026-08-13T04:22:01
38920842,2026-03-23,2026-05-18,,2026-07-29T19:11:36
38921880,2026-03-23,2026-08-10,,2026-08-12T06:02:05
38923922,2026-03-23,2026-06-15,,2026-07-29T19:11:37
38924940,2026-03-24,2026-07-24,,2026-07-29T19:11:38
38925226,2026-03-24,2026-08-25,,2026-08-25T00:38:19
38933649,2026-03-24,2026-04-20,,2026-07-29T19:11:39
38934059,2026-03-24,2026-04-06,,2026-07-29T19:11:39
38934583,2026-03-24,2026-03-25,,2026-07-29T19:11:39
38935371,2026-03-24,2026-08-24,,2026-08-24T23:42:45
38937482,2026-03-24,2026-08-04,,2026-08-06T04:10:58
38939221,2026-03-24,2026-05-04,,2026-07-29T19:11:40
38939537,2026-03-24,2026-06-30,,2026-07-29T19:11:41
38940225,2026-03-24,2026-07-09,,2026-07-29T19:11:43
38941398,2026-03-24,2026-03-24,,2026-07-29T19:11:42
38942947,2026-03-25,2026-05-01,,2026-07-29T19:11:43
38943057,2026-03-25,2026-08-25,,2026-08-25T03:05:00
38952681,2026-03-25,2026-05-15,,2026-07-29T19:11:44
38956354,2026-03-25,2026-08-24,,2026-08-24T23:01:16
38957366,2026-03-25,2026-03-25,,2026-07-29T19:11:45
38961476,2026-03-26,2026-03-26,,2026-07-29T19:11:45
38974176,2026-03-26,2026-05-24,,2026-07-29T19:11:45
38975549,2026-03-26,2026-07-04,,2026-07-29T19:11:45
38976173,2026-03-27,2026-08-23,,2026-08-23T19:59:01
38977145,2026-03-27,2026-08-20,,2026-08-22T05:09:53
38977177,2026-03-27,2026-04-02,,2026-07-29T19:11:46
38977813,2026-03-27,2026-08-20,,2026-08-22T04:20:49
38981935,2026-03-27,2026-05-31,,2026-07-29T19:11:47
38984099,2026-03-27,2026-05-03,,2026-07-29T19:11:47
38986803,2026-03-27,2026-08-15,,2026-08-17T04:01:36
38995217,2026-03-27,2026-03-31,,2026-07-29T19:11:47
39008808,2026-03-27,2026-03-30,,2026-07-29T19:11:48
39008994,2026-03-27,2026-03-27,,2026-07-29T19:11:48
39013184,2026-03-27,2026-08-24,,2026-08-25T04:13:36
39015440,2026-03-27,2026-08-23,,2026-08-23T15:32:17
39016603,2026-03-27,2026-08-22,,2026-08-24T04:08:08
39020427,2026-03-28,2026-07-29,,2026-07-30T05:11:50
39021066,2026-03-28,2026-04-07,,2026-07-29T19:11:49
39022335,2026-03-28,2026-04-10,,2026-07-29T19:11:50
39022768,2026-03-28,2026-03-28,,2026-07-29T19:11:50
39023409,2026-03-28,2026-08-16,,2026-08-18T07:05:20
39025979,2026-03-28,2026-07-07,,2026-07-29T19:11:50
39027013,2026-03-28,2026-08-20,,2026-08-22T04:06:09
39027473,2026-03-28,2026-05-28,,2026-07-29T19:11:50
39029851,2026-03-28,2026-04-22,,2026-07-29T19:11:51
39029868,2026-03-28,2026-03-28,,2026-07-29T19:11:51
39030029,2026-03-28,2026-08-25,,2026-08-25T04:05:01
39031339,2026-03-28,2026-03-29,,2026-07-29T19:11:52
39031450,2026-03-28,2026-08-13,,2026-08-14T06:01:49
39031510,2026-03-28,2026-08-03,,2026-08-05T04:03:39
39032135,2026-03-28,2026-07-10,,2026-07-29T19:11:52
39032258,2026-03-28,2026-08-15,,2026-08-17T04:12:24
39032761,2026-03-28,2026-03-28,,2026-07-29T19:11:53
39033108,2026-03-28,2026-08-22,,2026-08-23T04:09:24
39033364,2026-03-28,2026-08-22,,2026-08-24T06:02:51
39033367,2026-03-28,2026-06-03,,2026-07-29T19:11:53
39034065,2026-03-29,2026-06-24,,2026-07-29T19:11:54
39034683,2026-03-29,2026-08-23,,2026-08-25T04:06:12
39035341,2026-03-29,2026-08-13,,2026-08-15T04:15:00
39036876,2026-03-29,2026-07-17,,2026-07-29T19:11:54
39037792,2026-03-29,2026-04-17,,2026-07-29T19:11:55
39038966,2026-03-29,2026-05-04,,2026-07-29T19:11:55
39039890,2026-03-29,2026-04-02,,2026-07-29T19:11:55
39042369,2026-03-29,2026-08-24,,2026-08-24T09:33:08
39042626,2026-03-29,2026-08-20,,2026-08-22T04:19:05
39044352,2026-03-29,2026-04-01,,2026-07-29T19:11:56
39044581,2026-03-29,2026-03-29,,2026-07-29T19:11:56
39044618,2026-03-29,2026-04-22,,2026-07-29T19:11:56
39045237,2026-03-29,2026-04-08,,2026-07-29T19:11:57
39045413,2026-03-29,2026-06-21,,2026-07-29T19:11:57
39046179,2026-03-30,2026-05-18,,2026-07-29T19:11:57
39046372,2026-03-30,2026-05-02,,2026-07-29T19:11:58
39046672,2026-03-30,2026-06-25,,2026-07-29T19:11:58
39047176,2026-03-30,2026-08-22,,2026-08-24T06:01:42
39048095,2026-03-30,2026-07-03,,2026-07-29T19:11:58
39051991,2026-03-30,2026-08-07,,2026-08-09T04:12:14
39054384,2026-03-30,2026-07-24,,2026-07-29T19:11:59
39055215,2026-03-30,2026-07-16,,2026-07-29T19:11:59
39055287,2026-03-30,2026-04-05,,2026-07-29T19:11:59
39056066,2026-03-30,2026-08-09,,2026-08-11T06:01:27
39056910,2026-03-30,2026-05-07,,2026-07-29T19:12:00
39057086,2026-03-30,2026-04-07,,2026-07-29T19:12:00
39058542,2026-03-30,2026-08-06,,2026-08-08T04:05:56
39059278,2026-03-30,2026-04-20,,2026-07-29T19:12:01
39059565,2026-03-30,2026-08-20,,2026-08-22T04:12:49
39060163,2026-03-30,2026-03-30,,2026-07-29T19:12:01
39060312,2026-03-30,2026-05-18,,2026-07-29T19:12:01
39060375,2026-03-30,2026-07-29,,2026-07-31T04:17:34
39061006,2026-03-30,2026-08-21,,2026-08-23T04:23:06
39061046,2026-03-30,2026-08-17,,2026-08-19T04:19:31
39061292,2026-03-30,2026-03-30,,2026-07-29T19:12:02
39061293,2026-03-30,2026-08-21,,2026-08-22T07:04:33
39061400,2026-03-30,2026-06-16,,2026-07-29T19:12:03
39061415,2026-03-30,2026-08-23,,2026-08-25T04:02:23
39062033,2026-03-30,2026-07-10,,2026-07-29T19:12:03
39062093,2026-03-30,2026-08-24,,2026-08-24T22:25:06
39062794,2026-03-30,2026-04-01,,2026-07-29T19:12:04
39063393,2026-03-30,2026-05-21,,2026-07-29T19:12:04
39063887,2026-03-30,2026-04-03,,2026-07-29T19:12:04
39063928,2026-03-30,2026-05-05,,2026-07-29T19:12:04
39064093,2026-03-31,2026-05-12,,2026-07-29T19:12:05
39064211,2026-03-31,2026-06-26,,2026-07-29T19:12:05
39064354,2026-03-31,2026-03-31,,2026-07-29T19:12:05
39064460,2026-03-31,2026-06-17,,2026-07-29T19:12:05
39064664,2026-03-31,2026-08-21,,2026-08-23T05:09:27
39064757,2026-03-31,2026-08-21,,2026-08-22T04:13:30
39064797,2026-03-31,2026-06-06,,2026-07-29T19:12:08
39064837,2026-03-31,2026-08-20,,2026-08-22T05:05:08
39065334,2026-03-31,2026-06-13,,2026-07-29T19:12:07
39065459,2026-03-31,2026-04-14,,2026-07-29T19:12:08
39065532,2026-03-31,2026-08-07,,2026-08-08T04:17:50
39065617,2026-03-31,2026-08-06,,2026-08-07T07:14:55
39065897,2026-03-31,2026-04-01,,2026-07-29T19:12:09
39066260,2026-03-31,2026-04-25,,2026-07-29T19:12:10
39066367,2026-03-31,2026-08-24,,2026-08-24T06:25:35
39066853,2026-03-31,2026-04-03,,2026-07-29T19:12:11
39066960,2026-03-31,2026-04-28,,2026-07-29T19:12:11
39067131,2026-03-31,2026-04-07,,2026-07-29T19:12:11
39067190,2026-03-31,2026-05-15,,2026-07-29T19:12:12
39068237,2026-03-31,2026-06-15,,2026-07-29T19:12:12
39069306,2026-03-31,2026-04-13,,2026-07-29T19:12:13
39072663,2026-03-31,2026-08-02,,2026-08-04T06:01:00
39073774,2026-03-31,2026-06-28,,2026-07-29T19:12:14
39074174,2026-03-31,2026-03-31,,2026-07-29T19:12:14
39074702,2026-03-31,2026-08-05,,2026-08-06T05:01:28
39074730,2026-03-31,2026-05-31,,2026-07-29T19:12:15
39074797,2026-03-31,2026-05-26,,2026-07-29T19:12:15
39075356,2026-03-31,2026-07-30,,2026-08-01T10:00:17
39076041,2026-03-31,2026-06-19,,2026-07-29T19:12:16
39076145,2026-03-31,2026-07-24,,2026-07-29T19:12:16
39076173,2026-03-31,2026-04-06,,2026-07-29T19:12:16
39077188,2026-03-31,2026-05-25,,2026-07-29T19:12:16
39077219,2026-03-31,2026-08-20,,2026-08-21T07:16:33
39077555,2026-03-31,2026-05-08,,2026-07-29T19:12:17
39078495,2026-03-31,2026-08-25,,2026-08-25T01:37:23
39078553,2026-03-31,2026-04-05,,2026-07-29T19:12:18
39078925,2026-03-31,2026-05-09,,2026-07-29T19:12:18
39078987,2026-03-31,2026-03-31,,2026-07-29T19:12:18
39079170,2026-03-31,2026-07-18,,2026-07-29T19:12:18
39079328,2026-03-31,2026-08-24,,2026-08-25T04:13:04
39079644,2026-03-31,2026-08-23,,2026-08-23T22:47:39
39080057,2026-03-31,2026-03-31,,2026-07-29T19:12:19
39080069,2026-03-31,2026-08-11,,2026-08-13T07:13:12
39080203,2026-03-31,2026-04-09,,2026-07-29T19:12:20
39080420,2026-03-31,2026-08-21,,2026-08-22T07:06:21
39080491,2026-03-31,2026-08-21,,2026-08-23T07:10:43
39080624,2026-03-31,2026-06-11,,2026-07-29T19:12:20
39080633,2026-03-31,2026-08-15,,2026-08-16T05:14:28
39080753,2026-03-31,2026-04-04,,2026-07-31T11:11:06
39080969,2026-03-31,2026-08-24,,2026-08-24T23:51:03
39081268,2026-03-31,2026-06-06,,2026-07-29T19:12:21
39081475,2026-03-31,2026-04-01,,2026-07-29T19:12:21
39081543,2026-03-31,2026-08-11,,2026-08-13T04:19:51
39081579,2026-03-31,2026-07-22,,2026-07-29T19:12:22
39081649,2026-03-31,2026-05-07,,2026-07-29T19:12:22
39081650,2026-03-31,2026-04-06,,2026-07-29T19:12:22
39081766,2026-03-31,2026-08-22,,2026-08-24T06:02:01
39081889,2026-03-31,2026-03-31,,2026-07-29T19:12:23
39082096,2026-03-31,2026-03-31,,2026-07-29T19:12:23
39082119,2026-03-31,2026-08-23,,2026-08-25T04:12:01
39082127,2026-03-31,2026-07-17,,2026-07-29T19:12:24
39082360,2026-04-01,2026-07-27,,2026-07-29T19:12:24
39082438,2026-04-01,2026-04-29,,2026-07-29T19:12:24
39082584,2026-04-01,2026-04-07,,2026-07-29T19:12:24
39082802,2026-04-01,2026-04-01,,2026-07-29T19:12:24
39082825,2026-04-01,2026-08-24,,2026-08-24T16:05:01
39083279,2026-04-01,2026-08-09,,2026-08-11T04:09:27
39083398,2026-04-01,2026-04-06,,2026-07-29T19:12:25
39083406,2026-04-01,2026-07-12,,2026-07-29T19:12:26
39083422,2026-04-01,2026-06-09,,2026-07-29T19:12:26
39083856,2026-04-01,2026-06-14,,2026-07-29T19:12:26
39083967,2026-04-01,2026-05-26,,2026-07-29T19:12:26
39084150,2026-04-01,2026-06-28,,2026-07-29T19:12:26
39084168,2026-04-01,2026-07-22,,2026-07-29T19:12:27
39084221,2026-04-01,2026-07-03,,2026-07-29T19:12:27
39084276,2026-04-01,2026-07-04,,2026-07-29T19:12:27
39084378,2026-04-01,2026-08-12,,2026-08-14T10:00:50
39084422,2026-04-01,2026-08-25,,2026-08-25T03:30:03
39084436,2026-04-01,2026-05-26,,2026-07-29T19:12:28
39084440,2026-04-01,2026-07-31,,2026-08-02T05:06:30
39084530,2026-04-01,2026-05-26,,2026-07-29T19:12:29
39084564,2026-04-01,2026-07-24,,2026-07-29T19:12:30
39084827,2026-04-01,2026-05-27,,2026-07-29T19:12:30
39086097,2026-04-01,2026-07-02,,2026-07-29T19:12:30
39086876,2026-04-01,2026-06-03,,2026-07-29T19:12:30
39088675,2026-04-01,2026-04-02,,2026-07-29T19:12:30
39089233,2026-04-01,2026-04-06,,2026-07-29T19:12:31
39089821,2026-04-01,2026-07-06,,2026-07-29T19:12:31
39090275,2026-04-01,2026-08-18,,2026-08-20T04:18:35
39090762,2026-04-01,2026-07-13,,2026-07-29T19:12:32
39091555,2026-04-01,2026-05-19,,2026-07-29T19:12:32
39091763,2026-04-01,2026-06-01,,2026-07-29T19:12:32
39091835,2026-04-01,2026-06-04,,2026-07-29T19:12:33
39092728,2026-04-01,2026-07-14,,2026-07-29T19:12:33
39092782,2026-04-01,2026-08-18,,2026-08-20T04:13:43
39094301,2026-04-01,2026-07-01,,2026-07-29T19:12:34
39094568,2026-04-01,2026-05-06,,2026-07-29T19:12:34
39095930,2026-04-01,2026-07-15,,2026-07-29T19:12:34
39096083,2026-04-01,2026-07-16,,2026-07-29T19:12:35
39097552,2026-04-01,2026-08-19,,2026-08-21T04:15:08
39097934,2026-04-01,2026-07-23,,2026-07-29T19:12:35
39098144,2026-04-01,2026-06-15,,2026-07-29T19:12:35
39098173,2026-04-01,2026-08-11,,2026-08-13T06:04:39
39100017,2026-04-01,2026-04-02,,2026-07-29T19:12:36
39100055,2026-04-01,2026-08-24,,2026-08-24T16:45:22
39100338,2026-04-01,2026-07-28,,2026-07-30T06:04:17
39101256,2026-04-01,2026-08-12,,2026-08-13T07:10:52
39101548,2026-04-02,2026-07-28,,2026-07-29T19:12:37
39101892,2026-04-02,2026-08-04,,2026-08-06T06:04:15
39103462,2026-04-02,2026-07-04,,2026-07-29T19:12:38
39103467,2026-04-02,2026-08-02,,2026-08-04T05:07:23
39108348,2026-04-02,2026-07-09,,2026-07-29T19:12:38
39111274,2026-04-02,2026-08-06,,2026-08-08T04:12:09
39113804,2026-04-02,2026-08-17,,2026-08-19T04:19:29
39114571,2026-04-02,2026-04-30,,2026-07-29T19:12:40
39114935,2026-04-02,2026-04-10,,2026-07-29T19:12:41
39115747,2026-04-02,2026-08-10,,2026-08-12T04:13:40
39116691,2026-04-02,2026-07-19,,2026-07-29T19:12:42
39117300,2026-04-02,2026-08-07,,2026-08-09T06:03:50
39118147,2026-04-02,2026-08-24,,2026-08-24T20:00:47
39119815,2026-04-03,2026-05-11,,2026-07-29T19:12:44
39120401,2026-04-03,2026-04-21,,2026-07-29T19:12:44
39123633,2026-04-03,2026-08-18,,2026-08-20T04:17:25
39124321,2026-04-03,2026-05-31,,2026-07-29T19:12:45
39125013,2026-04-03,2026-04-16,,2026-07-29T19:12:45
39125169,2026-04-03,2026-05-13,,2026-07-29T19:12:46
39127362,2026-04-03,2026-05-26,,2026-07-29T19:12:46
39129116,2026-04-03,2026-05-28,,2026-07-29T19:12:46
39129574,2026-04-03,2026-08-13,,2026-08-15T05:06:57
39130885,2026-04-03,2026-04-12,,2026-07-29T19:12:47
39131208,2026-04-03,2026-08-24,,2026-08-24T05:27:32
39131292,2026-04-03,2026-05-04,,2026-07-29T19:12:47
39131360,2026-04-03,2026-08-17,,2026-08-19T04:13:29
39131534,2026-04-03,2026-08-24,,2026-08-24T23:10:06
39131588,2026-04-03,2026-08-24,,2026-08-24T23:08:20
39135846,2026-04-04,2026-04-05,,2026-07-29T19:12:48
39140562,2026-04-04,2026-08-15,,2026-08-17T07:08:35
39141267,2026-04-04,2026-08-11,,2026-08-13T07:10:33
39141600,2026-04-04,2026-08-07,,2026-08-09T05:04:19
39141957,2026-04-04,2026-05-19,,2026-07-29T19:12:50
39143081,2026-04-05,2026-05-04,,2026-07-29T19:12:50
39146961,2026-04-05,2026-07-01,,2026-07-29T19:12:50
39148021,2026-04-05,2026-08-20,,2026-08-21T04:22:44
39148611,2026-04-05,2026-06-13,,2026-07-29T19:12:51
39150084,2026-04-05,2026-05-13,,2026-07-29T19:12:51
39150210,2026-04-05,2026-08-18,,2026-08-20T04:07:57
39160807,2026-04-06,2026-07-29,,2026-07-30T05:12:25
39161857,2026-04-06,2026-04-21,,2026-07-29T19:12:52
39162116,2026-04-06,2026-04-16,,2026-07-29T19:12:52
39164135,2026-04-06,2026-04-08,,2026-08-10T14:26:37
39167057,2026-04-07,2026-08-24,,2026-08-24T21:16:56
39168445,2026-04-07,2026-08-23,,2026-08-25T05:03:56
39168586,2026-04-07,2026-08-21,,2026-08-23T05:11:23
39178971,2026-04-07,2026-08-14,,2026-08-16T04:20:08
39179023,2026-04-07,2026-07-01,,2026-07-29T19:12:56
39182016,2026-04-07,2026-07-16,,2026-07-29T19:12:57
39184199,2026-04-08,2026-07-15,,2026-07-29T19:12:57
39185017,2026-04-08,2026-08-08,,2026-08-09T05:11:38
39196843,2026-04-08,2026-04-09,,2026-07-29T19:12:57
39197042,2026-04-08,2026-08-06,,2026-08-08T04:05:33
39199981,2026-04-09,2026-07-01,,2026-07-29T19:13:00
39200757,2026-04-09,2026-06-24,,2026-07-29T19:13:00
39201713,2026-04-09,2026-08-20,,2026-08-22T05:09:53
39209590,2026-04-09,2026-05-26,,2026-07-29T19:13:00
39210094,2026-04-09,2026-08-09,,2026-08-11T04:08:43
39210598,2026-04-09,2026-08-15,,2026-08-17T04:12:16
39212470,2026-04-09,2026-08-13,,2026-08-15T05:07:02
39214615,2026-04-09,2026-08-10,,2026-08-12T04:11:38
39214652,2026-04-09,2026-04-09,,2026-07-29T19:13:02
39215399,2026-04-09,2026-08-23,,2026-08-25T04:04:49
39217002,2026-04-09,2026-08-24,,2026-08-24T22:59:08
39217590,2026-04-10,2026-08-24,,2026-08-24T18:40:10
39218804,2026-04-10,2026-04-10,,2026-07-29T19:13:02
39221120,2026-04-10,2026-04-10,,2026-07-29T19:13:02
39226808,2026-04-10,2026-04-15,,2026-07-29T19:13:04
39228703,2026-04-10,2026-04-21,,2026-07-29T19:13:04
39229259,2026-04-10,2026-08-25,,2026-08-25T04:05:25
39230788,2026-04-10,2026-04-18,,2026-07-29T19:13:04
39231403,2026-04-10,2026-04-11,,2026-07-29T19:13:04
39231683,2026-04-10,2026-04-10,,2026-07-29T19:13:04
39231719,2026-04-10,2026-08-04,,2026-08-06T16:37:03
39234431,2026-04-11,2026-08-11,,2026-08-13T04:15:13
39241541,2026-04-11,2026-08-24,,2026-08-24T14:55:08
39245506,2026-04-12,2026-04-18,,2026-07-29T19:13:05
39245651,2026-04-12,2026-04-12,,2026-07-29T19:13:06
39246535,2026-04-12,2026-08-06,,2026-08-08T04:13:55
39246881,2026-04-12,2026-08-04,,2026-08-06T10:00:27
39251350,2026-04-12,2026-06-06,,2026-07-29T19:13:06
39252735,2026-04-12,2026-08-21,,2026-08-23T04:10:52
39253465,2026-04-12,2026-05-08,,2026-07-29T19:13:06
39254171,2026-04-12,2026-08-13,,2026-08-15T04:16:59
39254283,2026-04-12,2026-05-20,,2026-07-29T19:13:06
39255174,2026-04-13,2026-07-30,,2026-08-01T04:23:28
39255774,2026-04-13,2026-08-24,,2026-08-24T07:34:45
39263092,2026-04-13,2026-05-12,,2026-07-29T19:13:08
39264967,2026-04-13,2026-06-04,,2026-07-29T19:13:08
39265576,2026-04-13,2026-08-25,,2026-08-25T00:44:53
39265871,2026-04-13,2026-06-10,,2026-07-29T19:13:08
39266249,2026-04-13,2026-08-20,,2026-08-22T04:01:05
39266639,2026-04-13,2026-05-06,,2026-07-29T19:13:09
39267360,2026-04-13,2026-07-11,,2026-07-29T19:13:10
39268492,2026-04-13,2026-08-02,,2026-08-03T07:14:01
39270692,2026-04-13,2026-08-20,,2026-08-21T04:22:49
39280329,2026-04-14,2026-05-03,,2026-07-29T19:13:10
39282830,2026-04-14,2026-08-01,,2026-08-03T05:08:14
39282977,2026-04-14,2026-05-12,,2026-07-29T19:13:22
39287460,2026-04-14,2026-04-20,,2026-07-29T19:13:22
39289303,2026-04-15,2026-05-04,,2026-07-29T19:13:22
39290312,2026-04-15,2026-04-25,,2026-07-29T19:13:22
39292095,2026-04-15,2026-07-05,,2026-07-29T19:13:22
39292100,2026-04-15,2026-06-28,,2026-07-29T19:13:22
39297356,2026-04-15,2026-07-22,,2026-07-29T19:13:23
39298743,2026-04-15,2026-07-14,,2026-07-29T19:13:25
39299415,2026-04-15,2026-07-18,,2026-07-29T19:13:23
39299633,2026-04-15,2026-08-22,,2026-08-24T04:11:18
39300788,2026-04-15,2026-04-15,,2026-07-29T19:13:26
39301086,2026-04-15,2026-06-16,,2026-07-29T19:13:26
39302136,2026-04-15,2026-04-17,,2026-07-29T19:13:29
39302555,2026-04-15,2026-08-15,,2026-08-16T07:08:22
39303526,2026-04-15,2026-04-15,,2026-07-29T19:13:28
39303656,2026-04-15,2026-08-06,,2026-08-07T07:03:43
39303903,2026-04-15,2026-05-03,,2026-07-29T19:13:29
39303987,2026-04-15,2026-08-24,,2026-08-24T22:03:51
39304226,2026-04-15,2026-04-21,,2026-07-29T19:13:31
39304451,2026-04-16,2026-05-23,,2026-07-29T19:13:34
39304625,2026-04-16,2026-08-24,,2026-08-24T23:04:09
39304935,2026-04-16,2026-07-12,,2026-07-29T19:13:35
39304992,2026-04-16,2026-04-18,,2026-07-29T19:13:36
39305048,2026-04-16,2026-08-24,,2026-08-24T07:35:12
39305062,2026-04-16,2026-06-03,,2026-07-29T19:13:37
39305433,2026-04-16,2026-08-19,,2026-08-20T05:11:58
39305455,2026-04-16,2026-08-02,,2026-08-04T07:04:38
39305480,2026-04-16,2026-04-26,,2026-07-29T19:13:51
39305930,2026-04-16,2026-07-25,,2026-08-01T16:16:04
39306358,2026-04-16,2026-07-12,,2026-07-29T19:13:54
39306793,2026-04-16,2026-07-29,,2026-07-31T04:21:35
39306950,2026-04-16,2026-08-09,,2026-08-11T05:05:25
39307581,2026-04-16,2026-08-21,,2026-08-23T07:11:39
39307628,2026-04-16,2026-05-07,,2026-07-29T19:13:55
39307653,2026-04-16,2026-04-17,,2026-07-29T19:13:55
39308597,2026-04-16,2026-06-11,,2026-07-29T19:13:55
39309314,2026-04-16,2026-07-07,,2026-07-29T19:13:55
39310347,2026-04-16,2026-05-06,,2026-07-29T19:13:55
39312817,2026-04-16,2026-07-02,,2026-07-29T19:13:56
39312857,2026-04-16,2026-05-06,,2026-07-29T19:13:56
39313019,2026-04-16,2026-08-01,,2026-08-02T04:21:24
39313819,2026-04-16,2026-05-07,,2026-07-29T19:13:57
39314109,2026-04-16,2026-07-26,,2026-07-29T19:13:57
39314416,2026-04-16,2026-04-16,,2026-07-29T19:13:57
39314739,2026-04-16,2026-04-19,,2026-07-29T19:13:58
39314812,2026-04-16,2026-07-02,,2026-07-29T19:13:58
39314827,2026-04-16,2026-08-22,,2026-08-24T04:09:42
39314957,2026-04-16,2026-08-22,,2026-08-23T04:24:39
39315030,2026-04-16,2026-04-29,,2026-08-15T18:44:53
39315310,2026-04-16,2026-08-15,,2026-08-17T05:05:22
39315649,2026-04-16,2026-04-16,,2026-07-29T19:13:59
39315743,2026-04-16,2026-05-26,,2026-07-29T19:14:00
39315874,2026-04-16,2026-06-30,,2026-07-29T19:14:00
39315941,2026-04-16,2026-07-08,,2026-07-29T19:14:00
39316012,2026-04-16,2026-05-10,,2026-07-29T19:14:01
39316031,2026-04-16,2026-05-28,,2026-07-29T19:14:01
39316763,2026-04-16,2026-04-20,,2026-07-29T19:14:01
39316965,2026-04-16,2026-08-10,,2026-08-12T04:16:05
39317035,2026-04-16,2026-08-20,,2026-08-22T04:02:03
39317115,2026-04-16,2026-08-18,,2026-08-20T06:03:46
39317386,2026-04-16,2026-06-11,,2026-07-29T19:14:03
39317467,2026-04-16,2026-05-18,,2026-07-29T19:14:03
39317486,2026-04-16,2026-05-13,,2026-07-29T19:14:03
39318069,2026-04-16,2026-08-17,,2026-08-18T07:13:13
39318308,2026-04-16,2026-04-16,,2026-07-29T19:14:03
39318348,2026-04-16,2026-06-17,,2026-07-29T19:14:04
39319069,2026-04-16,2026-06-24,,2026-07-29T19:14:04
39319245,2026-04-16,2026-07-19,,2026-07-29T19:14:05
39319571,2026-04-16,2026-04-17,,2026-07-29T19:14:04
39319621,2026-04-16,2026-04-16,,2026-07-29T19:14:05
39320182,2026-04-16,2026-04-20,,2026-07-29T19:14:05
39320929,2026-04-16,2026-08-18,,2026-08-19T04:24:37
39321057,2026-04-16,2026-04-21,,2026-07-29T19:14:05
39321287,2026-04-17,2026-08-23,,2026-08-25T04:07:08
39321579,2026-04-17,2026-06-11,,2026-07-29T19:14:07
39321607,2026-04-17,2026-04-22,,2026-07-29T19:14:07
39321732,2026-04-17,2026-06-17,,2026-08-19T20:13:41
39321941,2026-04-17,2026-08-19,,2026-08-21T04:08:41
39321970,2026-04-17,2026-06-08,,2026-07-29T19:14:08
39321972,2026-04-17,2026-07-22,,2026-07-29T19:14:08
39321985,2026-04-17,2026-08-18,,2026-08-19T04:04:33
39322027,2026-04-17,2026-06-15,,2026-07-29T19:14:09
39322032,2026-04-17,2026-06-23,,2026-07-29T19:14:09
39322187,2026-04-17,2026-04-24,,2026-07-29T19:14:09
39322284,2026-04-17,2026-04-17,,2026-07-29T19:14:09
39322587,2026-04-17,2026-07-15,,2026-07-29T19:14:10
39322947,2026-04-17,2026-04-22,,2026-07-29T19:14:11
39323003,2026-04-17,2026-08-07,,2026-08-09T07:12:35
39323308,2026-04-17,2026-06-24,,2026-07-29T19:14:11
39328521,2026-04-17,2026-06-17,,2026-07-29T19:14:11
39329579,2026-04-17,2026-08-17,,2026-08-19T04:15:12
39329709,2026-04-17,2026-05-14,,2026-07-29T19:14:11
39330590,2026-04-17,2026-08-24,,2026-08-24T22:59:01
39331905,2026-04-17,2026-08-22,,2026-08-24T04:13:28
39332490,2026-04-17,2026-07-15,,2026-07-29T19:14:12
39332569,2026-04-17,2026-08-23,,2026-08-25T04:11:26
39335965,2026-04-18,2026-08-20,,2026-08-22T07:10:38
39337258,2026-04-18,2026-08-04,,2026-08-05T07:17:39
39337277,2026-04-18,2026-05-15,,2026-07-29T19:14:14
39344104,2026-04-18,2026-06-02,,2026-07-29T19:14:14
39345478,2026-04-18,2026-05-25,,2026-07-29T19:14:15
39352183,2026-04-19,2026-08-16,,2026-08-18T04:09:47
39355002,2026-04-19,2026-05-19,,2026-07-29T19:14:17
39355541,2026-04-19,2026-05-25,,2026-07-29T19:14:17
39355885,2026-04-19,2026-04-30,,2026-07-29T19:14:17
39356580,2026-04-19,2026-06-29,,2026-07-29T19:14:18
39362255,2026-04-20,2026-06-30,,2026-07-29T19:14:18
39365019,2026-04-20,2026-06-30,,2026-07-29T19:14:18
39367197,2026-04-20,2026-04-23,,2026-07-29T19:14:19
39368836,2026-04-20,2026-04-20,,2026-07-29T19:14:19
39369153,2026-04-20,2026-06-22,,2026-07-29T19:14:19
39370035,2026-04-20,2026-04-22,,2026-07-29T19:14:19
39374883,2026-04-21,2026-08-23,,2026-08-23T17:11:58
39385684,2026-04-21,2026-08-07,,2026-08-09T05:05:30
39388452,2026-04-21,2026-07-04,,2026-07-29T19:14:20
39391613,2026-04-22,2026-08-15,,2026-08-16T04:26:11
39391947,2026-04-22,2026-04-22,,2026-07-29T19:14:20
39392729,2026-04-22,2026-08-03,,2026-08-05T04:18:33
39392907,2026-04-22,2026-06-01,,2026-07-29T19:14:21
39395735,2026-04-22,2026-06-12,,2026-07-29T19:14:21
39398803,2026-04-22,2026-08-10,,2026-08-11T05:07:58
39400550,2026-04-22,2026-08-05,,2026-08-06T06:04:30
39400623,2026-04-22,2026-08-25,,2026-08-25T06:00:39
39402884,2026-04-22,2026-07-29,,2026-07-30T07:05:18
39402943,2026-04-22,2026-06-16,,2026-07-29T19:14:23
39403044,2026-04-22,2026-08-19,,2026-08-20T07:16:29
39404124,2026-04-22,2026-04-23,,2026-07-29T19:14:24
39404233,2026-04-22,2026-08-13,,2026-08-15T07:11:33
39405159,2026-04-22,2026-08-02,,2026-08-04T05:03:50
39406435,2026-04-22,2026-06-28,,2026-07-29T19:14:25
39408065,2026-04-23,2026-06-13,,2026-07-29T19:14:25
39408075,2026-04-23,2026-04-23,,2026-07-29T19:14:27
39409275,2026-04-23,2026-07-05,,2026-07-29T19:14:27
39413698,2026-04-23,2026-05-27,,2026-07-29T19:14:27
39416481,2026-04-23,2026-08-25,,2026-08-25T04:05:49
39419241,2026-04-23,2026-04-23,,2026-07-29T19:14:28
39419788,2026-04-23,2026-05-19,,2026-07-29T19:14:29
39420542,2026-04-23,2026-08-25,,2026-08-25T01:52:42
39420994,2026-04-23,2026-05-17,,2026-07-29T19:14:29
39421290,2026-04-23,2026-08-24,,2026-08-25T06:02:17
39421589,2026-04-23,2026-08-15,,2026-08-17T04:09:23
39423343,2026-04-24,2026-08-22,,2026-08-24T04:12:32
39427938,2026-04-24,2026-07-01,,2026-07-29T19:14:30
39430299,2026-04-24,2026-04-27,,2026-07-29T19:14:31
39430311,2026-04-24,2026-04-24,,2026-07-29T19:14:31
39436458,2026-04-25,2026-05-28,,2026-07-29T19:14:31
39437086,2026-04-25,2026-07-25,,2026-07-29T19:14:31
39437138,2026-04-25,2026-05-26,,2026-07-29T19:14:33
39442143,2026-04-25,2026-05-03,,2026-07-29T19:14:32
39443374,2026-04-25,2026-06-09,,2026-08-24T00:27:42
39444370,2026-04-25,2026-04-25,,2026-07-29T19:14:33
39445063,2026-04-25,2026-05-21,,2026-07-29T19:14:33
39446570,2026-04-25,2026-08-17,,2026-08-19T07:09:40
39453505,2026-04-26,2026-08-12,,2026-08-14T06:03:55
39454159,2026-04-26,2026-05-14,,2026-07-29T19:14:34
39456313,2026-04-27,2026-04-28,,2026-07-29T19:14:35
39463475,2026-04-27,2026-06-01,,2026-07-29T19:14:35
39466230,2026-04-27,2026-05-03,,2026-07-29T19:14:35
39468111,2026-04-27,2026-05-25,,2026-07-29T19:14:35
39468885,2026-04-27,2026-05-14,,2026-07-29T19:14:36
39469848,2026-04-27,2026-06-23,,2026-07-29T19:14:36
39470053,2026-04-27,2026-05-12,,2026-07-29T19:14:36
39470472,2026-04-27,2026-08-15,,2026-08-16T07:17:52
39471578,2026-04-27,2026-04-27,,2026-07-29T19:14:36
39472186,2026-04-28,2026-07-31,,2026-08-02T04:10:10
39472757,2026-04-28,2026-04-28,,2026-07-29T19:14:38
39473241,2026-04-28,2026-05-04,,2026-07-29T19:14:39
39486939,2026-04-28,2026-07-28,,2026-07-30T04:02:26
39489266,2026-04-29,2026-07-22,,2026-07-29T19:14:39
39490977,2026-04-29,2026-08-15,,2026-08-16T07:17:08
39491619,2026-04-29,2026-08-12,,2026-08-14T05:09:04
39496335,2026-04-29,2026-08-17,,2026-08-19T07:07:25
39496723,2026-04-29,2026-08-25,,2026-08-25T00:39:08
39502461,2026-04-29,2026-07-14,,2026-07-29T19:14:40
39502994,2026-04-29,2026-04-29,,2026-07-29T19:14:40
39503333,2026-04-29,2026-08-23,,2026-08-24T07:08:58
39504840,2026-04-30,2026-06-27,,2026-07-29T19:14:41
39505483,2026-04-30,2026-06-10,,2026-07-29T19:14:41
39505884,2026-04-30,2026-06-03,,2026-07-29T19:14:41
39507635,2026-04-30,2026-08-15,,2026-08-17T04:05:17
39513152,2026-04-30,2026-08-23,,2026-08-25T04:04:30
39514275,2026-04-30,2026-08-18,,2026-08-20T04:15:45
39515303,2026-04-30,2026-06-14,,2026-07-29T19:14:42
39516618,2026-04-30,2026-07-01,,2026-07-29T19:14:42
39516944,2026-04-30,2026-08-24,,2026-08-24T20:26:21
39522069,2026-05-01,2026-07-08,,2026-07-29T19:14:44
39522272,2026-05-01,2026-06-09,,2026-07-29T19:14:44
39522934,2026-05-01,2026-05-02,,2026-07-29T19:14:44
39523059,2026-05-01,2026-06-23,,2026-07-29T19:14:45
39529020,2026-05-01,2026-08-20,,2026-08-22T04:14:37
39530997,2026-05-01,2026-05-15,,2026-07-29T19:14:46
39531975,2026-05-01,2026-07-10,,2026-07-29T19:14:46
39532454,2026-05-01,2026-06-23,,2026-07-29T19:14:47
39534898,2026-05-01,2026-05-02,,2026-07-29T19:14:47
39535249,2026-05-01,2026-05-03,,2026-07-29T19:14:47
39536812,2026-05-02,2026-08-06,,2026-08-07T07:14:55
39539125,2026-05-02,2026-08-19,,2026-08-21T04:19:30
39542781,2026-05-02,2026-07-24,,2026-07-29T19:14:51
39543004,2026-05-02,2026-05-02,,2026-07-29T19:14:51
39543085,2026-05-02,2026-08-21,,2026-08-23T04:21:25
39543110,2026-05-02,2026-05-02,,2026-07-29T19:14:52
39544260,2026-05-02,2026-06-08,,2026-07-29T19:14:52
39544265,2026-05-02,2026-05-31,,2026-07-29T19:14:53
39544813,2026-05-02,2026-05-20,,2026-07-29T19:14:53
39545933,2026-05-02,2026-05-14,,2026-07-29T19:14:53
39546639,2026-05-02,2026-05-03,,2026-07-29T19:14:54
39548334,2026-05-03,2026-05-29,,2026-07-29T19:14:54
39548737,2026-05-03,2026-08-20,,2026-08-22T04:15:36
39554458,2026-05-03,2026-08-23,,2026-08-25T04:10:37
39554990,2026-05-03,2026-05-06,,2026-07-29T19:14:54
39555301,2026-05-03,2026-07-13,,2026-07-29T19:14:55
39556395,2026-05-03,2026-07-22,,2026-07-30T18:29:54
39556642,2026-05-03,2026-05-07,,2026-07-29T19:14:55
39556691,2026-05-03,2026-08-18,,2026-08-20T05:10:04
39557181,2026-05-03,2026-08-06,,2026-08-08T05:08:13
39558341,2026-05-04,2026-05-04,,2026-07-29T19:14:56
39559950,2026-05-04,2026-08-05,,2026-08-07T05:08:15
39560470,2026-05-04,2026-08-23,,2026-08-23T23:45:51
39562967,2026-05-04,2026-07-18,,2026-07-29T19:14:57
39565447,2026-05-04,2026-05-23,,2026-07-29T19:14:57
39566638,2026-05-04,2026-06-25,,2026-07-29T19:14:57
39568374,2026-05-04,2026-06-02,,2026-07-29T19:14:57
39569030,2026-05-04,2026-05-04,,2026-07-29T19:14:57
39569657,2026-05-04,2026-05-31,,2026-07-29T19:14:58
39570199,2026-05-04,2026-08-07,,2026-08-09T04:09:40
39570423,2026-05-04,2026-05-26,,2026-07-29T19:14:58
39570587,2026-05-04,2026-08-03,,2026-08-05T04:17:05
39570729,2026-05-04,2026-08-05,,2026-08-07T07:13:06
39571325,2026-05-04,2026-05-09,,2026-07-29T19:14:59
39571521,2026-05-04,2026-08-23,,2026-08-25T04:03:08
39571953,2026-05-04,2026-08-24,,2026-08-24T22:32:10
39572126,2026-05-04,2026-05-04,,2026-07-29T19:15:00
39572147,2026-05-04,2026-05-24,,2026-07-29T19:15:00
39573299,2026-05-05,2026-05-21,,2026-07-29T19:15:01
39574113,2026-05-05,2026-05-05,,2026-07-29T19:15:01
39575829,2026-05-05,2026-08-20,,2026-08-21T07:16:28
39576202,2026-05-05,2026-05-09,,2026-07-29T19:15:01
39577775,2026-05-05,2026-08-04,,2026-08-05T05:10:03
39581556,2026-05-05,2026-05-05,,2026-07-29T19:15:02
39582436,2026-05-05,2026-05-24,,2026-07-29T19:15:02
39583612,2026-05-05,2026-06-27,,2026-07-29T19:15:02
39584180,2026-05-05,2026-07-02,,2026-07-29T19:15:02
39584968,2026-05-05,2026-08-07,,2026-08-09T05:06:34
39586493,2026-05-05,2026-08-17,,2026-08-19T04:06:12
39586688,2026-05-05,2026-05-05,,2026-07-29T19:15:03
39587217,2026-05-05,2026-08-22,,2026-08-24T04:13:59
39587730,2026-05-05,2026-05-07,,2026-07-29T19:15:04
39587922,2026-05-05,2026-07-21,,2026-07-29T19:15:05
39589821,2026-05-05,2026-08-01,,2026-08-03T04:07:32
39590429,2026-05-05,2026-07-15,,2026-07-29T19:15:06
39591062,2026-05-06,2026-08-13,,2026-08-15T04:11:43
39591215,2026-05-06,2026-07-20,,2026-07-29T19:15:06
39592361,2026-05-06,2026-08-24,,2026-08-24T19:04:12
39594610,2026-05-06,2026-08-22,,2026-08-24T05:06:39
39596202,2026-05-06,2026-05-06,,2026-07-29T19:15:07
39596427,2026-05-06,2026-08-19,,2026-08-21T04:17:53
39601802,2026-05-06,2026-08-17,,2026-08-19T04:18:39
39605350,2026-05-06,2026-08-06,,2026-08-08T04:07:39
39605372,2026-05-06,2026-07-30,,2026-07-31T05:12:36
39607585,2026-05-07,2026-08-22,,2026-08-23T05:12:33
39617498,2026-05-07,2026-05-12,,2026-07-29T19:15:08
39617842,2026-05-07,2026-08-21,,2026-08-23T07:11:32
39618022,2026-05-07,2026-05-08,,2026-07-29T19:15:09
39618121,2026-05-07,2026-05-07,,2026-07-29T19:15:09
39618241,2026-05-07,2026-07-24,,2026-07-29T19:15:09
39620996,2026-05-07,2026-08-06,,2026-08-08T07:10:23
39624772,2026-05-08,2026-08-07,,2026-08-09T05:02:26
39626519,2026-05-08,2026-08-18,,2026-08-20T05:07:41
39628177,2026-05-08,2026-07-07,,2026-07-29T19:15:10
39628274,2026-05-08,2026-07-03,,2026-07-29T19:15:11
39632345,2026-05-08,2026-06-07,,2026-07-29T19:15:11
39632924,2026-05-08,2026-05-16,,2026-07-29T19:15:12
39634182,2026-05-08,2026-05-15,,2026-07-29T19:15:12
39636374,2026-05-08,2026-06-02,,2026-07-29T19:15:13
39638104,2026-05-09,2026-07-10,,2026-07-29T19:15:12
39639452,2026-05-09,2026-08-19,,2026-08-21T06:02:28
39645012,2026-05-09,2026-08-01,,2026-08-03T04:15:03
39645430,2026-05-09,2026-05-27,,2026-07-29T19:15:14
39645539,2026-05-09,2026-06-01,,2026-07-29T19:15:15
39646266,2026-05-09,2026-06-21,,2026-07-29T19:15:15
39646642,2026-05-09,2026-08-25,,2026-08-25T01:44:01
39646648,2026-05-09,2026-07-18,,2026-07-29T19:15:15
39649067,2026-05-10,2026-05-13,,2026-07-29T19:15:16
39652078,2026-05-10,2026-06-10,,2026-07-29T19:15:16
39652299,2026-05-10,2026-05-24,,2026-07-29T19:15:17
39653331,2026-05-10,2026-06-13,,2026-07-29T19:15:16
39653686,2026-05-10,2026-05-19,,2026-07-29T19:15:17
39655234,2026-05-10,2026-08-23,,2026-08-25T04:07:20
39655942,2026-05-10,2026-08-12,,2026-08-14T05:10:19
39656197,2026-05-10,2026-06-26,,2026-07-29T19:15:17
39656263,2026-05-10,2026-08-25,,2026-08-25T05:18:18
39656550,2026-05-10,2026-05-13,,2026-07-29T19:15:18
39656760,2026-05-10,2026-08-11,,2026-08-13T04:23:41
39656916,2026-05-11,2026-08-18,,2026-08-20T05:05:12
39657204,2026-05-11,2026-07-07,,2026-07-29T19:15:19
39657891,2026-05-11,2026-05-11,,2026-07-29T19:15:19
39658216,2026-05-11,2026-05-18,,2026-07-08T21:56:33
39658451,2026-05-11,2026-05-11,,2026-07-29T19:15:20
39658757,2026-05-11,2026-08-24,,2026-08-24T01:46:54
39659961,2026-05-11,2026-05-18,,2026-07-30T22:22:39
39663576,2026-05-11,2026-08-22,,2026-08-24T05:05:11
39664683,2026-05-11,2026-06-11,,2026-07-29T19:15:21
39667455,2026-05-11,2026-08-12,,2026-08-19T18:51:30
39667576,2026-05-11,2026-07-05,,2026-07-29T19:15:21
39667829,2026-05-11,2026-05-16,,2026-07-29T19:15:22
39668565,2026-05-11,2026-08-03,,2026-08-05T05:12:29
39668830,2026-05-11,2026-05-11,,2026-07-29T19:15:22
39669399,2026-05-11,2026-07-12,,2026-08-01T23:14:32
39669531,2026-05-11,2026-05-11,,2026-07-29T19:15:23
39669657,2026-05-11,2026-08-25,,2026-08-25T00:09:18
39671965,2026-05-11,2026-08-08,,2026-08-10T05:06:10
39671979,2026-05-11,2026-05-24,,2026-07-29T19:15:24
39672320,2026-05-11,2026-08-06,,2026-08-08T07:11:11
39675990,2026-05-12,2026-06-29,,2026-07-29T19:15:25
39676541,2026-05-12,2026-08-13,,2026-08-15T04:14:55
39677621,2026-05-12,2026-08-16,,2026-08-18T04:12:04
39679082,2026-05-12,2026-08-11,,2026-08-13T04:22:31
39680033,2026-05-12,2026-05-15,,2026-07-29T19:15:25
39683644,2026-05-12,2026-08-24,,2026-08-24T10:16:50
39685545,2026-05-12,2026-05-14,,2026-07-29T19:15:26
39685735,2026-05-12,2026-07-22,,2026-07-29T19:15:26
39685746,2026-05-12,2026-06-12,,2026-07-29T19:15:27
39687438,2026-05-12,2026-08-18,,2026-08-20T04:06:24
39687820,2026-05-12,2026-08-24,,2026-08-24T21:46:36
39687844,2026-05-12,2026-07-25,,2026-07-29T19:15:28
39688946,2026-05-12,2026-07-07,,2026-07-29T19:15:28
39689668,2026-05-12,2026-08-25,,2026-08-25T00:49:29
39690219,2026-05-12,2026-06-15,,2026-07-29T19:15:28
39690360,2026-05-12,2026-08-25,,2026-08-25T03:48:43
39690561,2026-05-12,2026-08-25,,2026-08-25T00:22:29
39691082,2026-05-12,2026-08-13,,2026-08-15T04:13:52
39691308,2026-05-12,2026-06-30,,2026-07-29T19:15:31
39691542,2026-05-12,2026-05-12,,2026-07-29T19:15:31
39691856,2026-05-12,2026-05-12,,2026-07-29T19:15:31
39692632,2026-05-13,2026-05-19,,2026-07-29T19:15:33
39692678,2026-05-13,2026-05-13,,2026-07-29T19:15:32
39692802,2026-05-13,2026-08-20,,2026-08-22T04:05:42
39693635,2026-05-13,2026-05-20,,2026-07-29T19:15:35
39694363,2026-05-13,2026-06-20,,2026-07-29T19:15:34
39694718,2026-05-13,2026-06-07,,2026-07-29T19:15:39
39696243,2026-05-13,2026-07-01,,2026-07-29T19:15:35
39698574,2026-05-13,2026-07-29,,2026-07-31T04:23:29
39701545,2026-05-13,2026-08-22,,2026-08-24T04:08:24
39702162,2026-05-13,2026-08-25,,2026-08-25T01:27:20
39702314,2026-05-13,2026-05-14,,2026-07-29T19:15:37
39704483,2026-05-13,2026-05-13,,2026-07-29T19:15:39
39704520,2026-05-13,2026-08-13,,2026-08-14T05:11:49
39706950,2026-05-13,2026-06-24,,2026-07-29T19:15:39
39707338,2026-05-13,2026-05-15,,2026-07-29T19:15:39
39707527,2026-05-13,2026-08-24,,2026-08-24T04:53:58
39707605,2026-05-13,2026-06-07,,2026-07-29T19:15:39
39708395,2026-05-14,2026-05-26,,2026-07-29T19:15:40
39708737,2026-05-14,2026-08-16,,2026-08-17T04:10:49
39708998,2026-05-14,2026-08-17,,2026-08-19T04:05:14
39709295,2026-05-14,2026-08-20,,2026-08-22T05:11:49
39710489,2026-05-14,2026-08-21,,2026-08-22T05:12:37
39710730,2026-05-14,2026-05-14,,2026-07-29T19:15:42
39711672,2026-05-14,2026-05-14,,2026-07-29T19:15:42
39711840,2026-05-14,2026-08-23,,2026-08-23T20:19:28
39715882,2026-05-14,2026-05-18,,2026-08-11T14:56:30
39716799,2026-05-14,2026-08-19,,2026-08-21T07:12:36
39716990,2026-05-14,2026-08-25,,2026-08-25T01:06:28
39717686,2026-05-14,2026-06-29,,2026-07-29T19:15:47
39719005,2026-05-14,2026-08-21,,2026-08-23T04:22:38
39719677,2026-05-14,2026-08-23,,2026-08-25T04:04:46
39720423,2026-05-14,2026-08-25,,2026-08-25T00:40:16
39720437,2026-05-14,2026-06-08,,2026-07-29T19:15:47
39720603,2026-05-14,2026-05-30,,2026-07-29T19:15:48
39721531,2026-05-14,2026-06-30,,2026-07-29T19:15:48
39721989,2026-05-14,2026-05-20,,2026-07-29T19:15:48
39722076,2026-05-14,2026-06-11,,2026-07-29T19:15:48
39722399,2026-05-14,2026-05-14,,2026-07-29T19:15:48
39723608,2026-05-14,2026-05-14,,2026-07-29T19:15:49
39724103,2026-05-14,2026-06-15,,2026-07-29T19:15:49
39724322,2026-05-14,2026-05-24,,2026-07-29T19:15:49
39725287,2026-05-15,2026-07-31,,2026-08-02T04:20:40
39731766,2026-05-15,2026-08-17,,2026-08-19T07:07:30
39733279,2026-05-15,2026-05-28,,2026-07-29T19:15:52
39734378,2026-05-15,2026-05-15,,2026-07-29T19:15:50
39734441,2026-05-15,2026-08-02,,2026-08-04T04:08:51
39734665,2026-05-15,2026-05-15,,2026-07-29T19:15:52
39735229,2026-05-15,2026-07-08,,2026-08-16T10:03:15
39735336,2026-05-15,2026-08-12,,2026-08-14T07:13:09
39735509,2026-05-15,2026-07-07,,2026-07-29T19:15:53
39736230,2026-05-15,2026-07-13,,2026-07-29T19:15:56
39737675,2026-05-15,2026-08-15,,2026-08-17T04:03:57
39739028,2026-05-15,2026-05-25,,2026-07-29T19:15:57
39739834,2026-05-16,2026-07-05,,2026-07-29T19:15:58
39739866,2026-05-16,2026-08-19,,2026-08-20T07:16:51
39741071,2026-05-16,2026-05-26,,2026-07-29T19:15:59
39746032,2026-05-16,2026-07-20,,2026-08-10T17:25:48
39746310,2026-05-16,2026-08-24,,2026-08-24T07:00:15
39746556,2026-05-16,2026-05-16,,2026-07-29T19:16:00
39747343,2026-05-16,2026-05-31,,2026-07-29T19:16:01
39747901,2026-05-16,2026-08-04,,2026-08-06T04:16:41
39747959,2026-05-16,2026-06-30,,2026-07-29T19:16:01
39748038,2026-05-16,2026-05-21,,2026-07-29T19:16:01
39748517,2026-05-16,2026-05-16,,2026-07-29T19:16:01
39748849,2026-05-16,2026-08-23,,2026-08-23T16:26:31
39749051,2026-05-16,2026-05-26,,2026-07-29T19:16:02
39749358,2026-05-16,2026-08-05,,2026-08-07T04:14:36
39749962,2026-05-16,2026-05-20,,2026-08-22T20:32:00
39750101,2026-05-16,2026-06-17,,2026-07-29T19:16:03
39751571,2026-05-17,2026-08-21,,2026-08-23T05:11:35
39752777,2026-05-17,2026-08-22,,2026-08-24T04:08:55
39755222,2026-05-17,2026-06-20,,2026-07-29T19:16:06
39755468,2026-05-17,2026-05-17,,2026-07-29T19:16:06
39755843,2026-05-17,2026-06-30,,2026-07-29T19:16:06
39759200,2026-05-17,2026-08-17,,2026-08-19T05:08:28
39759515,2026-05-18,2026-07-07,,2026-07-29T19:16:09
39760085,2026-05-18,2026-08-15,,2026-08-17T04:08:02
39760672,2026-05-18,2026-07-04,,2026-07-29T19:16:09
39760705,2026-05-18,2026-08-24,,2026-08-25T04:13:11
39760933,2026-05-18,2026-07-04,,2026-07-29T19:16:10
39762757,2026-05-18,2026-08-07,,2026-08-08T07:14:55
39769019,2026-05-18,2026-05-22,,2026-07-29T19:16:11
39770851,2026-05-18,2026-08-06,,2026-08-08T05:07:57
39773093,2026-05-18,2026-05-29,,2026-07-29T19:16:13
39773157,2026-05-18,2026-05-18,,2026-07-29T19:16:13
39775482,2026-05-18,2026-06-10,,2026-07-29T19:16:14
39776853,2026-05-18,2026-08-05,,2026-08-07T07:07:03
39777254,2026-05-18,2026-07-16,,2026-07-29T19:16:15
39778149,2026-05-19,2026-07-16,,2026-07-29T19:16:15
39778597,2026-05-19,2026-07-26,,2026-07-29T19:16:15
39778672,2026-05-19,2026-06-20,,2026-07-29T19:16:15
39778856,2026-05-19,2026-06-19,,2026-07-29T19:16:16
39779139,2026-05-19,2026-05-31,,2026-07-29T19:16:16
39787581,2026-05-19,2026-06-01,,2026-08-24T14:54:25
39789233,2026-05-19,2026-07-20,,2026-07-20T17:48:32
39790998,2026-05-19,2026-05-25,,2026-07-29T19:16:17
39791362,2026-05-19,2026-08-03,,2026-08-05T07:08:44
39791660,2026-05-19,2026-05-19,,2026-07-29T19:16:17
39791970,2026-05-19,2026-05-31,,2026-07-29T19:16:18
39792773,2026-05-19,2026-06-11,,2026-07-29T19:16:18
39793442,2026-05-19,2026-06-01,,2026-07-29T19:16:18
39793503,2026-05-19,2026-08-08,,2026-08-09T07:14:39
39793992,2026-05-20,2026-08-11,,2026-08-12T04:22:02
39794080,2026-05-20,2026-05-28,,2026-07-29T19:16:44
39794173,2026-05-20,2026-07-29,,2026-07-31T04:08:54
39795226,2026-05-20,2026-05-20,,2026-07-29T19:17:21
39795290,2026-05-20,2026-08-21,,2026-08-23T05:12:14
39795506,2026-05-20,2026-07-01,,2026-07-29T19:17:38
39798977,2026-05-20,2026-07-17,,2026-07-29T19:17:34
39803487,2026-05-20,2026-05-24,,2026-07-29T19:17:37
39805167,2026-05-20,2026-08-22,,2026-08-24T04:15:05
39806645,2026-05-20,2026-06-14,,2026-07-29T19:17:38
39806797,2026-05-20,2026-06-25,,2026-07-29T19:17:39
39807911,2026-05-20,2026-08-21,,2026-08-23T04:15:17
39808888,2026-05-20,2026-07-07,,2026-07-29T19:17:41
39808980,2026-05-20,2026-06-28,,2026-07-29T19:17:41
39809199,2026-05-20,2026-07-14,,2026-07-29T19:17:41
39809540,2026-05-21,2026-08-04,,2026-08-05T05:03:59
39810346,2026-05-21,2026-07-09,,2026-07-29T19:17:49
39810424,2026-05-21,2026-08-03,,2026-08-05T05:06:01
39811608,2026-05-21,2026-08-24,,2026-08-24T17:58:47
39812308,2026-05-21,2026-06-02,,2026-07-29T19:17:41
39813150,2026-05-21,2026-08-19,,2026-08-21T05:09:26
39818379,2026-05-21,2026-07-29,,2026-07-31T06:03:09
39820371,2026-05-21,2026-07-14,,2026-07-29T19:17:43
39821383,2026-05-21,2026-05-29,,2026-07-29T19:17:43
39822599,2026-05-21,2026-05-21,,2026-07-29T19:17:43
39823095,2026-05-21,2026-06-01,,2026-07-29T19:17:44
39823217,2026-05-21,2026-07-19,,2026-07-29T19:17:44
39823701,2026-05-21,2026-07-30,,2026-08-01T04:11:26
39825910,2026-05-22,2026-08-15,,2026-08-16T04:26:19
39826191,2026-05-22,2026-05-25,,2026-07-29T19:17:45
39827219,2026-05-22,2026-07-10,,2026-07-29T19:17:44
39829722,2026-05-22,2026-08-24,,2026-08-24T00:31:09
39829903,2026-05-22,2026-08-18,,2026-08-19T04:24:35
39834725,2026-05-22,2026-06-22,,2026-07-29T19:17:46
39834733,2026-05-22,2026-07-23,,2026-07-29T19:17:52
39835082,2026-05-22,2026-07-16,,2026-07-29T19:17:46
39837557,2026-05-22,2026-08-16,,2026-08-18T05:03:05
39837638,2026-05-22,2026-07-31,,2026-08-01T10:00:07
39838288,2026-05-22,2026-05-29,,2026-07-29T19:17:46
39838826,2026-05-22,2026-08-24,,2026-08-25T04:10:43
39839591,2026-05-23,2026-05-25,,2026-07-29T19:17:47
39843107,2026-05-23,2026-08-21,,2026-08-23T07:11:34
39843477,2026-05-23,2026-05-23,,2026-07-29T19:17:47
39846258,2026-05-23,2026-08-12,,2026-08-14T04:13:08
39847683,2026-05-23,2026-05-23,,2026-07-29T19:17:50
39848478,2026-05-23,2026-07-03,,2026-07-29T19:17:54
39849477,2026-05-23,2026-06-01,,2026-07-29T19:17:49
39849578,2026-05-23,2026-08-22,,2026-08-23T04:24:58
39849638,2026-05-23,2026-07-06,,2026-07-29T19:17:49
39849646,2026-05-23,2026-08-20,,2026-08-22T05:09:17
39850820,2026-05-23,2026-08-19,,2026-08-21T04:15:43
39850945,2026-05-23,2026-08-20,,2026-08-22T04:22:01
39851282,2026-05-23,2026-08-06,,2026-08-08T05:07:19
39852626,2026-05-24,2026-06-10,,2026-07-29T19:17:51
39852976,2026-05-24,2026-08-24,,2026-08-24T03:20:05
39853086,2026-05-24,2026-05-26,,2026-07-29T19:17:51
39853622,2026-05-24,2026-08-14,,2026-08-16T07:16:54
39853842,2026-05-24,2026-08-24,,2026-08-24T15:30:12
39855490,2026-05-24,2026-08-20,,2026-08-22T07:09:02
39856600,2026-05-24,2026-08-19,,2026-08-21T08:00:06
39857837,2026-05-24,2026-08-25,,2026-08-25T00:20:36
39858851,2026-05-24,2026-06-27,,2026-07-29T19:17:53
39858890,2026-05-24,2026-06-22,,2026-07-29T19:17:54
39859748,2026-05-24,2026-06-14,,2026-07-29T19:17:54
39860676,2026-05-24,2026-08-03,,2026-08-04T07:11:34
39861058,2026-05-25,2026-08-08,,2026-08-09T04:23:33
39861123,2026-05-25,2026-08-06,,2026-08-08T05:07:36
39861594,2026-05-25,2026-06-10,,2026-07-29T19:17:56
39869166,2026-05-25,2026-08-24,,2026-08-24T23:00:35
39871169,2026-05-25,2026-08-23,,2026-08-25T05:02:48
39872357,2026-05-25,2026-05-29,,2026-07-29T19:17:56
39873205,2026-05-25,2026-05-25,,2026-07-29T19:17:56
39874030,2026-05-25,2026-08-07,,2026-08-09T04:09:38
39874697,2026-05-25,2026-05-26,,2026-07-29T19:17:57
39874943,2026-05-25,2026-06-11,,2026-07-30T20:54:03
39875326,2026-05-25,2026-08-23,,2026-08-23T22:47:39
39876749,2026-05-26,2026-05-26,,2026-07-29T19:17:57
39877157,2026-05-26,2026-05-26,,2026-07-29T19:17:57
39877165,2026-05-26,2026-08-20,,2026-08-21T04:22:45
39877326,2026-05-26,2026-05-26,,2026-07-29T19:17:58
39877552,2026-05-26,2026-07-01,,2026-08-06T01:04:35
39878999,2026-05-26,2026-05-26,,2026-07-29T19:17:59
39879928,2026-05-26,2026-07-22,,2026-07-29T19:17:59
39882936,2026-05-26,2026-06-01,,2026-07-29T19:17:59
39883683,2026-05-26,2026-08-24,,2026-08-24T22:20:23
39884007,2026-05-26,2026-07-16,,2026-07-29T19:17:59
39884726,2026-05-26,2026-07-31,,2026-08-02T07:15:19
39886254,2026-05-26,2026-08-25,,2026-08-25T05:06:09
39886397,2026-05-26,2026-08-17,,2026-08-19T05:05:43
39888898,2026-05-26,2026-08-15,,2026-08-17T04:13:20
39889046,2026-05-26,2026-08-13,,2026-08-15T06:02:40
39889305,2026-05-26,2026-08-22,,2026-08-24T04:10:12
39889416,2026-05-26,2026-08-21,,2026-08-22T05:12:29
39889737,2026-05-26,2026-08-24,,2026-08-24T11:21:49
39889764,2026-05-26,2026-07-16,,2026-07-29T19:18:01
39889903,2026-05-26,2026-05-31,,2026-07-29T19:18:01
39890268,2026-05-26,2026-08-20,,2026-08-21T04:15:28
39890481,2026-05-27,2026-08-20,,2026-08-21T04:22:43
39890522,2026-05-27,2026-07-23,,2026-07-29T19:18:03
39890594,2026-05-27,2026-08-16,,2026-08-17T04:06:48
39891079,2026-05-27,2026-07-15,,2026-07-29T19:18:04
39891354,2026-05-27,2026-05-30,,2026-07-29T19:18:05
39891898,2026-05-27,2026-05-27,,2026-07-29T19:18:04
39892287,2026-05-27,2026-07-15,,2026-07-29T19:18:05
39892523,2026-05-27,2026-08-19,,2026-08-21T06:03:52
39892886,2026-05-27,2026-05-27,,2026-07-29T19:18:08
39895317,2026-05-27,2026-06-28,,2026-07-29T19:18:06
39898553,2026-05-27,2026-08-05,,2026-08-07T04:12:48
39899835,2026-05-27,2026-08-14,,2026-08-16T07:01:23
39900040,2026-05-27,2026-06-29,,2026-07-29T19:18:07
39901231,2026-05-27,2026-06-18,,2026-07-29T19:18:07
39902253,2026-05-27,2026-06-01,,2026-07-29T19:18:12
39902628,2026-05-27,2026-08-06,,2026-08-08T04:16:11
39903409,2026-05-27,2026-08-19,,2026-08-21T07:13:24
39903532,2026-05-27,2026-08-18,,2026-08-20T05:03:55
39904319,2026-05-28,2026-08-22,,2026-08-24T07:08:54
39904634,2026-05-28,2026-06-06,,2026-07-29T19:18:09
39905504,2026-05-28,2026-06-26,,2026-07-29T19:18:09
39905939,2026-05-28,2026-07-01,,2026-07-29T19:18:09
39905958,2026-05-28,2026-06-04,,2026-07-29T19:18:10
39906767,2026-05-28,2026-05-29,,2026-07-29T19:18:10
39908143,2026-05-28,2026-08-24,,2026-08-24T00:42:00
39910993,2026-05-28,2026-07-05,,2026-07-29T19:18:12
39911750,2026-05-28,2026-06-21,,2026-07-29T19:18:12
39913690,2026-05-28,2026-06-06,,2026-07-29T19:18:12
39913978,2026-05-28,2026-08-02,,2026-08-09T22:42:41
39914944,2026-05-28,2026-08-24,,2026-08-24T22:05:45
39916118,2026-05-28,2026-05-28,,2026-07-29T19:18:12
39919348,2026-05-28,2026-08-25,,2026-08-25T01:14:16
39920180,2026-05-28,2026-07-24,,2026-07-29T19:18:12
39921114,2026-05-28,2026-06-16,,2026-07-29T19:18:12
39921909,2026-05-28,2026-08-21,,2026-08-23T07:11:16
39922332,2026-05-28,2026-08-11,,2026-08-13T05:08:30
39923137,2026-05-29,2026-08-24,,2026-08-25T05:06:35
39928561,2026-05-29,2026-05-30,,2026-07-29T19:18:14
39932138,2026-05-29,2026-08-04,,2026-08-05T05:38:36
39932987,2026-05-29,2026-08-17,,2026-08-19T04:17:39
39937936,2026-05-29,2026-08-10,,2026-08-11T06:02:47
39938857,2026-05-29,2026-06-21,,2026-07-29T19:18:17
39940647,2026-05-29,2026-05-29,,2026-07-29T19:18:15
39941858,2026-05-29,2026-07-29,,2026-07-30T07:17:53
39942687,2026-05-29,2026-08-21,,2026-08-23T04:17:46
39943540,2026-05-29,2026-05-30,,2026-07-29T19:18:16
39944100,2026-05-29,2026-08-18,,2026-08-20T05:05:40
39944145,2026-05-29,2026-08-18,,2026-08-20T07:12:35
39944158,2026-05-29,2026-08-24,,2026-08-24T21:32:44
39944314,2026-05-29,2026-05-29,,2026-07-29T19:18:18
39946556,2026-05-30,2026-08-22,,2026-08-23T05:12:23
39946593,2026-05-30,2026-05-31,,2026-07-29T19:18:18
39949276,2026-05-30,2026-05-30,,2026-07-29T19:18:39
39950019,2026-05-30,2026-07-28,,2026-07-30T05:10:42
39951319,2026-05-30,2026-06-09,,2026-07-29T19:18:40
39953024,2026-05-30,2026-08-13,,2026-08-14T10:00:52
39953225,2026-05-30,2026-08-06,,2026-08-08T04:07:53
39953411,2026-05-30,2026-07-07,,2026-07-29T19:18:41
39953790,2026-05-30,2026-08-22,,2026-08-24T05:06:01
39954220,2026-05-30,2026-07-07,,2026-07-29T19:18:41
39954334,2026-05-30,2026-06-10,,2026-07-29T19:18:41
39954605,2026-05-30,2026-08-22,,2026-08-24T07:10:04
39955024,2026-05-30,2026-07-27,,2026-07-29T19:18:48
39955232,2026-05-30,2026-08-24,,2026-08-25T04:02:31
39955585,2026-05-31,2026-07-11,,2026-07-29T19:18:42
39955728,2026-05-31,2026-08-22,,2026-08-23T04:21:53
39956052,2026-05-31,2026-07-01,,2026-07-29T19:18:43
39956098,2026-05-31,2026-06-20,,2026-07-29T19:18:43
39956991,2026-05-31,2026-07-29,,2026-07-31T07:08:29
39957243,2026-05-31,2026-08-13,,2026-08-15T07:03:34
39957289,2026-05-31,2026-06-02,,2026-07-29T19:18:44
39959338,2026-05-31,2026-06-11,,2026-07-29T19:18:48
39959594,2026-05-31,2026-05-31,,2026-07-29T19:18:47
39959912,2026-05-31,2026-08-25,,2026-08-25T05:08:22
39960092,2026-05-31,2026-07-16,,2026-07-29T19:18:57
39960699,2026-05-31,2026-08-12,,2026-08-14T04:23:57
39961137,2026-05-31,2026-07-28,,2026-07-30T05:06:36
39962426,2026-05-31,2026-08-24,,2026-08-24T14:47:21
39963632,2026-05-31,2026-08-01,,2026-08-03T04:15:13
39964526,2026-05-31,2026-08-21,,2026-08-23T05:11:45
39964884,2026-05-31,2026-08-24,,2026-08-24T21:02:21
39964949,2026-05-31,2026-06-01,,2026-07-29T19:18:50
39965051,2026-05-31,2026-06-03,,2026-07-29T19:18:50
39965173,2026-05-31,2026-06-08,,2026-07-29T19:18:50
39965320,2026-05-31,2026-08-24,,2026-08-24T19:29:10
39965384,2026-05-31,2026-06-29,,2026-07-29T19:18:51
39965510,2026-05-31,2026-08-23,,2026-08-24T04:15:40
39965814,2026-05-31,2026-07-08,,2026-07-29T19:18:52
39965816,2026-05-31,2026-07-25,,2026-07-29T19:18:52
39965894,2026-05-31,2026-06-08,,2026-07-29T19:18:52
39965976,2026-05-31,2026-07-01,,2026-07-29T19:18:52
39966494,2026-05-31,2026-06-06,,2026-07-29T19:18:53
39967029,2026-06-01,2026-08-17,,2026-08-19T04:09:53
39967184,2026-06-01,2026-06-01,,2026-07-29T19:18:53
39967254,2026-06-01,2026-08-21,,2026-08-23T05:07:43
39967619,2026-06-01,2026-07-20,,2026-07-29T19:18:54
39967678,2026-06-01,2026-08-02,,2026-08-04T04:14:24
39967883,2026-06-01,2026-06-09,,2026-07-29T19:18:54
39968025,2026-06-01,2026-06-19,,2026-07-29T19:18:55
39968424,2026-06-01,2026-08-04,,2026-08-06T04:17:51
39968435,2026-06-01,2026-08-12,,2026-08-14T04:25:32
39968529,2026-06-01,2026-08-23,,2026-08-25T05:03:33
39968572,2026-06-01,2026-07-29,,2026-07-31T04:25:31
39968640,2026-06-01,2026-06-01,,2026-07-29T19:18:57
39968706,2026-06-01,2026-07-23,,2026-07-29T19:18:58
39968757,2026-06-01,2026-07-15,,2026-07-29T19:18:58
39968834,2026-06-01,2026-08-06,,2026-08-08T07:06:36
39968862,2026-06-01,2026-08-05,,2026-08-07T04:08:13
39968889,2026-06-01,2026-06-01,,2026-07-29T19:18:58
39968942,2026-06-01,2026-06-01,,2026-07-29T19:18:58
39969036,2026-06-01,2026-06-27,,2026-07-29T19:18:59
39969058,2026-06-01,2026-06-06,,2026-07-29T19:18:59
39969063,2026-06-01,2026-06-24,,2026-07-29T19:19:00
39969101,2026-06-01,2026-07-14,,2026-07-29T19:19:00
39969202,2026-06-01,2026-08-23,,2026-08-23T21:46:13
39969253,2026-06-01,2026-08-25,,2026-08-25T00:51:19
39969426,2026-06-01,2026-08-23,,2026-08-25T05:05:27
39969563,2026-06-01,2026-08-20,,2026-08-21T07:18:28
39970120,2026-06-01,2026-06-09,,2026-07-29T19:19:01
39970171,2026-06-01,2026-08-20,,2026-08-22T07:01:52
39975263,2026-06-01,2026-07-27,,2026-07-29T19:19:02
39975686,2026-06-01,2026-08-21,,2026-08-23T04:16:46
39976214,2026-06-01,2026-07-24,,2026-07-29T19:19:02
39977206,2026-06-01,2026-06-08,,2026-07-29T19:19:02
39978027,2026-06-01,2026-08-12,,2026-08-14T04:13:08
39978372,2026-06-01,2026-06-01,,2026-07-29T19:19:03
39979542,2026-06-01,2026-07-23,,2026-07-29T19:19:03
39979764,2026-06-01,2026-06-01,,2026-07-29T19:19:03
39979873,2026-06-01,2026-07-28,,2026-07-29T19:19:03
39980250,2026-06-01,2026-08-13,,2026-08-15T04:12:09
39980350,2026-06-01,2026-08-23,,2026-08-25T04:03:02
39981228,2026-06-01,2026-08-24,,2026-08-24T05:34:43
39983073,2026-06-01,2026-07-24,,2026-07-29T19:19:04
39983538,2026-06-01,2026-08-03,,2026-08-05T05:09:11
39984752,2026-06-01,2026-06-15,,2026-07-29T19:19:06
39985019,2026-06-02,2026-06-20,,2026-07-29T19:19:05
39985108,2026-06-02,2026-06-02,,2026-07-29T19:19:05
39985195,2026-06-02,2026-06-16,,2026-07-29T19:19:05
39985623,2026-06-02,2026-06-26,,2026-07-29T19:19:06
39985629,2026-06-02,2026-06-05,,2026-07-29T19:19:06
39985824,2026-06-02,2026-08-15,,2026-08-17T05:05:56
39986554,2026-06-02,2026-06-25,,2026-07-29T19:19:06
39987247,2026-06-02,2026-08-17,,2026-08-19T07:02:59
39987604,2026-06-02,2026-07-03,,2026-07-29T19:19:07
39993210,2026-06-02,2026-06-08,,2026-07-29T19:19:07
39998277,2026-06-02,2026-08-03,,2026-08-05T05:08:15
39998550,2026-06-02,2026-07-25,,2026-07-29T19:19:08
39998846,2026-06-02,2026-06-03,,2026-07-29T19:19:08
40002892,2026-06-03,2026-08-20,,2026-08-22T05:09:53
40008403,2026-06-03,2026-07-12,,2026-07-29T19:19:08
40012545,2026-06-03,2026-08-25,,2026-08-25T05:57:44
40013223,2026-06-03,2026-08-21,,2026-08-23T05:09:33
40014176,2026-06-03,2026-08-13,,2026-08-15T05:06:23
40014628,2026-06-03,2026-06-03,,2026-07-29T19:19:09
40014723,2026-06-03,2026-06-28,,2026-07-29T19:19:10
40015711,2026-06-03,2026-06-03,,2026-07-29T19:19:10
40020722,2026-06-04,2026-08-02,,2026-08-03T04:16:23
40022886,2026-06-04,2026-06-23,,2026-07-29T19:19:11
40025284,2026-06-04,2026-08-05,,2026-08-07T04:06:02
40026988,2026-06-04,2026-06-08,,2026-07-29T19:19:11
40027032,2026-06-04,2026-06-18,,2026-07-29T19:19:11
40027187,2026-06-04,2026-08-22,,2026-08-24T04:11:07
40028094,2026-06-04,2026-06-04,,2026-07-29T19:19:12
40029794,2026-06-04,2026-06-25,,2026-07-29T19:19:14
40030047,2026-06-04,2026-06-14,,2026-07-29T19:19:12
40031388,2026-06-04,2026-06-20,,2026-07-29T19:19:12
40031516,2026-06-04,2026-06-05,,2026-07-29T19:19:12
40032128,2026-06-04,2026-07-04,,2026-07-29T19:19:13
40032920,2026-06-05,2026-08-25,,2026-08-25T02:36:31
40033059,2026-06-05,2026-07-24,,2026-07-29T19:19:14
40041597,2026-06-05,2026-06-05,,2026-07-29T19:19:13
40041624,2026-06-05,2026-07-21,,2026-07-29T19:19:13
40044567,2026-06-05,2026-08-24,,2026-08-24T15:23:15
40045203,2026-06-05,2026-08-25,,2026-08-25T02:13:15
40046309,2026-06-06,2026-06-25,,2026-07-29T19:19:14
40047662,2026-06-06,2026-08-14,,2026-08-16T05:07:55
40051522,2026-06-06,2026-08-18,,2026-08-20T04:04:57
40051974,2026-06-06,2026-06-08,,2026-07-29T19:19:15
40052931,2026-06-06,2026-08-23,,2026-08-25T04:02:31
40054328,2026-06-06,2026-08-23,,2026-08-25T04:07:07
40055622,2026-06-06,2026-06-07,,2026-07-29T19:19:15
40055901,2026-06-06,2026-08-21,,2026-08-22T05:12:17
40057725,2026-06-07,2026-06-07,,2026-07-29T19:19:16
40058763,2026-06-07,2026-06-07,,2026-07-29T19:19:16
40059066,2026-06-07,2026-08-24,,2026-08-24T13:02:44
40061399,2026-06-07,2026-07-21,,2026-07-29T19:19:17
40062448,2026-06-07,2026-08-08,,2026-08-10T04:10:17
40062565,2026-06-07,2026-07-23,,2026-07-29T19:19:17
40062834,2026-06-07,2026-08-17,,2026-08-19T07:13:25
40063054,2026-06-07,2026-06-16,,2026-07-29T19:19:18
40064063,2026-06-07,2026-07-04,,2026-07-29T19:19:18
40065296,2026-06-08,2026-06-16,,2026-07-29T19:19:19
40066687,2026-06-08,2026-08-18,,2026-08-20T07:11:31
40071130,2026-06-08,2026-07-26,,2026-07-29T19:19:19
40071614,2026-06-08,2026-06-08,,2026-07-29T19:19:19
40071954,2026-06-08,2026-06-13,,2026-07-29T19:19:19
40073280,2026-06-08,2026-06-28,,2026-07-29T19:19:19
40075556,2026-06-08,2026-06-08,,2026-07-29T19:19:20
40078302,2026-06-08,2026-06-08,,2026-07-29T19:19:20
40079610,2026-06-08,2026-08-14,,2026-08-15T04:24:08
40080596,2026-06-09,2026-06-09,,2026-07-29T19:19:20
40090416,2026-06-09,2026-08-23,,2026-08-25T05:05:55
40095707,2026-06-09,2026-08-12,,2026-08-14T04:23:34
40096911,2026-06-10,2026-06-29,,2026-07-29T19:19:22
40101263,2026-06-10,2026-06-11,,2026-07-29T19:19:22
40104237,2026-06-10,2026-08-20,,2026-08-22T06:03:23
40105539,2026-06-10,2026-06-10,,2026-08-11T14:56:31
40106335,2026-06-10,2026-06-27,,2026-07-29T19:19:23
40106351,2026-06-10,2026-06-20,,2026-07-29T19:19:23
40106411,2026-06-10,2026-06-10,,2026-07-29T19:19:23
40106960,2026-06-10,2026-08-21,,2026-08-23T04:17:17
40107451,2026-06-10,2026-08-19,,2026-08-21T07:15:49
40110788,2026-06-11,2026-06-26,,2026-07-29T19:19:25
40111111,2026-06-11,2026-08-11,,2026-08-13T07:14:09
40111572,2026-06-11,2026-07-12,,2026-07-29T19:19:24
40116448,2026-06-11,2026-06-11,,2026-07-29T19:19:25
40118924,2026-06-11,2026-08-24,,2026-08-24T14:02:40
40119359,2026-06-11,2026-06-27,,2026-07-29T19:19:25
40121491,2026-06-11,2026-07-15,,2026-07-29T19:19:25
40121544,2026-06-11,2026-07-19,,2026-07-29T19:19:26
40123697,2026-06-11,2026-08-11,,2026-08-13T04:00:30
40127159,2026-06-12,2026-06-12,,2026-07-29T19:19:26
40127302,2026-06-12,2026-06-20,,2026-07-29T19:19:26
40128197,2026-06-12,2026-06-29,,2026-07-29T19:19:26
40137517,2026-06-12,2026-06-13,,2026-08-07T19:57:15
40139097,2026-06-12,2026-08-20,,2026-08-22T04:12:52
40141764,2026-06-13,2026-06-15,,2026-07-29T19:19:27
40144304,2026-06-13,2026-08-09,,2026-08-11T04:13:05
40147428,2026-06-13,2026-07-28,,2026-07-30T05:11:31
40150586,2026-06-13,2026-07-09,,2026-07-29T19:19:29
40152009,2026-06-13,2026-08-22,,2026-08-23T04:22:41
40153309,2026-06-14,2026-07-28,,2026-07-29T19:19:31
40153597,2026-06-14,2026-06-25,,2026-07-29T19:19:31
40153707,2026-06-14,2026-08-11,,2026-08-13T04:08:25
40156714,2026-06-14,2026-08-19,,2026-08-21T07:15:37
40157594,2026-06-14,2026-06-26,,2026-07-29T19:19:31
40157765,2026-06-14,2026-08-16,,2026-08-17T04:14:11
40157925,2026-06-14,2026-07-08,,2026-07-29T19:19:31
40158762,2026-06-14,2026-06-14,,2026-07-29T19:19:31
40158899,2026-06-14,2026-06-14,,2026-07-29T19:19:31
40159983,2026-06-14,2026-08-02,,2026-08-04T07:04:35
40160006,2026-06-14,2026-08-24,,2026-08-24T21:19:24
40161503,2026-06-15,2026-06-15,,2026-07-29T19:19:31
40162078,2026-06-15,2026-06-20,,2026-07-29T19:19:31
40162218,2026-06-15,2026-08-24,,2026-08-24T15:01:51
40162699,2026-06-15,2026-06-15,,2026-07-29T19:19:31
40163333,2026-06-15,2026-06-19,,2026-07-29T19:19:31
40168217,2026-06-15,2026-08-17,,2026-08-19T04:13:40
40171381,2026-06-15,2026-06-20,,2026-07-29T19:19:32
40171574,2026-06-15,2026-08-22,,2026-08-24T04:11:17
40174117,2026-06-15,2026-08-19,,2026-08-21T07:14:20
40174896,2026-06-15,2026-08-19,,2026-08-21T04:06:03
40175601,2026-06-16,2026-08-24,,2026-08-25T04:14:03
40175624,2026-06-16,2026-07-13,,2026-07-29T19:19:33
40176963,2026-06-16,2026-08-01,,2026-08-03T07:10:52
40178148,2026-06-16,2026-06-16,,2026-07-29T19:19:33
40182059,2026-06-16,2026-08-21,,2026-08-23T04:18:07
40185010,2026-06-16,2026-06-17,,2026-07-29T19:19:34
40185273,2026-06-16,2026-06-17,,2026-07-29T19:19:34
40185629,2026-06-16,2026-07-20,,2026-07-29T19:19:34
40185708,2026-06-16,2026-06-16,,2026-07-29T19:19:34
40186039,2026-06-16,2026-08-03,,2026-08-05T06:02:27
40188738,2026-06-16,2026-08-02,,2026-08-03T04:16:04
40189895,2026-06-16,2026-06-16,,2026-07-29T19:19:35
40190486,2026-06-16,2026-06-17,,2026-07-29T19:19:35
40191971,2026-06-17,2026-06-17,,2026-07-29T19:19:35
40192410,2026-06-17,2026-08-19,,2026-08-21T05:06:11
40194773,2026-06-17,2026-08-03,,2026-08-04T07:02:04
40197774,2026-06-17,2026-08-09,,2026-08-11T05:06:57
40197869,2026-06-17,2026-06-17,,2026-07-29T19:19:37
40199160,2026-06-17,2026-06-24,,2026-07-29T19:19:37
40200871,2026-06-17,2026-08-19,,2026-08-21T04:17:12
40200976,2026-06-17,2026-08-17,,2026-08-19T04:10:32
40201462,2026-06-17,2026-08-18,,2026-08-20T04:09:20
40201745,2026-06-17,2026-07-12,,2026-07-29T19:19:38
40201755,2026-06-17,2026-08-17,,2026-08-19T04:04:24
40202703,2026-06-17,2026-06-22,,2026-07-29T19:19:39
40203568,2026-06-17,2026-08-02,,2026-08-04T07:09:15
40206930,2026-06-18,2026-08-10,,2026-08-12T04:12:29
40214674,2026-06-18,2026-08-02,,2026-08-04T04:02:34
40214960,2026-06-18,2026-08-04,,2026-08-05T04:22:22
40217889,2026-06-18,2026-06-23,,2026-07-29T19:19:40
40218066,2026-06-18,2026-06-18,,2026-07-29T19:19:41
40221755,2026-06-19,2026-06-19,,2026-07-29T19:19:41
40227968,2026-06-19,2026-07-17,,2026-07-29T19:19:41
40228378,2026-06-19,2026-08-23,,2026-08-24T05:07:34
40230665,2026-06-19,2026-06-19,,2026-07-29T19:19:41
40233673,2026-06-19,2026-08-20,,2026-08-22T06:03:11
40233693,2026-06-19,2026-07-07,,2026-07-29T19:19:42
40234789,2026-06-20,2026-08-20,,2026-08-22T04:17:46
40238292,2026-06-20,2026-06-20,,2026-07-29T19:19:42
40239637,2026-06-20,2026-08-07,,2026-08-08T04:03:25
40240172,2026-06-20,2026-06-20,,2026-07-29T19:19:42
40240596,2026-06-20,2026-08-13,,2026-08-15T04:11:24
40242441,2026-06-20,2026-06-20,,2026-07-29T19:19:43
40242889,2026-06-20,2026-08-13,,2026-08-15T04:11:14
40244226,2026-06-20,2026-07-15,,2026-08-21T21:22:36
40244778,2026-06-20,2026-07-05,,2026-07-29T19:19:43
40244788,2026-06-20,2026-08-19,,2026-08-21T05:06:13
40251855,2026-06-21,2026-07-17,,2026-07-29T19:19:44
40253859,2026-06-21,2026-07-09,,2026-07-29T19:19:44
40254145,2026-06-22,2026-08-14,,2026-08-16T07:16:33
40254193,2026-06-22,2026-06-29,,2026-07-29T19:19:45
40255270,2026-06-22,2026-08-23,,2026-08-25T04:02:19
40258974,2026-06-22,2026-08-17,,2026-08-19T05:04:11
40262769,2026-06-22,2026-06-26,,2026-07-29T19:19:45
40263795,2026-06-22,2026-08-06,,2026-08-08T07:02:01
40265060,2026-06-22,2026-07-25,,2026-07-29T19:19:45
40266963,2026-06-22,2026-08-19,,2026-08-21T04:10:35
40267386,2026-06-22,2026-06-23,,2026-07-29T19:19:46
40267639,2026-06-22,2026-07-10,,2026-07-29T19:19:47
40269223,2026-06-22,2026-06-22,,2026-07-29T19:19:47
40269496,2026-06-22,2026-07-20,,2026-07-29T19:19:47
40270893,2026-06-23,2026-08-11,,2026-08-13T07:10:35
40271915,2026-06-23,2026-06-27,,2026-07-29T19:19:48
40280730,2026-06-23,2026-08-06,,2026-08-11T03:30:41
40281093,2026-06-23,2026-07-26,,2026-07-29T19:19:48
40282050,2026-06-23,2026-07-17,,2026-07-29T19:19:49
40282248,2026-06-23,2026-07-15,,2026-07-29T19:19:49
40283297,2026-06-23,2026-08-09,,2026-08-11T04:07:19
40285220,2026-06-23,2026-08-11,,2026-08-12T04:05:45
40285776,2026-06-23,2026-06-25,,2026-07-29T19:19:49
40286056,2026-06-23,2026-06-23,,2026-07-29T19:19:50
40286332,2026-06-23,2026-08-23,,2026-08-23T18:51:23
40286739,2026-06-23,2026-08-15,,2026-08-17T07:09:05
40287001,2026-06-23,2026-06-23,,2026-07-29T19:19:50
40289127,2026-06-24,2026-08-08,,2026-08-12T13:00:08
40289231,2026-06-24,2026-07-16,,2026-07-29T19:19:50
40299884,2026-06-24,2026-08-17,,2026-08-19T04:14:58
40300643,2026-06-24,2026-06-30,,2026-07-29T19:19:52
40302689,2026-06-24,2026-06-25,,2026-07-29T19:19:53
40302866,2026-06-24,2026-08-12,,2026-08-13T06:04:54
40303265,2026-06-25,2026-07-31,,2026-08-02T04:22:29
40309635,2026-06-25,2026-08-03,,2026-08-05T04:21:38
40313322,2026-06-25,2026-08-21,,2026-08-23T07:04:11
40314250,2026-06-25,2026-08-12,,2026-08-14T04:23:41
40314415,2026-06-25,2026-07-03,,2026-07-29T19:19:52
40315025,2026-06-25,2026-08-07,,2026-08-09T04:11:03
40315642,2026-06-25,2026-07-23,,2026-07-29T19:19:53
40320082,2026-06-26,2026-08-12,,2026-08-14T04:24:51
40323617,2026-06-26,2026-07-02,,2026-07-29T19:19:54
40327694,2026-06-26,2026-08-24,,2026-08-24T16:02:02
40329635,2026-06-26,2026-07-23,,2026-07-29T19:19:54
40331336,2026-06-26,2026-08-14,,2026-08-16T05:13:00
40331395,2026-06-26,2026-08-04,,2026-08-06T04:16:53
40334021,2026-06-27,2026-08-06,,2026-08-11T14:56:31
40338962,2026-06-27,2026-06-28,,2026-07-29T19:20:11
40340255,2026-06-27,2026-07-07,,2026-07-29T19:20:11
40340969,2026-06-27,2026-08-22,,2026-08-24T04:08:37
40341152,2026-06-27,2026-06-30,,2026-07-29T19:20:11
40341434,2026-06-27,2026-07-27,,2026-07-29T19:20:11
40347779,2026-06-28,2026-08-07,,2026-08-09T04:20:10
40347849,2026-06-28,2026-08-23,,2026-08-25T04:12:07
40348364,2026-06-28,2026-06-30,,2026-07-29T19:20:15
40351016,2026-06-28,2026-08-24,,2026-08-24T23:33:37
40352211,2026-06-28,2026-06-28,,2026-07-29T19:20:15
40356224,2026-06-29,2026-08-14,,2026-08-16T05:12:11
40360482,2026-06-29,2026-08-21,,2026-08-23T05:07:22
40363848,2026-06-29,2026-08-20,,2026-08-22T07:11:13
40365791,2026-06-29,2026-08-19,,2026-08-21T05:09:41
40366208,2026-06-29,2026-08-23,,2026-08-24T07:11:30
40368849,2026-06-29,2026-07-29,,2026-07-31T07:14:28
40369779,2026-06-30,2026-08-23,,2026-08-25T04:04:04
40370578,2026-06-30,2026-08-22,,2026-08-24T04:08:06
40370789,2026-06-30,2026-06-30,,2026-07-29T19:20:18
40376830,2026-06-30,2026-08-18,,2026-08-20T04:19:15
40379473,2026-06-30,2026-07-01,,2026-07-29T19:20:18
40380340,2026-06-30,2026-07-03,,2026-07-29T19:20:21
40380736,2026-06-30,2026-08-21,,2026-08-23T04:22:55
40382060,2026-06-30,2026-07-21,,2026-07-29T19:20:21
40382520,2026-06-30,2026-07-28,,2026-07-30T04:22:14
40382590,2026-06-30,2026-06-30,,2026-07-29T19:20:21
40383918,2026-06-30,2026-07-16,,2026-07-29T19:20:21
40384120,2026-06-30,2026-08-24,,2026-08-24T17:12:30
40384137,2026-06-30,2026-08-01,,2026-08-02T22:05:45
40385397,2026-07-01,2026-08-11,,2026-08-14T01:48:42
40385677,2026-07-01,2026-07-29,,2026-07-31T07:03:12
40386037,2026-07-01,2026-08-16,,2026-08-18T04:03:33
40388040,2026-07-01,2026-08-24,,2026-08-24T15:11:36
40393026,2026-07-01,2026-08-24,,2026-08-24T09:26:02
40395021,2026-07-01,2026-07-06,,2026-07-29T19:20:23
40395218,2026-07-01,,,2026-07-29T19:20:23
40395221,2026-07-01,2026-08-04,,2026-08-06T04:11:27
40395222,2026-07-01,2026-08-24,,2026-08-24T15:03:34
40395224,2026-07-01,,,2026-07-29T19:20:23
40395225,2026-07-01,,,2026-07-29T19:20:23
40395227,2026-07-01,,,2026-07-29T19:20:26
40395228,2026-07-01,,,2026-07-29T19:20:26
40395232,2026-07-01,,,2026-07-29T19:20:26
40395238,2026-07-01,,,2026-07-29T19:20:26
40395240,2026-07-01,2026-08-12,,2026-08-14T04:09:09
40395243,2026-07-01,,,2026-07-29T19:20:26
40395248,2026-07-01,2026-07-13,,2026-07-29T19:20:26
40395251,2026-07-01,2026-08-16,,2026-08-18T07:04:14
40395253,2026-07-01,,,2026-07-29T19:20:26
40395255,2026-07-01,,,2026-07-29T19:20:28
40395256,2026-07-01,,,2026-07-29T19:20:28
40395258,2026-07-01,2026-07-05,,2026-07-29T19:20:28
40395259,2026-07-01,2026-07-23,,2026-07-29T19:20:28
40395260,2026-07-01,2026-08-01,,2026-08-03T07:07:52
40395262,2026-07-01,2026-07-20,,2026-07-29T19:20:28
40395263,2026-07-01,,,2026-07-29T19:20:28
40395264,2026-07-01,,,2026-07-29T19:20:28
40395266,2026-07-01,,,2026-07-29T19:20:28
40395269,2026-07-01,,,2026-07-29T19:20:31
40395287,2026-07-01,2026-07-07,,2026-07-29T19:20:31
40395300,2026-07-01,,,2026-07-29T19:20:33
40398311,2026-07-01,2026-07-28,,2026-07-30T04:07:42
40398412,2026-07-01,,,2026-07-29T19:20:33
40398413,2026-07-01,2026-08-15,,2026-08-19T20:54:12
40398415,2026-07-01,,,2026-07-29T19:20:33
40398416,2026-07-01,,,2026-07-29T19:20:33
40398417,2026-07-01,,,2026-07-29T19:20:33
40398418,2026-07-01,,,2026-07-29T19:20:33
40398419,2026-07-01,,,2026-07-29T19:20:33
40398420,2026-07-01,,,2026-07-29T19:20:35
40398426,2026-07-01,,,2026-07-29T19:20:35
40398427,2026-07-01,2026-07-04,,2026-07-29T19:20:35
40398428,2026-07-01,2026-08-19,,2026-08-20T07:15:17
40398429,2026-07-01,,,2026-07-29T19:20:35
40398436,2026-07-01,,,2026-07-29T19:20:37
40398437,2026-07-01,,,2026-07-29T19:20:37
40398439,2026-07-01,2026-07-02,,2026-07-29T19:20:37
40398440,2026-07-01,,,2026-07-29T19:20:37
40398441,2026-07-01,,,2026-07-29T19:20:37
40398442,2026-07-01,,,2026-07-29T19:20:37
40398443,2026-07-01,2026-08-23,,2026-08-25T04:03:18
40398445,2026-07-01,2026-08-14,,2026-08-16T05:11:05
40398446,2026-07-01,,,2026-07-29T19:20:39
40398447,2026-07-01,,,2026-07-29T19:20:39
40398448,2026-07-01,,,2026-07-29T19:20:39
40398449,2026-07-01,,,2026-07-29T19:20:39
40398450,2026-07-01,,,2026-07-29T19:20:39
40398451,2026-07-01,,,2026-07-29T19:20:40
40398452,2026-07-01,,,2026-07-29T19:20:40
40398453,2026-07-01,,,2026-07-29T19:20:40
40398454,2026-07-01,,,2026-07-29T19:20:40
40398456,2026-07-01,,,2026-07-29T19:20:40
40398457,2026-07-01,,,2026-07-29T19:20:41
40398458,2026-07-01,,,2026-07-29T19:20:41
40398460,2026-07-01,,,2026-07-29T19:20:41
40398464,2026-07-01,,,2026-07-29T19:20:41
40398466,2026-07-01,,,2026-07-29T19:20:43
40398469,2026-07-01,,,2026-07-29T19:20:43
40398470,2026-07-01,,,2026-07-29T19:20:43
40398472,2026-07-01,,,2026-07-29T19:20:43
40398474,2026-07-01,,,2026-07-29T19:20:44
40398475,2026-07-01,,,2026-07-29T19:20:44
40398476,2026-07-01,,,2026-07-29T19:20:44
40398477,2026-07-01,2026-07-04,,2026-07-29T19:20:44
40398478,2026-07-01,,,2026-07-29T19:20:45
40398479,2026-07-01,,,2026-07-29T19:20:45
40398480,2026-07-01,,,2026-07-29T19:20:45
40398483,2026-07-01,2026-07-01,,2026-07-29T19:20:46
40398484,2026-07-01,,,2026-07-29T19:20:46
40398488,2026-07-01,,,2026-07-29T19:20:46
40398489,2026-07-01,,,2026-07-29T19:20:46
40398490,2026-07-01,2026-08-23,,2026-08-25T04:10:23
40398492,2026-07-01,,,2026-07-29T19:20:47
40398495,2026-07-01,,,2026-07-29T19:20:47
40398497,2026-07-01,2026-08-12,,2026-08-13T07:06:54
40398498,2026-07-01,,,2026-07-29T19:20:48
40398499,2026-07-01,,,2026-07-29T19:20:48
40398500,2026-07-01,,,2026-07-29T19:20:48
40398501,2026-07-01,2026-07-02,,2026-07-29T19:20:49
40398503,2026-07-01,,,2026-07-29T19:20:49
40398504,2026-07-01,,,2026-07-29T19:20:49
40398506,2026-07-01,,,2026-07-29T19:20:49
40398507,2026-07-01,,,2026-07-29T19:20:50
40398508,2026-07-01,,,2026-07-29T19:20:50
40398509,2026-07-01,,,2026-07-29T19:20:50
40398510,2026-07-01,,,2026-07-29T19:20:50
40398512,2026-07-01,,,2026-07-29T19:20:50
40398513,2026-07-01,,,2026-07-29T19:20:51
40398514,2026-07-01,,,2026-07-29T19:20:51
40398516,2026-07-01,,,2026-07-29T19:20:52
40398517,2026-07-01,2026-07-19,,2026-07-29T19:20:52
40398518,2026-07-01,2026-07-18,,2026-07-29T19:20:52
40398519,2026-07-01,,,2026-07-29T19:20:52
40398520,2026-07-01,,,2026-07-29T19:20:52
40398521,2026-07-01,,,2026-07-29T19:20:53
40398522,2026-07-01,,,2026-07-29T19:20:53
40398523,2026-07-01,,,2026-07-29T19:20:54
40398524,2026-07-01,,,2026-07-29T19:20:54
40398525,2026-07-01,,,2026-07-29T19:20:54
40398526,2026-07-01,,,2026-07-29T19:20:54
40398528,2026-07-01,,,2026-07-29T19:20:54
40398530,2026-07-01,,,2026-07-29T19:20:54
40398531,2026-07-01,,,2026-07-29T19:20:54
40398532,2026-07-01,2026-08-24,,2026-08-24T22:12:48
40398534,2026-07-01,2026-08-04,,2026-08-06T07:05:49
40398535,2026-07-01,,,2026-07-29T19:20:55
40398536,2026-07-01,2026-08-24,,2026-08-24T17:01:55
40398537,2026-07-01,,,2026-07-29T19:20:56
40398541,2026-07-01,,,2026-07-29T19:20:56
40398542,2026-07-01,,,2026-07-29T19:20:56
40398543,2026-07-01,,,2026-07-29T19:20:56
40398544,2026-07-01,,,2026-07-29T19:20:57
40398545,2026-07-01,2026-08-04,,2026-08-06T05:05:14
40398546,2026-07-01,,,2026-07-29T19:20:58
40398547,2026-07-01,,,2026-07-29T19:20:59
40398550,2026-07-01,,,2026-07-29T19:20:59
40398551,2026-07-01,,,2026-07-29T19:20:59
40398554,2026-07-01,,,2026-07-29T19:20:59
40398556,2026-07-01,,,2026-07-29T19:20:59
40398558,2026-07-01,2026-07-19,,2026-07-29T19:21:00
40398559,2026-07-01,,,2026-07-29T19:21:00
40398560,2026-07-01,,,2026-07-29T19:21:00
40398561,2026-07-01,2026-08-22,,2026-08-24T07:05:05
40398562,2026-07-01,,,2026-07-29T19:21:01
40398564,2026-07-01,,,2026-07-29T19:21:01
40398565,2026-07-01,,,2026-07-29T19:21:01
40398569,2026-07-01,,,2026-07-29T19:21:02
40398570,2026-07-01,,,2026-07-29T19:21:02
40398571,2026-07-01,,,2026-07-29T19:21:02
40398573,2026-07-01,,,2026-07-29T19:21:03
40398575,2026-07-01,,,2026-07-29T19:21:03
40398577,2026-07-01,,,2026-07-29T19:21:03
40398578,2026-07-01,2026-07-06,,2026-07-29T19:21:04
40398580,2026-07-01,,,2026-07-29T19:21:04
40398582,2026-07-01,,,2026-07-29T19:21:04
40398583,2026-07-01,,,2026-07-29T19:21:05
40398586,2026-07-01,2026-07-03,,2026-07-29T19:21:05
40398589,2026-07-01,,,2026-07-29T19:21:05
40398591,2026-07-01,,,2026-07-29T19:21:06
40398592,2026-07-01,,,2026-07-29T19:21:07
40398593,2026-07-01,,,2026-07-29T19:21:07
40398594,2026-07-01,2026-08-19,,2026-08-21T04:15:00
40398595,2026-07-01,,,2026-07-29T19:21:08
40398596,2026-07-01,,,2026-07-29T19:21:08
40398597,2026-07-01,2026-08-14,,2026-08-16T07:06:48
40398598,2026-07-01,2026-08-06,,2026-08-08T04:13:57
40398599,2026-07-01,2026-07-06,,2026-07-29T19:21:08
40398600,2026-07-01,,,2026-07-29T19:21:08
40398601,2026-07-01,,,2026-07-29T19:21:09
40398602,2026-07-01,,,2026-07-29T19:21:09
40398605,2026-07-01,,,2026-07-29T19:21:09
40398607,2026-07-01,,,2026-07-29T19:21:09
40398608,2026-07-01,,,2026-07-29T19:21:09
40398609,2026-07-01,,,2026-07-29T19:21:09
40398611,2026-07-01,2026-08-20,,2026-08-22T05:07:55
40398612,2026-07-01,2026-08-20,,2026-08-22T04:19:57
40398615,2026-07-01,,,2026-07-29T19:21:11
40398617,2026-07-01,,,2026-07-29T19:21:11
40398618,2026-07-01,2026-08-24,,2026-08-24T13:56:42
40398619,2026-07-01,,,2026-07-29T19:21:12
40398621,2026-07-01,,,2026-07-29T19:21:12
40398622,2026-07-01,,,2026-07-29T19:21:14
40398623,2026-07-01,,,2026-07-29T19:21:14
40398626,2026-07-01,,,2026-07-29T19:21:13
40398627,2026-07-01,,,2026-07-29T19:21:14
40398628,2026-07-01,,,2026-07-29T19:21:14
40398630,2026-07-01,,,2026-07-29T19:21:15
40398632,2026-07-01,,,2026-07-29T19:21:15
40398634,2026-07-01,,,2026-07-29T19:21:15
40398635,2026-07-01,,,2026-07-29T19:21:15
40398636,2026-07-01,2026-08-18,,2026-08-20T07:09:01
40398640,2026-07-01,,,2026-07-29T19:21:16
40398641,2026-07-01,,,2026-07-29T19:21:16
40398642,2026-07-01,,,2026-07-29T19:21:16
40398643,2026-07-01,,,2026-07-29T19:21:17
40398645,2026-07-01,,,2026-07-29T19:21:17
40398647,2026-07-01,,,2026-07-29T19:21:17
40398648,2026-07-01,,,2026-07-29T19:21:18
40398649,2026-07-01,,,2026-07-29T19:21:18
40398653,2026-07-01,,,2026-07-29T19:21:33
40398654,2026-07-01,,,2026-07-29T19:21:34
40398657,2026-07-01,,,2026-07-29T19:21:34
40398658,2026-07-01,,,2026-07-29T19:21:34
40398660,2026-07-01,,,2026-07-29T19:21:35
40398661,2026-07-01,,,2026-07-29T19:21:35
40398662,2026-07-01,,,2026-07-29T19:21:35
40398664,2026-07-01,,,2026-07-29T19:21:35
40398665,2026-07-01,2026-07-05,,2026-08-10T13:48:56
40398668,2026-07-01,,,2026-07-29T19:21:36
40398670,2026-07-01,,,2026-07-29T19:21:36
40398671,2026-07-01,,,2026-07-29T19:21:36
40398672,2026-07-01,2026-08-02,,2026-08-04T04:14:57
40398673,2026-07-01,,,2026-07-29T19:21:37
40398674,2026-07-01,2026-08-15,,2026-08-17T05:03:59
40398675,2026-07-01,,,2026-07-29T19:21:37
40398676,2026-07-01,,,2026-07-29T19:21:37
40398677,2026-07-01,,,2026-07-29T19:21:37
40398679,2026-07-01,,,2026-07-29T19:21:37
40398681,2026-07-01,,,2026-07-29T19:21:38
40398682,2026-07-01,,,2026-07-29T19:21:38
40398683,2026-07-01,,,2026-07-29T19:21:38
40398684,2026-07-01,,,2026-07-29T19:21:38
40398685,2026-07-01,,,2026-07-29T19:21:39
40398687,2026-07-01,,,2026-07-29T19:21:39
40398688,2026-07-01,,,2026-07-29T19:21:40
40398689,2026-07-01,,,2026-07-29T19:21:40
40398705,2026-07-01,2026-07-19,,2026-07-29T19:21:40
40398802,2026-07-01,2026-08-13,,2026-08-15T07:15:13
40399217,2026-07-01,2026-07-11,,2026-07-29T19:21:41
40399802,2026-07-01,,,2026-07-29T19:21:41
40399980,2026-07-01,2026-07-06,,2026-07-29T19:21:41
40400229,2026-07-01,,,2026-07-29T19:21:41
40400297,2026-07-01,2026-07-05,,2026-07-29T19:21:42
40400546,2026-07-01,2026-07-02,,2026-07-29T19:21:42
40401203,2026-07-01,2026-07-02,,2026-07-29T19:21:42
40401450,2026-07-01,2026-08-15,,2026-08-17T07:07:32
40407376,2026-07-02,2026-07-03,,2026-07-29T19:21:44
40409348,2026-07-02,2026-08-12,,2026-08-14T05:09:09
40410082,2026-07-02,2026-08-07,,2026-08-09T05:06:34
40410099,2026-07-02,2026-07-21,,2026-08-12T23:24:13
40411735,2026-07-02,,,2026-07-29T19:21:45
40412305,2026-07-02,2026-07-02,,2026-07-29T19:21:45
40412348,2026-07-02,,,2026-07-29T19:21:45
40412805,2026-07-02,2026-07-02,,2026-07-29T19:21:45
40413576,2026-07-02,2026-07-07,,2026-07-29T19:21:46
40414066,2026-07-02,,,2026-07-29T19:21:46
40414086,2026-07-02,,,2026-07-29T19:21:46
40414373,2026-07-02,,,2026-07-29T19:21:47
40414414,2026-07-02,2026-07-02,,2026-07-29T19:21:47
40414419,2026-07-02,2026-08-22,,2026-08-24T07:05:08
40415170,2026-07-02,2026-07-06,,2026-07-29T19:21:47
40416032,2026-07-02,2026-07-08,,2026-07-29T19:21:48
40416250,2026-07-02,2026-07-13,,2026-07-29T19:21:48
40416314,2026-07-02,2026-07-07,,2026-07-29T19:21:48
40416327,2026-07-02,2026-07-05,,2026-08-09T21:50:21
40416356,2026-07-02,2026-08-20,,2026-08-21T04:22:31
40416474,2026-07-02,2026-08-20,,2026-08-22T06:02:25
40416498,2026-07-02,2026-08-24,,2026-08-24T16:08:17
40416500,2026-07-02,2026-08-06,,2026-08-08T07:08:21
40416712,2026-07-02,2026-07-28,,2026-07-30T04:21:26
40416733,2026-07-02,2026-08-19,,2026-08-21T04:21:00
40416834,2026-07-02,,,2026-07-29T19:21:50
40416911,2026-07-02,2026-07-21,,2026-07-29T19:21:50
40417455,2026-07-03,2026-07-29,,2026-08-12T23:22:42
40417587,2026-07-03,2026-07-03,,2026-07-29T19:21:51
40417881,2026-07-03,2026-07-13,,2026-07-29T19:21:51
40418656,2026-07-03,2026-07-22,,2026-07-29T19:21:51
40419448,2026-07-03,2026-07-09,,2026-07-29T19:21:51
40420051,2026-07-03,2026-07-10,,2026-08-23T20:14:19
40420127,2026-07-03,2026-07-03,,2026-07-29T19:21:52
40420620,2026-07-03,2026-07-03,,2026-07-29T19:21:52
40424320,2026-07-03,2026-07-06,,2026-07-29T19:21:52
40425145,2026-07-03,2026-08-24,,2026-08-24T15:56:43
40426088,2026-07-03,,,2026-07-29T19:21:53
40426376,2026-07-03,,,2026-07-29T19:21:53
40427983,2026-07-03,2026-07-07,,2026-08-02T02:51:09
40428328,2026-07-03,2026-07-03,,2026-07-29T19:21:54
40428987,2026-07-03,,,2026-07-29T19:21:54
40429092,2026-07-03,2026-07-07,,2026-07-29T19:21:54
40429151,2026-07-03,2026-07-31,,2026-08-02T04:16:46
40430071,2026-07-03,,,2026-07-29T19:21:54
40430477,2026-07-03,2026-08-24,,2026-08-24T19:37:11
40433607,2026-07-04,,,2026-07-29T19:21:55
40438465,2026-07-04,2026-07-22,,2026-07-29T19:21:56
40438571,2026-07-04,2026-08-14,,2026-08-16T04:11:21
40438672,2026-07-04,2026-07-06,,2026-07-29T19:21:56
40438849,2026-07-04,2026-07-26,,2026-07-29T19:21:56
40439676,2026-07-04,,,2026-07-29T19:21:56
40440149,2026-07-04,2026-08-23,,2026-08-23T21:27:17
40440192,2026-07-04,2026-07-07,,2026-07-29T19:21:57
40440303,2026-07-04,2026-08-23,,2026-08-25T04:09:34
40441089,2026-07-04,,,2026-07-29T19:21:58
40441281,2026-07-04,2026-07-05,,2026-07-29T19:21:58
40441430,2026-07-04,2026-07-06,,2026-07-29T19:21:58
40441650,2026-07-04,,,2026-07-29T19:21:59
40442703,2026-07-05,,,2026-07-29T19:21:59
40442887,2026-07-05,2026-07-09,,2026-07-29T19:21:59
40443042,2026-07-05,2026-08-13,,2026-08-14T04:17:20
40445478,2026-07-05,2026-08-22,,2026-08-23T04:11:39
40446160,2026-07-05,2026-07-05,,2026-07-29T19:22:00
40448589,2026-07-05,,,2026-07-29T19:22:01
40448647,2026-07-05,,,2026-07-29T19:22:01
40449291,2026-07-05,2026-08-17,,2026-08-18T04:13:40
40449853,2026-07-05,2026-07-21,,2026-07-29T19:22:01
40450138,2026-07-05,2026-07-30,,2026-08-01T05:05:59
40450304,2026-07-05,2026-08-10,,2026-08-11T06:01:44
40451356,2026-07-05,2026-07-05,,2026-07-29T19:22:02
40452022,2026-07-06,2026-07-12,,2026-07-29T19:22:03
40452194,2026-07-06,2026-07-12,,2026-07-29T19:22:03
40452482,2026-07-06,2026-08-04,,2026-08-06T04:08:50
40452945,2026-07-06,2026-07-06,,2026-07-29T19:22:03
40453034,2026-07-06,,,2026-07-29T19:22:04
40453501,2026-07-06,2026-07-08,,2026-08-03T17:15:33
40454129,2026-07-06,2026-07-15,,2026-07-29T19:22:05
40454164,2026-07-06,2026-08-18,,2026-08-19T05:11:15
40457210,2026-07-06,2026-08-14,,2026-08-16T07:09:45
40459128,2026-07-06,,,2026-07-29T19:22:05
40459581,2026-07-06,2026-07-14,,2026-07-29T19:22:06
40460185,2026-07-06,,,2026-07-29T19:22:06
40460188,2026-07-06,2026-08-16,,2026-08-18T05:06:23
40461846,2026-07-06,2026-08-15,,2026-08-16T04:11:00
40462491,2026-07-06,2026-08-06,,2026-08-07T21:05:46
40462584,2026-07-06,2026-07-24,,2026-07-29T19:22:07
40463108,2026-07-06,2026-07-13,,2026-07-29T19:22:07
40463399,2026-07-06,2026-08-03,,2026-08-05T04:15:59
40463449,2026-07-06,2026-07-21,,2026-07-29T19:22:08
40463599,2026-07-06,2026-08-04,,2026-08-06T07:04:33
40463814,2026-07-06,2026-07-06,,2026-07-29T19:22:08
40464170,2026-07-06,2026-07-13,,2026-07-29T19:22:09
40464256,2026-07-06,2026-08-24,,2026-08-25T04:03:17
40464488,2026-07-06,2026-08-18,,2026-08-20T04:19:51
40464703,2026-07-06,2026-07-28,,2026-08-12T23:23:31
40465009,2026-07-06,2026-08-02,,2026-08-04T05:06:47
40465420,2026-07-06,,,2026-07-29T19:22:10
40466067,2026-07-06,2026-08-19,,2026-08-21T07:09:34
40466101,2026-07-06,2026-07-06,,2026-07-29T19:22:11
40466192,2026-07-06,2026-08-23,,2026-08-24T04:16:24
40466204,2026-07-06,2026-08-24,,2026-08-24T13:50:22
40466515,2026-07-06,2026-08-05,,2026-08-07T04:16:58
40466605,2026-07-06,,,2026-07-29T19:22:12
40466775,2026-07-06,,,2026-07-29T19:22:12
40467142,2026-07-06,2026-07-13,,2026-07-29T19:22:13
40467786,2026-07-06,,,2026-08-04T12:42:13
40467843,2026-07-06,2026-07-06,,2026-07-29T19:22:13
40469808,2026-07-07,,,2026-07-29T19:22:13
40470178,2026-07-07,2026-07-15,,2026-08-01T23:41:37
40470432,2026-07-07,2026-08-14,,2026-08-16T04:07:20
40471628,2026-07-07,2026-07-11,,2026-07-29T19:22:15
40474621,2026-07-07,2026-08-12,,2026-08-14T07:15:20
40478732,2026-07-07,2026-07-19,,2026-07-29T19:22:15
40478976,2026-07-07,2026-08-05,,2026-08-07T07:11:42
40480739,2026-07-07,,,2026-07-29T19:22:15
40481434,2026-07-07,2026-08-21,,2026-08-22T04:23:32
40482151,2026-07-07,,,2026-07-29T19:22:16
40482410,2026-07-07,2026-07-07,,2026-07-29T19:22:16
40484022,2026-07-07,,,2026-07-29T19:22:16
40484152,2026-07-07,2026-07-23,,2026-07-29T19:22:17
40484375,2026-07-07,2026-08-24,,2026-08-24T12:12:38
40484401,2026-07-07,2026-07-29,,2026-07-30T05:11:09
40484407,2026-07-07,,,2026-07-29T19:22:17
40484445,2026-07-07,2026-07-30,,2026-08-01T04:13:09
40484718,2026-07-07,2026-07-26,,2026-07-29T19:22:18
40485233,2026-07-07,2026-08-14,,2026-08-16T05:12:56
40485396,2026-07-07,2026-08-01,,2026-08-03T07:04:21
40485607,2026-07-07,2026-07-07,,2026-07-29T19:22:19
40486199,2026-07-07,2026-08-03,,2026-08-04T05:08:39
40486341,2026-07-07,2026-07-25,,2026-07-29T19:22:19
40486833,2026-07-07,2026-08-22,,2026-08-24T04:08:39
40487481,2026-07-08,2026-08-20,,2026-08-22T04:19:21
40487802,2026-07-08,2026-07-23,,2026-07-29T19:22:20
40488465,2026-07-08,2026-07-31,,2026-08-01T05:13:20
40489100,2026-07-08,2026-08-22,,2026-08-23T07:07:03
40489439,2026-07-08,2026-08-08,,2026-08-10T07:10:11
40492974,2026-07-08,2026-08-20,,2026-08-22T07:08:37
40493180,2026-07-08,2026-08-02,,2026-08-04T04:09:20
40497846,2026-07-08,2026-07-22,,2026-07-29T19:22:21
40499605,2026-07-08,2026-07-11,,2026-07-29T19:22:21
40501206,2026-07-08,2026-08-13,,2026-08-14T07:19:31
40502688,2026-07-08,2026-07-21,,2026-07-29T19:22:22
40503557,2026-07-08,2026-07-09,,2026-07-29T19:22:23
40504618,2026-07-08,2026-07-10,,2026-07-29T19:22:23
40505108,2026-07-09,2026-08-21,,2026-08-23T05:06:17
40505650,2026-07-09,2026-07-13,,2026-07-29T19:22:24
40506129,2026-07-09,2026-07-22,,2026-07-29T19:22:24
40507076,2026-07-09,2026-07-17,,2026-07-29T19:22:24
40507145,2026-07-09,2026-07-16,,2026-07-29T19:22:24
40507637,2026-07-09,2026-07-30,,2026-08-01T07:10:10
40509794,2026-07-09,2026-08-17,,2026-08-18T07:13:19
40510746,2026-07-09,2026-07-12,,2026-07-29T19:22:25
40517078,2026-07-09,2026-07-23,,2026-07-29T19:22:26
40517135,2026-07-09,,,2026-07-29T19:22:26
40517173,2026-07-09,2026-07-15,,2026-07-29T19:22:26
40517305,2026-07-09,2026-07-15,,2026-07-29T19:22:26
40517754,2026-07-09,2026-07-15,,2026-07-29T19:22:27
40518658,2026-07-09,2026-08-11,,2026-08-13T04:12:13
40520259,2026-07-09,2026-07-26,,2026-07-29T19:22:28
40520395,2026-07-09,2026-07-10,,2026-07-29T19:22:27
40521109,2026-07-09,2026-07-09,,2026-07-29T19:22:27
40521185,2026-07-09,2026-08-20,,2026-08-22T05:05:00
40521527,2026-07-09,2026-08-15,,2026-08-16T07:18:21
40521751,2026-07-09,2026-08-19,,2026-08-21T07:14:11
40522462,2026-07-09,,,2026-07-29T19:22:28
40523248,2026-07-10,2026-07-11,,2026-07-29T19:22:29
40523374,2026-07-10,2026-08-21,,2026-08-23T07:11:17
40523486,2026-07-10,2026-08-13,,2026-08-14T04:14:42
40523492,2026-07-10,2026-07-10,,2026-07-29T19:22:30
40523819,2026-07-10,2026-07-20,,2026-07-29T19:22:30
40527170,2026-07-10,2026-07-10,,2026-07-29T19:22:30
40531233,2026-07-10,2026-07-12,,2026-07-29T19:22:30
40532345,2026-07-10,2026-07-13,,2026-08-20T21:01:44
40532609,2026-07-10,2026-08-06,,2026-08-08T04:09:36
40535793,2026-07-10,2026-08-25,,2026-08-25T06:01:54
40536066,2026-07-10,2026-07-10,,2026-07-29T19:22:31
40536143,2026-07-10,2026-08-07,,2026-08-09T04:21:08
40536477,2026-07-10,2026-07-10,,2026-07-29T19:22:32
40538004,2026-07-10,2026-08-24,,2026-08-24T02:17:46
40538502,2026-07-10,2026-08-08,,2026-08-10T04:10:56
40539285,2026-07-11,2026-07-11,,2026-07-29T19:22:32
40539687,2026-07-11,2026-07-17,,2026-07-29T19:22:33
40540460,2026-07-11,2026-07-11,,2026-07-29T19:22:34
40545279,2026-07-11,2026-08-21,,2026-08-23T07:08:46
40547388,2026-07-11,,,2026-07-29T19:22:34
40548150,2026-07-11,2026-08-07,,2026-08-09T04:18:47
40548325,2026-07-11,2026-07-19,,2026-07-29T19:22:34
40550438,2026-07-11,2026-08-21,,2026-08-22T07:13:09
40552596,2026-07-11,2026-08-19,,2026-08-20T04:23:49
40553228,2026-07-12,2026-07-16,,2026-07-29T19:22:35
40553672,2026-07-12,2026-07-13,,2026-07-29T19:22:36
40553957,2026-07-12,,,2026-07-29T19:22:36
40554434,2026-07-12,2026-07-24,,2026-07-29T19:22:36
40562007,2026-07-12,,,2026-07-29T19:22:36
40564163,2026-07-12,2026-08-20,,2026-08-21T07:17:51
40564215,2026-07-12,2026-08-05,,2026-08-07T04:09:09
40564253,2026-07-12,2026-07-13,,2026-07-29T19:22:37
40564807,2026-07-13,2026-07-28,,2026-07-30T07:13:09
40565067,2026-07-13,2026-07-13,,2026-08-24T05:10:43
40565416,2026-07-13,2026-08-24,,2026-08-24T19:08:01
40565438,2026-07-13,2026-07-17,,2026-07-29T19:22:38
40565945,2026-07-13,2026-08-25,,2026-08-25T02:24:58
40566222,2026-07-13,2026-07-13,,2026-07-29T19:22:39
40574877,2026-07-13,,,2026-07-29T19:22:39
40575830,2026-07-13,,,2026-07-29T19:22:39
40576423,2026-07-13,2026-08-14,,2026-08-16T04:24:31
40576797,2026-07-13,2026-08-21,,2026-08-23T04:14:06
40577905,2026-07-13,2026-08-18,,2026-08-20T04:19:12
40579479,2026-07-13,,,2026-07-29T19:22:40
40581424,2026-07-13,2026-08-21,,2026-08-23T05:06:00
40581495,2026-07-13,2026-07-15,,2026-07-29T19:22:41
40581498,2026-07-13,2026-08-15,,2026-08-16T07:16:55
40581774,2026-07-13,2026-08-22,,2026-08-24T05:05:18
40582006,2026-07-13,,,2026-07-29T19:22:42
40582014,2026-07-13,2026-08-07,,2026-08-14T23:13:42
40582040,2026-07-13,2026-07-19,,2026-07-29T19:22:43
40582736,2026-07-14,2026-07-17,,2026-07-29T19:22:43
40582910,2026-07-14,2026-08-23,,2026-08-25T04:12:10
40583423,2026-07-14,2026-08-11,,2026-08-13T04:18:46
40583813,2026-07-14,,,2026-07-29T19:22:43
40583941,2026-07-14,2026-07-21,,2026-07-29T19:22:44
40587948,2026-07-14,2026-07-26,,2026-07-29T19:22:45
40590420,2026-07-14,2026-07-15,,2026-07-29T19:22:45
40590589,2026-07-14,2026-08-19,,2026-08-21T04:17:26
40592775,2026-07-14,,,2026-07-29T19:22:46
40593609,2026-07-14,2026-08-05,,2026-08-07T07:11:18
40595922,2026-07-14,2026-08-22,,2026-08-23T05:12:25
40598653,2026-07-14,2026-08-19,,2026-08-21T04:16:27
40599045,2026-07-14,2026-07-21,,2026-07-29T19:22:48
40599355,2026-07-14,2026-07-16,,2026-07-29T19:22:49
40600322,2026-07-14,2026-07-28,,2026-07-30T04:22:33
40600412,2026-07-14,,,2026-07-29T19:22:49
40600466,2026-07-14,2026-08-17,,2026-08-19T05:05:07
40600486,2026-07-14,2026-08-19,,2026-08-21T05:07:44
40600588,2026-07-14,2026-08-20,,2026-08-22T07:06:12
40600830,2026-07-14,2026-08-18,,2026-08-20T04:21:17
40601686,2026-07-15,2026-08-24,,2026-08-24T17:56:58
40601903,2026-07-15,2026-07-18,,2026-07-29T19:22:51
40603010,2026-07-15,,,2026-07-29T19:22:51
40604890,2026-07-15,2026-07-19,,2026-07-29T19:22:51
40611794,2026-07-15,,,2026-07-29T19:22:51
40611901,2026-07-15,2026-08-23,,2026-08-25T05:04:15
40615285,2026-07-15,,,2026-07-29T19:22:52
40616003,2026-07-15,2026-07-15,,2026-07-29T19:22:52
40616336,2026-07-15,2026-08-15,,2026-08-17T05:02:51
40616901,2026-07-15,2026-08-18,,2026-08-19T04:23:32
40616922,2026-07-15,2026-07-16,,2026-07-29T19:22:53
40617033,2026-07-15,,,2026-07-29T19:22:53
40617197,2026-07-15,2026-08-22,,2026-08-23T05:11:20
40617281,2026-07-15,2026-07-17,,2026-08-12T23:22:37
40617365,2026-07-15,,,2026-07-29T19:23:08
40618056,2026-07-15,2026-08-19,,2026-08-21T07:12:55
40618307,2026-07-15,,,2026-07-29T19:23:08
40618562,2026-07-15,2026-07-22,,2026-07-29T19:23:09
40618788,2026-07-16,2026-07-19,,2026-07-29T19:23:09
40620669,2026-07-16,2026-07-16,,2026-07-29T19:23:09
40621953,2026-07-16,2026-07-29,,2026-07-31T04:24:20
40627938,2026-07-16,2026-08-10,,2026-08-12T07:08:01
40630570,2026-07-16,2026-08-03,,2026-08-05T05:10:02
40633607,2026-07-16,2026-07-16,,2026-08-18T12:20:45
40634089,2026-07-16,,,2026-07-29T19:23:11
40634160,2026-07-16,2026-07-23,,2026-07-29T19:23:11
40635469,2026-07-16,2026-07-17,,2026-07-29T19:23:11
40635813,2026-07-16,2026-07-16,,2026-07-29T19:23:11
40636244,2026-07-16,2026-08-21,,2026-08-22T04:23:43
40636482,2026-07-16,2026-08-17,,2026-08-19T04:11:14
40636654,2026-07-16,,,2026-07-29T19:23:12
40636807,2026-07-17,2026-07-24,,2026-07-29T19:23:13
40636814,2026-07-17,2026-08-10,,2026-08-12T04:03:46
40636857,2026-07-17,2026-08-10,,2026-08-12T05:07:31
40637413,2026-07-17,,,2026-07-29T19:23:14
40637843,2026-07-17,2026-08-24,,2026-08-24T01:58:48
40638336,2026-07-17,2026-08-22,,2026-08-24T07:03:34
40640755,2026-07-17,,,2026-07-29T19:23:15
40641887,2026-07-17,2026-07-24,,2026-07-29T19:23:16
40647494,2026-07-17,2026-08-07,,2026-08-09T04:09:36
40647495,2026-07-17,2026-07-19,,2026-07-29T19:23:17
40650585,2026-07-17,2026-07-23,,2026-07-29T19:23:18
40650649,2026-07-17,,,2026-07-29T19:23:20
40651405,2026-07-17,2026-08-22,,2026-08-24T05:02:33
40651441,2026-07-17,,,2026-08-23T22:36:34
40651520,2026-07-17,2026-08-20,,2026-08-22T04:20:26
40651524,2026-07-17,2026-08-23,,2026-08-23T22:18:55
40651867,2026-07-17,2026-08-14,,2026-08-16T05:07:32
40652658,2026-07-17,,,2026-07-29T19:23:21
40652671,2026-07-17,2026-07-21,,2026-07-29T19:23:22
40652678,2026-07-17,2026-07-26,,2026-07-29T19:23:23
40653048,2026-07-18,,,2026-07-29T19:23:22
40653591,2026-07-18,2026-08-24,,2026-08-25T05:06:44
40653666,2026-07-18,2026-07-23,,2026-07-29T19:23:24
40654327,2026-07-18,,,2026-07-29T19:23:24
40658480,2026-07-18,,,2026-07-29T19:23:24
40661589,2026-07-18,2026-07-18,,2026-07-29T19:23:24
40662610,2026-07-18,2026-08-22,,2026-08-24T04:03:12
40665820,2026-07-18,,,2026-07-29T19:23:26
40666740,2026-07-18,2026-07-18,,2026-07-29T19:23:26
40667641,2026-07-19,2026-08-24,,2026-08-24T06:25:06
40667876,2026-07-19,2026-07-31,,2026-08-02T07:13:26
40668040,2026-07-19,2026-08-21,,2026-08-23T04:15:51
40668413,2026-07-19,2026-08-24,,2026-08-24T22:47:05
40668418,2026-07-19,2026-08-14,,2026-08-16T05:07:38
40668614,2026-07-19,2026-07-19,,2026-07-29T19:23:27
40668698,2026-07-19,2026-07-19,,2026-07-29T19:23:28
40674114,2026-07-19,,,2026-07-29T19:23:28
40674298,2026-07-19,2026-07-29,,2026-07-31T04:12:35
40674739,2026-07-19,,,2026-07-29T19:23:29
40678794,2026-07-20,2026-08-21,,2026-08-23T07:11:12
40679153,2026-07-20,2026-08-17,,2026-08-18T05:07:58
40680596,2026-07-20,2026-08-25,,2026-08-25T03:34:00
40685829,2026-07-20,2026-07-21,,2026-07-29T19:23:30
40686088,2026-07-20,2026-08-13,,2026-08-15T05:08:18
40686959,2026-07-20,,,2026-07-29T19:23:31
40690324,2026-07-20,2026-08-19,,2026-08-21T04:15:06
40691236,2026-07-20,2026-07-20,,2026-07-29T19:23:32
40691252,2026-07-20,2026-07-30,,2026-08-01T07:16:50
40692634,2026-07-20,2026-08-24,,2026-08-24T15:39:33
40692875,2026-07-20,2026-08-14,,2026-08-15T07:15:44
40693183,2026-07-20,2026-08-14,,2026-08-16T07:11:38
40693283,2026-07-20,2026-08-19,,2026-08-21T04:15:02
40693800,2026-07-20,2026-07-22,,2026-07-29T19:23:34
40696780,2026-07-20,,,2026-07-29T19:23:35
40697513,2026-07-21,2026-08-25,,2026-08-25T01:01:17
40697809,2026-07-21,2026-08-20,,2026-08-22T04:10:40
40698847,2026-07-21,2026-07-21,,2026-07-29T19:23:37
40699560,2026-07-21,2026-07-21,,2026-07-29T19:23:37
40701687,2026-07-21,2026-08-22,,2026-08-23T04:23:22
40709636,2026-07-21,2026-08-04,,2026-08-06T05:04:15
40711859,2026-07-21,2026-08-24,,2026-08-24T15:14:16
40712098,2026-07-21,2026-08-19,,2026-08-21T07:14:41
40712557,2026-07-21,2026-08-13,,2026-08-15T05:06:17
40713324,2026-07-21,2026-08-21,,2026-08-23T04:22:36
40713359,2026-07-21,2026-08-20,,2026-08-22T06:02:17
40713453,2026-07-21,,,2026-07-29T19:23:41
40713611,2026-07-21,,,2026-07-29T19:23:41
40713873,2026-07-21,2026-08-22,,2026-08-24T04:12:02
40714198,2026-07-21,2026-08-20,,2026-08-22T07:12:53
40714308,2026-07-21,2026-08-22,,2026-08-23T07:16:01
40715634,2026-07-21,2026-08-21,,2026-08-23T04:23:04
40715967,2026-07-21,2026-08-15,,2026-08-17T07:00:45
40716525,2026-07-22,2026-08-24,,2026-08-24T20:15:12
40716655,2026-07-22,2026-07-23,,2026-07-29T19:23:43
40719431,2026-07-22,2026-08-10,,2026-08-12T06:02:23
40728741,2026-07-22,2026-07-22,,2026-07-29T19:23:45
40728883,2026-07-22,2026-08-06,,2026-08-07T07:01:32
40729570,2026-07-22,2026-07-22,,2026-07-29T19:23:46
40729687,2026-07-22,2026-08-24,,2026-08-24T13:28:01
40731035,2026-07-22,,,2026-07-29T19:23:45
40732014,2026-07-22,2026-07-22,,2026-07-29T19:23:46
40732552,2026-07-22,2026-07-28,,2026-07-30T04:15:41
40733431,2026-07-22,2026-08-15,,2026-08-17T07:07:37
40733563,2026-07-22,2026-07-22,,2026-07-29T19:23:47
40734078,2026-07-22,2026-08-21,,2026-08-23T05:05:09
40735909,2026-07-23,2026-07-31,,2026-08-02T07:08:18
40735958,2026-07-23,2026-08-20,,2026-08-22T07:11:50
40736080,2026-07-23,2026-07-23,,2026-07-29T19:23:50
40737792,2026-07-23,,,2026-07-29T19:23:50
40739457,2026-07-23,2026-08-17,,2026-08-18T07:13:16
40739605,2026-07-23,2026-08-14,,2026-08-16T05:13:27
40739695,2026-07-23,2026-08-17,,2026-08-18T07:10:50
40739967,2026-07-23,2026-07-23,,2026-07-29T19:23:52
40741554,2026-07-23,2026-07-23,,2026-07-29T19:23:52
40746361,2026-07-23,2026-08-01,,2026-08-02T05:12:54
40746397,2026-07-23,2026-08-10,,2026-08-11T04:14:42
40746844,2026-07-23,2026-08-15,,2026-08-16T05:14:03
40746959,2026-07-23,2026-08-25,,2026-08-25T00:29:59
40747739,2026-07-23,2026-08-17,,2026-08-19T05:00:46
40747950,2026-07-23,2026-07-23,,2026-07-29T19:23:54
40749440,2026-07-23,2026-08-24,,2026-08-24T21:34:01
40749500,2026-07-23,,,2026-07-29T19:23:55
40749607,2026-07-23,2026-07-23,,2026-07-29T19:23:55
40749769,2026-07-23,2026-08-24,,2026-08-24T12:10:50
40750764,2026-07-23,2026-07-23,,2026-08-16T22:28:15
40751182,2026-07-23,2026-07-24,,2026-07-29T19:23:56
40752347,2026-07-23,2026-07-28,,2026-08-15T10:45:37
40753539,2026-07-24,,,2026-07-29T19:23:57
40754225,2026-07-24,2026-08-12,,2026-08-14T07:16:48
40754558,2026-07-24,,,2026-07-29T19:23:57
40755212,2026-07-24,,,2026-08-21T21:42:48
40756281,2026-07-24,2026-08-11,,2026-08-13T05:09:58
40756374,2026-07-24,,,2026-07-29T19:23:58
40759231,2026-07-24,,,2026-07-29T19:23:58
40763091,2026-07-24,2026-08-16,,2026-08-18T07:03:20
40763629,2026-07-24,,,2026-07-29T19:23:59
40764390,2026-07-24,2026-08-10,,2026-08-12T07:11:11
40765306,2026-07-24,2026-08-09,,2026-08-11T04:11:34
40765821,2026-07-24,2026-08-21,,2026-08-23T04:10:59
40766320,2026-07-24,,,2026-07-29T19:24:00
40766328,2026-07-24,2026-08-06,,2026-08-08T05:05:22
40766449,2026-07-24,,,2026-07-29T19:24:00
40766835,2026-07-24,2026-08-19,,2026-08-20T04:24:37
40766892,2026-07-24,2026-08-21,,2026-08-22T04:23:22
40767199,2026-07-24,2026-08-22,,2026-08-24T07:06:05
40767273,2026-07-24,2026-08-05,,2026-08-07T07:11:30
40767462,2026-07-24,,,2026-07-29T19:24:02
40767516,2026-07-24,,,2026-07-29T19:24:02
40768248,2026-07-24,2026-07-24,,2026-07-29T19:24:03
40768396,2026-07-24,2026-08-12,,2026-08-13T07:17:29
40769973,2026-07-25,2026-07-27,,2026-07-29T19:24:03
40770393,2026-07-25,,,2026-07-29T19:24:04
40775441,2026-07-25,2026-08-19,,2026-08-21T04:21:18
40778464,2026-07-25,2026-08-07,,2026-08-08T07:14:03
40779498,2026-07-25,2026-08-25,,2026-08-25T02:33:59
40779985,2026-07-25,,,2026-07-29T19:24:05
40780508,2026-07-25,,,2026-07-29T19:24:06
40781180,2026-07-25,2026-07-26,,2026-07-29T19:24:06
40781394,2026-07-25,,,2026-07-29T19:24:06
40781480,2026-07-25,2026-08-08,,2026-08-10T04:10:35
40781699,2026-07-25,2026-07-25,,2026-07-29T19:24:07
40781906,2026-07-25,2026-07-29,,2026-07-30T06:05:02
40782771,2026-07-25,2026-08-21,,2026-08-23T06:01:32
40782807,2026-07-25,2026-07-27,,2026-07-29T19:24:08
40783607,2026-07-26,2026-08-09,,2026-08-11T05:07:23
40784038,2026-07-26,2026-08-11,,2026-08-12T05:02:40
40784092,2026-07-26,2026-08-13,,2026-08-15T07:12:40
40784159,2026-07-26,,,2026-07-29T19:24:09
40784286,2026-07-26,2026-08-25,,2026-08-25T03:29:28
40784615,2026-07-26,2026-08-18,,2026-08-20T04:17:05
40784811,2026-07-26,2026-08-24,,2026-08-25T05:07:19
40785341,2026-07-26,2026-07-31,,2026-08-01T07:21:03
40787079,2026-07-26,2026-08-13,,2026-08-15T05:04:22
40787906,2026-07-26,2026-08-05,,2026-08-07T07:08:04
40790881,2026-07-26,2026-08-19,,2026-08-21T07:14:47
40793409,2026-07-26,2026-08-20,,2026-08-22T05:07:53
40794591,2026-07-26,2026-07-27,,2026-07-29T19:24:12
40796283,2026-07-27,2026-08-24,,2026-08-24T15:06:14
40798329,2026-07-27,2026-08-21,,2026-08-22T06:04:07
40799215,2026-07-27,2026-07-27,,2026-07-29T19:24:13
40799237,2026-07-27,2026-07-27,,2026-07-29T19:24:13
40806720,2026-07-27,,,2026-07-29T19:24:13
40806812,2026-07-27,2026-07-28,,2026-07-29T19:24:13
40807562,2026-07-27,2026-08-19,,2026-08-21T05:04:22
40807899,2026-07-27,,,2026-07-29T19:24:14
40808137,2026-07-27,,,2026-07-29T19:24:14
40808623,2026-07-27,2026-08-01,,2026-08-03T04:11:49
40808624,2026-07-27,2026-08-14,,2026-08-16T07:14:00
40808895,2026-07-27,2026-08-24,,2026-08-24T15:01:05
40809255,2026-07-27,2026-08-21,,2026-08-23T05:11:29
40809643,2026-07-27,2026-08-22,,2026-08-24T05:05:42
40810229,2026-07-27,2026-08-23,,2026-08-24T07:04:32
40810782,2026-07-27,2026-07-27,,2026-07-29T19:24:17
40810969,2026-07-27,2026-08-06,,2026-08-08T04:15:52
40811101,2026-07-27,2026-08-02,,2026-08-11T03:30:41
40814028,2026-07-27,2026-08-16,,2026-08-18T07:10:34
40814786,2026-07-28,2026-07-28,,2026-07-29T19:24:20
40814950,2026-07-28,2026-07-30,,2026-07-31T07:04:55
40815226,2026-07-28,2026-08-24,,2026-08-25T04:03:47
40815623,2026-07-28,2026-08-23,,2026-08-25T04:09:51
40816768,2026-07-28,2026-07-28,,2026-07-29T19:24:31
40818849,2026-07-28,2026-08-13,,2026-08-15T04:10:54
40823681,2026-07-28,2026-07-29,,2026-07-30T07:08:20
40823908,2026-07-28,2026-08-15,,2026-08-17T05:06:54
40824722,2026-07-28,,,2026-07-29T19:24:32
40827090,2026-07-28,,,2026-07-29T19:24:32
40827243,2026-07-28,2026-08-06,,2026-08-08T07:05:56
40828576,2026-07-28,2026-08-09,,2026-08-11T07:08:41
40828909,2026-07-28,,,2026-07-29T19:24:33
40829100,2026-07-28,2026-08-12,,2026-08-13T04:25:10
40829570,2026-07-28,2026-08-08,,2026-08-09T04:10:36
40831503,2026-07-28,2026-08-05,,2026-08-07T18:20:36
40832221,2026-07-28,2026-08-13,,2026-08-15T04:05:24
40832349,2026-07-28,2026-08-24,,2026-08-24T16:54:45
40833251,2026-07-28,2026-08-14,,2026-08-16T07:13:52
40833279,2026-07-28,2026-08-16,,2026-08-18T07:05:00
40833844,2026-07-28,2026-08-02,,2026-08-04T05:06:57
40833854,2026-07-28,2026-08-01,,2026-08-02T17:00:15
40834163,2026-07-29,2026-07-29,,2026-07-30T07:15:55
40834590,2026-07-29,2026-08-24,,2026-08-24T20:16:58
40840850,2026-07-29,2026-08-04,,2026-08-06T04:12:28
40845762,2026-07-29,,,2026-07-29T19:24:39
40845800,2026-07-29,2026-08-17,,2026-08-18T07:12:28
40847121,2026-07-29,2026-08-20,,2026-08-22T07:13:35
40848198,2026-07-29,2026-08-23,,2026-08-25T06:01:44
40850283,2026-07-29,,,2026-07-29T17:56:54
40852619,2026-07-29,2026-07-31,,2026-08-01T07:08:55
40852812,2026-07-29,2026-08-23,,2026-08-25T05:01:58
40853235,2026-07-29,2026-08-25,,2026-08-25T04:01:28
40853617,2026-07-29,2026-08-23,,2026-08-25T04:09:28
40854162,2026-07-30,2026-07-30,,2026-07-31T07:16:12
40854357,2026-07-30,2026-08-18,,2026-08-19T04:21:38
40854785,2026-07-30,2026-08-24,,2026-08-24T07:26:47
40856968,2026-07-30,2026-08-03,,2026-08-05T04:08:18
40858811,2026-07-30,2026-08-24,,2026-08-24T14:32:05
40859265,2026-07-30,2026-08-22,,2026-08-23T07:14:51
40860753,2026-07-30,2026-08-23,,2026-08-24T07:11:44
40867025,2026-07-30,2026-08-04,,2026-08-06T04:07:20
40867647,2026-07-30,2026-08-18,,2026-08-19T07:14:37
40869419,2026-07-30,,,2026-07-31T01:25:19
40870740,2026-07-30,2026-07-30,,2026-08-01T07:16:30
40871372,2026-07-30,2026-08-24,,2026-08-24T16:25:30
40871878,2026-07-30,2026-08-04,,2026-08-05T07:13:53
40872221,2026-07-30,2026-08-20,,2026-08-21T04:23:34
40872229,2026-07-30,2026-08-17,,2026-08-18T07:13:01
40872233,2026-07-30,,,2026-07-30T22:22:19
40872234,2026-07-30,,,2026-07-30T22:22:26
40872235,2026-07-30,2026-08-09,,2026-08-11T07:06:44
40872355,2026-07-30,,,2026-07-30T22:42:17
40872407,2026-07-30,2026-07-30,,2026-08-01T07:18:31
40872721,2026-07-30,2026-08-05,,2026-08-07T18:20:41
40872829,2026-07-31,2026-08-15,,2026-08-16T07:16:34
40872864,2026-07-31,2026-08-13,,2026-08-15T05:09:23
40872974,2026-07-31,2026-08-04,,2026-08-06T05:07:18
40873013,2026-07-31,2026-08-20,,2026-08-21T04:22:44
40873094,2026-07-31,,,2026-07-31T00:46:38
40873208,2026-07-31,2026-08-20,,2026-08-22T04:10:35
40873211,2026-07-31,2026-08-04,,2026-08-06T07:06:00
40873274,2026-07-31,2026-08-20,,2026-08-22T05:01:08
40873348,2026-07-31,2026-07-31,,2026-08-01T07:19:40
40873471,2026-07-31,2026-08-24,,2026-08-24T23:13:46
40873582,2026-07-31,2026-08-21,,2026-08-22T03:00:14
40873901,2026-07-31,2026-08-19,,2026-08-21T04:17:12
40874046,2026-07-31,2026-08-25,,2026-08-25T01:22:13
40874461,2026-07-31,2026-08-24,,2026-08-24T16:32:11
40875405,2026-07-31,2026-08-19,,2026-08-21T07:11:05
40876308,2026-07-31,,,2026-07-31T06:53:55
40876499,2026-07-31,2026-07-31,,2026-08-02T07:08:31
40876527,2026-07-31,2026-08-22,,2026-08-24T05:02:51
40876840,2026-07-31,2026-08-23,,2026-08-25T06:02:19
40877059,2026-07-31,2026-08-18,,2026-08-20T07:09:34
40877397,2026-07-31,2026-07-31,,2026-08-02T05:06:42
40877487,2026-07-31,2026-08-16,,2026-08-18T07:04:23
40877518,2026-07-31,2026-08-17,,2026-08-19T04:09:21
40879688,2026-07-31,2026-08-03,,2026-08-05T05:09:25
40879874,2026-07-31,2026-08-21,,2026-08-23T05:08:34
40880427,2026-07-31,2026-08-19,,2026-08-21T04:16:41
40881519,2026-07-31,2026-08-02,,2026-08-04T04:10:30
40883829,2026-07-31,2026-08-25,,2026-08-25T00:42:06
40883977,2026-07-31,2026-08-24,,2026-08-24T23:31:42
40884295,2026-07-31,2026-08-09,,2026-08-11T05:03:23
40885085,2026-07-31,2026-08-08,,2026-08-10T04:14:14
40885446,2026-07-31,,,2026-07-31T17:16:03
40886287,2026-07-31,2026-08-16,,2026-08-18T04:11:58
40886606,2026-07-31,2026-07-31,,2026-08-02T07:13:24
40886969,2026-07-31,2026-07-31,,2026-08-02T07:13:45
40887164,2026-07-31,2026-08-03,,2026-08-05T07:08:54
40887182,2026-07-31,2026-08-03,,2026-08-05T06:02:35
40887406,2026-07-31,2026-08-01,,2026-08-02T07:14:15
40887655,2026-07-31,,,2026-07-31T20:51:08
40887763,2026-07-31,,,2026-07-31T21:06:17
40887815,2026-07-31,,,2026-07-31T21:13:56
40888253,2026-07-31,2026-08-20,,2026-08-22T05:08:36
40888394,2026-07-31,,,2026-07-31T22:28:50
40888476,2026-07-31,2026-08-12,,2026-08-14T04:22:54
40888608,2026-07-31,,,2026-08-10T05:00:59
40888722,2026-07-31,2026-08-21,,2026-08-23T07:09:59
40888779,2026-07-31,2026-08-07,,2026-08-08T07:13:57
40888795,2026-07-31,2026-08-05,,2026-08-07T04:11:00
40888799,2026-07-31,,,2026-07-31T23:31:18
40888820,2026-07-31,2026-08-01,,2026-08-02T07:15:47
40888861,2026-07-31,2026-08-12,,2026-08-19T18:51:45
40888894,2026-07-31,,,2026-07-31T23:47:08
40888984,2026-08-01,,,2026-08-01T00:06:44
40889093,2026-08-01,,,2026-08-01T00:22:29
40889101,2026-08-01,2026-08-22,,2026-08-24T04:07:23
40889109,2026-08-01,2026-08-05,,2026-08-07T05:01:45
40889150,2026-08-01,2026-08-07,,2026-08-08T04:18:16
40889190,2026-08-01,,,2026-08-01T00:38:03
40889193,2026-08-01,,,2026-08-01T00:38:28
40889207,2026-08-01,2026-08-22,,2026-08-24T07:11:23
40889222,2026-08-01,2026-08-10,,2026-08-12T07:04:02
40889371,2026-08-01,2026-08-11,,2026-08-13T04:13:57
40889492,2026-08-01,,,2026-08-01T01:23:24
40889667,2026-08-01,,,2026-08-01T01:51:53
40889750,2026-08-01,2026-08-04,,2026-08-06T05:01:01
40889770,2026-08-01,2026-08-22,,2026-08-24T04:13:15
40889871,2026-08-01,2026-08-24,,2026-08-24T12:21:20
40889882,2026-08-01,2026-08-17,,2026-08-19T07:12:24
40889905,2026-08-01,2026-08-25,,2026-08-25T01:26:44
40889908,2026-08-01,2026-08-25,,2026-08-25T03:36:49
40889997,2026-08-01,2026-08-07,,2026-08-09T04:05:45
40890078,2026-08-01,2026-08-13,,2026-08-14T07:15:39
40890119,2026-08-01,,,2026-08-01T03:15:23
40890120,2026-08-01,2026-08-22,,2026-08-24T05:03:32
40890146,2026-08-01,,,2026-08-01T03:19:26
40890153,2026-08-01,2026-08-02,,2026-08-07T18:20:38
40890229,2026-08-01,2026-08-14,,2026-08-16T04:11:10
40890231,2026-08-01,2026-08-01,,2026-08-03T07:06:25
40890259,2026-08-01,2026-08-19,,2026-08-21T06:04:01
40890262,2026-08-01,2026-08-22,,2026-08-24T04:01:39
40890290,2026-08-01,2026-08-24,,2026-08-24T13:22:10
40890297,2026-08-01,2026-08-15,,2026-08-17T07:08:51
40890314,2026-08-01,,,2026-08-01T03:45:58
40890323,2026-08-01,2026-08-10,,2026-08-12T04:19:55
40890327,2026-08-01,2026-08-13,,2026-08-15T07:15:57
40890365,2026-08-01,2026-08-21,,2026-08-22T05:10:31
40890405,2026-08-01,2026-08-22,,2026-08-23T04:24:51
40890413,2026-08-01,2026-08-02,,2026-08-04T07:09:34
40890448,2026-08-01,,,2026-08-01T04:01:10
40890583,2026-08-01,2026-08-18,,2026-08-20T06:03:39
40890762,2026-08-01,2026-08-16,,2026-08-17T07:09:44
40890817,2026-08-01,,,2026-08-01T04:48:03
40892651,2026-08-01,,,2026-08-01T07:17:49
40893488,2026-08-01,2026-08-24,,2026-08-24T14:31:55
40893721,2026-08-01,2026-08-18,,2026-08-20T05:09:22
40894883,2026-08-01,2026-08-10,,2026-08-12T05:04:07
40897230,2026-08-01,2026-08-13,,2026-08-15T05:09:36
40897262,2026-08-01,2026-08-01,,2026-08-03T05:06:52
40897316,2026-08-01,,,2026-08-01T12:56:47
40899249,2026-08-01,2026-08-22,,2026-08-24T05:01:52
40899519,2026-08-01,,,2026-08-01T15:28:09
40901380,2026-08-01,2026-08-15,,2026-08-16T05:13:46
40901384,2026-08-01,2026-08-23,,2026-08-23T17:01:47
40901492,2026-08-01,2026-08-14,,2026-08-16T07:16:40
40901503,2026-08-01,2026-08-20,,2026-08-21T05:12:17
40901518,2026-08-01,2026-08-12,,2026-08-14T06:04:08
40902681,2026-08-01,2026-08-08,,2026-08-09T05:11:54
40903606,2026-08-02,,,2026-08-02T00:35:59
40904326,2026-08-02,2026-08-10,,2026-08-12T04:03:20
40906152,2026-08-02,,,2026-08-02T08:00:51
40908645,2026-08-02,2026-08-24,,2026-08-24T11:07:26
40908667,2026-08-02,,,2026-08-02T12:59:42
40912098,2026-08-02,2026-08-04,,2026-08-08T16:06:50
40912313,2026-08-02,2026-08-02,,2026-08-04T07:07:58
40914731,2026-08-03,2026-08-11,,2026-08-13T04:24:27
40915053,2026-08-03,2026-08-03,,2026-08-04T07:10:44
40915996,2026-08-03,2026-08-03,,2026-08-13T00:28:10
40915999,2026-08-03,,,2026-08-03T03:19:37
40916587,2026-08-03,2026-08-20,,2026-08-22T07:09:19
40919179,2026-08-03,2026-08-05,,2026-08-07T07:07:44
40923364,2026-08-03,2026-08-03,,2026-08-05T07:07:21
40926868,2026-08-03,2026-08-03,,2026-08-05T07:09:18
40928746,2026-08-03,2026-08-24,,2026-08-24T11:41:14
40929856,2026-08-03,2026-08-23,,2026-08-23T14:54:46
40930670,2026-08-03,2026-08-21,,2026-08-23T06:03:27
40932183,2026-08-03,2026-08-24,,2026-08-24T18:10:05
40932467,2026-08-03,2026-08-23,,2026-08-25T06:00:46
40932519,2026-08-03,2026-08-06,,2026-08-08T04:13:38
40932789,2026-08-04,2026-08-25,,2026-08-25T02:09:37
40933450,2026-08-04,2026-08-22,,2026-08-24T05:03:54
40934287,2026-08-04,2026-08-15,,2026-08-17T05:05:47
40934726,2026-08-04,2026-08-09,,2026-08-10T04:15:22
40942535,2026-08-04,2026-08-25,,2026-08-25T00:53:47
40942998,2026-08-04,2026-08-20,,2026-08-22T04:21:43
40943137,2026-08-04,2026-08-24,,2026-08-24T17:51:17
40943695,2026-08-04,,,2026-08-04T12:51:26
40944451,2026-08-04,2026-08-12,,2026-08-14T04:13:11
40946051,2026-08-04,2026-08-11,,2026-08-13T04:21:57
40946055,2026-08-04,,,2026-08-11T14:56:32
40946080,2026-08-04,,,2026-08-11T14:56:32
40946083,2026-08-04,,,2026-08-11T14:56:32
40946086,2026-08-04,,,2026-08-11T14:56:32
40946088,2026-08-04,,,2026-08-11T14:56:32
40946092,2026-08-04,,,2026-08-11T14:56:32
40946095,2026-08-04,,,2026-08-14T16:46:14
40946097,2026-08-04,,,2026-08-11T14:56:33
40946100,2026-08-04,,,2026-08-11T14:56:33
40946102,2026-08-04,,,2026-08-11T14:56:33
40946104,2026-08-04,,,2026-08-11T14:56:33
40946107,2026-08-04,,,2026-08-11T14:56:33
40946110,2026-08-04,,,2026-08-11T14:56:33
40946113,2026-08-04,2026-08-24,,2026-08-24T23:07:31
40946116,2026-08-04,,,2026-08-11T14:56:34
40946118,2026-08-04,,,2026-08-11T14:56:34
40946123,2026-08-04,,,2026-08-11T14:56:34
40946125,2026-08-04,,,2026-08-11T14:56:34
40946128,2026-08-04,,,2026-08-11T14:56:34
40946131,2026-08-04,,,2026-08-11T14:56:34
40946134,2026-08-04,,,2026-08-11T14:56:34
40946137,2026-08-04,,,2026-08-11T14:56:34
40946139,2026-08-04,,,2026-08-11T14:56:35
40946140,2026-08-04,,,2026-08-11T14:56:35
40946144,2026-08-04,2026-08-05,,2026-08-11T14:56:35
40946147,2026-08-04,,,2026-08-11T14:56:35
40946150,2026-08-04,,,2026-08-11T14:56:35
40946156,2026-08-04,,,2026-08-11T14:56:35
40946161,2026-08-04,,,2026-08-11T14:56:35
40946167,2026-08-04,,,2026-08-11T14:56:35
40946169,2026-08-04,,,2026-08-11T14:56:35
40946174,2026-08-04,,,2026-08-11T14:56:36
40946178,2026-08-04,,,2026-08-11T14:56:36
40946183,2026-08-04,,,2026-08-11T14:56:36
40946188,2026-08-04,,,2026-08-11T14:56:36
40946193,2026-08-04,2026-08-14,,2026-08-16T06:01:47
40946200,2026-08-04,,,2026-08-11T14:56:36
40946202,2026-08-04,,,2026-08-11T14:56:36
40946207,2026-08-04,,,2026-08-11T14:56:37
40946212,2026-08-04,,,2026-08-11T14:56:37
40946218,2026-08-04,2026-08-14,,2026-08-16T04:23:56
40946220,2026-08-04,,,2026-08-11T14:56:37
40946223,2026-08-04,2026-08-11,,2026-08-13T07:02:01
40946226,2026-08-04,,,2026-08-11T14:56:37
40946229,2026-08-04,,,2026-08-11T14:56:37
40946235,2026-08-04,,,2026-08-11T14:56:37
40946237,2026-08-04,,,2026-08-11T14:56:37
40946241,2026-08-04,,,2026-08-11T14:56:38
40946243,2026-08-04,,,2026-08-11T14:56:38
40946245,2026-08-04,,,2026-08-11T14:56:38
40946246,2026-08-04,,,2026-08-11T14:56:38
40946247,2026-08-04,,,2026-08-11T14:56:38
40946249,2026-08-04,,,2026-08-11T14:56:38
40946251,2026-08-04,2026-08-24,,2026-08-24T22:37:10
40946256,2026-08-04,,,2026-08-11T14:56:38
40946258,2026-08-04,,,2026-08-11T14:56:39
40946261,2026-08-04,,,2026-08-18T23:58:26
40946263,2026-08-04,,,2026-08-11T14:56:39
40946267,2026-08-04,,,2026-08-11T14:56:39
40946271,2026-08-04,,,2026-08-11T14:56:39
40946274,2026-08-04,2026-08-19,,2026-08-21T07:15:21
40946276,2026-08-04,,,2026-08-11T14:56:39
40946280,2026-08-04,,,2026-08-11T14:56:40
40946282,2026-08-04,,,2026-08-11T14:56:40
40946286,2026-08-04,,,2026-08-11T14:56:40
40946296,2026-08-04,,,2026-08-11T14:56:40
40946300,2026-08-04,,,2026-08-11T14:56:40
40946303,2026-08-04,,,2026-08-11T14:56:40
40946306,2026-08-04,2026-08-05,,2026-08-11T14:56:40
40946311,2026-08-04,,,2026-08-11T14:56:40
40946314,2026-08-04,,,2026-08-11T14:56:40
40946316,2026-08-04,,,2026-08-11T14:56:41
40946321,2026-08-04,,,2026-08-11T14:56:41
40946325,2026-08-04,,,2026-08-11T14:56:41
40946329,2026-08-04,,,2026-08-11T14:56:41
40946334,2026-08-04,,,2026-08-11T14:56:41
40946339,2026-08-04,,,2026-08-11T14:56:41
40946341,2026-08-04,,,2026-08-11T14:56:41
40946343,2026-08-04,,,2026-08-11T14:56:42
40946344,2026-08-04,,,2026-08-11T14:56:42
40946351,2026-08-04,,,2026-08-11T14:56:42
40946357,2026-08-04,,,2026-08-11T14:56:42
40946363,2026-08-04,,,2026-08-11T14:56:42
40946368,2026-08-04,,,2026-08-11T14:56:42
40946370,2026-08-04,,,2026-08-11T14:56:42
40946373,2026-08-04,,,2026-08-11T14:56:42
40946374,2026-08-04,,,2026-08-11T14:56:42
40946376,2026-08-04,,,2026-08-11T14:56:43
40946378,2026-08-04,,,2026-08-11T14:56:43
40946380,2026-08-04,,,2026-08-11T14:56:43
40946386,2026-08-04,,,2026-08-11T14:56:43
40946389,2026-08-04,,,2026-08-11T14:56:43
40946391,2026-08-04,,,2026-08-11T14:56:43
40946394,2026-08-04,,,2026-08-11T14:56:43
40946398,2026-08-04,2026-08-22,,2026-08-23T07:12:15
40946403,2026-08-04,,,2026-08-11T14:56:43
40946406,2026-08-04,,,2026-08-11T14:56:44
40946409,2026-08-04,,,2026-08-11T14:56:44
40946416,2026-08-04,,,2026-08-11T14:56:44
40946418,2026-08-04,,,2026-08-14T20:58:44
40946421,2026-08-04,,,2026-08-11T14:56:44
40946425,2026-08-04,,,2026-08-11T14:56:44
40946429,2026-08-04,,,2026-08-11T14:56:45
40946433,2026-08-04,2026-08-15,,2026-08-17T07:08:57
40946438,2026-08-04,,,2026-08-11T14:56:45
40946440,2026-08-04,,,2026-08-11T14:56:45
40946444,2026-08-04,,,2026-08-11T14:56:45
40946446,2026-08-04,,,2026-08-11T14:56:45
40946452,2026-08-04,,,2026-08-11T14:56:45
40946456,2026-08-04,,,2026-08-11T14:56:45
40946460,2026-08-04,2026-08-08,,2026-08-11T14:56:45
40946461,2026-08-04,,,2026-08-11T14:56:46
40946464,2026-08-04,,,2026-08-11T14:56:46
40946465,2026-08-04,,,2026-08-11T14:56:46
40946467,2026-08-04,,,2026-08-11T14:56:46
40946472,2026-08-04,,,2026-08-11T14:56:46
40946474,2026-08-04,,,2026-08-11T14:56:46
40946476,2026-08-04,,,2026-08-11T14:56:46
40946478,2026-08-04,,,2026-08-11T14:56:47
40946479,2026-08-04,,,2026-08-11T14:56:47
40946483,2026-08-04,,,2026-08-11T14:56:47
40946485,2026-08-04,,,2026-08-11T14:56:47
40946490,2026-08-04,,,2026-08-11T14:56:47
40946497,2026-08-04,2026-08-24,,2026-08-24T16:31:05
40946498,2026-08-04,,,2026-08-11T14:56:47
40946500,2026-08-04,,,2026-08-11T14:56:47
40946502,2026-08-04,2026-08-05,,2026-08-11T14:56:48
40946505,2026-08-04,,,2026-08-11T14:56:48
40946508,2026-08-04,,,2026-08-11T14:56:48
40946512,2026-08-04,,,2026-08-11T14:56:48
40946514,2026-08-04,,,2026-08-11T14:56:48
40946518,2026-08-04,,,2026-08-11T14:56:48
40946524,2026-08-04,,,2026-08-11T14:56:48
40946530,2026-08-04,2026-08-11,,2026-08-12T07:15:40
40946532,2026-08-04,,,2026-08-11T14:56:48
40946535,2026-08-04,,,2026-08-11T14:56:49
40946536,2026-08-04,,,2026-08-11T14:56:49
40946538,2026-08-04,,,2026-08-11T14:56:49
40946539,2026-08-04,,,2026-08-11T14:56:49
40946543,2026-08-04,,,2026-08-11T14:56:49
40946547,2026-08-04,,,2026-08-11T14:56:49
40946551,2026-08-04,,,2026-08-11T14:56:49
40946554,2026-08-04,,,2026-08-11T14:56:49
40946555,2026-08-04,,,2026-08-11T14:56:50
40946557,2026-08-04,,,2026-08-11T14:56:50
40946560,2026-08-04,,,2026-08-11T14:56:50
40946566,2026-08-04,,,2026-08-11T14:56:50
40946571,2026-08-04,,,2026-08-11T14:56:50
40946573,2026-08-04,,,2026-08-11T14:56:50
40946575,2026-08-04,2026-08-11,,2026-08-13T05:10:43
40946579,2026-08-04,,,2026-08-11T14:56:50
40946580,2026-08-04,,,2026-08-11T14:56:51
40946582,2026-08-04,,,2026-08-11T14:56:51
40946586,2026-08-04,2026-08-22,,2026-08-24T06:01:09
40946589,2026-08-04,,,2026-08-11T14:56:51
40946591,2026-08-04,2026-08-15,,2026-08-17T07:10:20
40946594,2026-08-04,2026-08-13,,2026-08-14T04:09:47
40946596,2026-08-04,,,2026-08-11T14:56:51
40946601,2026-08-04,2026-08-07,,2026-08-11T14:56:51
40946604,2026-08-04,,,2026-08-11T14:56:52
40946649,2026-08-04,,,2026-08-11T14:56:52
40946651,2026-08-04,,,2026-08-11T14:56:52
40946654,2026-08-04,,,2026-08-11T14:56:52
40946657,2026-08-04,,,2026-08-11T14:56:52
40946661,2026-08-04,,,2026-08-11T14:56:52
40946663,2026-08-04,,,2026-08-11T14:56:52
40946665,2026-08-04,,,2026-08-11T14:56:52
40946666,2026-08-04,,,2026-08-11T14:56:52
40946669,2026-08-04,,,2026-08-16T20:41:47
40946671,2026-08-04,,,2026-08-11T14:56:53
40946673,2026-08-04,,,2026-08-11T14:56:53
40946676,2026-08-04,,,2026-08-11T14:56:53
40946680,2026-08-04,,,2026-08-11T14:56:53
40947021,2026-08-04,,,2026-08-11T14:56:53
40947024,2026-08-04,,,2026-08-11T14:56:54
40947026,2026-08-04,,,2026-08-11T14:56:54
40947031,2026-08-04,,,2026-08-11T14:56:54
40947032,2026-08-04,,,2026-08-11T14:56:54
40947037,2026-08-04,,,2026-08-11T14:56:54
40947038,2026-08-04,,,2026-08-11T14:56:54
40947042,2026-08-04,,,2026-08-11T14:56:54
40948057,2026-08-04,2026-08-11,,2026-08-13T05:09:55
40948229,2026-08-04,,,2026-08-11T14:56:55
40948661,2026-08-04,2026-08-16,,2026-08-18T05:06:55
40948750,2026-08-04,2026-08-24,,2026-08-24T14:05:30
40949036,2026-08-04,2026-08-10,,2026-08-11T14:56:55
40949488,2026-08-04,,,2026-08-11T14:56:55
40950810,2026-08-04,2026-08-20,,2026-08-22T05:10:56
40951392,2026-08-04,2026-08-25,,2026-08-25T01:23:30
40951561,2026-08-04,2026-08-05,,2026-08-11T14:56:56
40951712,2026-08-04,2026-08-15,,2026-08-17T04:08:59
40954233,2026-08-05,2026-08-24,,2026-08-24T21:44:10
40955411,2026-08-05,2026-08-24,,2026-08-24T17:32:38
40955452,2026-08-05,2026-08-10,,2026-08-12T04:12:23
40959811,2026-08-05,,,2026-08-11T14:56:56
40959813,2026-08-05,,,2026-08-11T14:56:57
40959818,2026-08-05,,,2026-08-11T14:56:57
40959822,2026-08-05,,,2026-08-11T14:56:57
40959825,2026-08-05,,,2026-08-11T14:56:57
40959832,2026-08-05,,,2026-08-11T14:56:57
40959833,2026-08-05,,,2026-08-11T14:56:57
40959836,2026-08-05,,,2026-08-11T14:56:58
40959846,2026-08-05,,,2026-08-11T14:56:58
40964570,2026-08-05,2026-08-08,,2026-08-11T14:56:58
40966071,2026-08-05,,,2026-08-11T14:56:58
40966968,2026-08-05,2026-08-24,,2026-08-24T18:54:39
40967166,2026-08-05,2026-08-09,,2026-08-11T14:56:59
40971126,2026-08-05,2026-08-08,,2026-08-11T14:56:59
40971153,2026-08-05,2026-08-20,,2026-08-22T05:11:48
40971187,2026-08-05,2026-08-25,,2026-08-25T05:24:19
40971212,2026-08-05,2026-08-20,,2026-08-22T04:15:38
40971411,2026-08-06,,,2026-08-11T14:56:59
40971666,2026-08-06,2026-08-07,,2026-08-11T14:56:59
40972203,2026-08-06,2026-08-23,,2026-08-25T05:01:17
40972777,2026-08-06,2026-08-18,,2026-08-19T07:11:45
40976326,2026-08-06,,,2026-08-11T14:57:00
40976360,2026-08-06,,,2026-08-11T14:57:00
40976363,2026-08-06,,,2026-08-11T14:57:00
40976369,2026-08-06,,,2026-08-11T14:57:00
40976375,2026-08-06,,,2026-08-11T14:57:00
40976378,2026-08-06,,,2026-08-11T14:57:00
40977228,2026-08-06,,,2026-08-11T14:57:01
40977596,2026-08-06,2026-08-09,,2026-08-11T14:57:01
40979668,2026-08-06,2026-08-23,,2026-08-25T04:10:20
40979999,2026-08-06,2026-08-21,,2026-08-23T07:12:40
40980364,2026-08-06,2026-08-12,,2026-08-13T04:24:52
40981477,2026-08-06,,,2026-08-11T14:57:01
40982171,2026-08-06,2026-08-09,,2026-08-11T14:57:01
40982321,2026-08-06,,,2026-08-11T14:57:01
40982716,2026-08-06,,,2026-08-11T14:57:02
40983290,2026-08-06,2026-08-10,,2026-08-12T05:07:42
40983299,2026-08-06,,,2026-08-11T14:57:02
40984293,2026-08-06,2026-08-19,,2026-08-21T04:07:55
40984702,2026-08-06,2026-08-12,,2026-08-18T00:06:40
40985332,2026-08-06,2026-08-16,,2026-08-18T07:06:59
40985759,2026-08-06,,,2026-08-11T14:57:02
40985870,2026-08-06,,,2026-08-11T14:57:03
40986879,2026-08-06,2026-08-24,,2026-08-24T19:51:42
40987420,2026-08-06,2026-08-25,,2026-08-25T01:31:25
40987553,2026-08-06,2026-08-23,,2026-08-23T22:47:39
40987614,2026-08-06,2026-08-24,,2026-08-25T06:02:17
40988402,2026-08-06,2026-08-06,,2026-08-11T14:57:03
40988843,2026-08-06,2026-08-20,,2026-08-22T05:08:52
40988885,2026-08-06,2026-08-21,,2026-08-23T07:11:18
40989152,2026-08-06,2026-08-24,,2026-08-24T08:09:05
40990404,2026-08-07,2026-08-24,,2026-08-24T12:51:47
40990419,2026-08-07,,,2026-08-11T14:57:04
40990648,2026-08-07,2026-08-23,,2026-08-24T04:04:50
40990669,2026-08-07,2026-08-22,,2026-08-24T04:13:21
40990817,2026-08-07,2026-08-24,,2026-08-24T22:25:14
40994648,2026-08-07,,,2026-08-11T14:57:04
40994656,2026-08-07,,,2026-08-11T14:57:05
40994658,2026-08-07,,,2026-08-11T14:57:05
40994662,2026-08-07,,,2026-08-11T14:57:05
40994665,2026-08-07,,,2026-08-11T14:57:05
40994666,2026-08-07,,,2026-08-11T14:57:05
40994668,2026-08-07,,,2026-08-11T14:57:05
40999838,2026-08-07,2026-08-25,,2026-08-25T03:04:09
41000877,2026-08-07,2026-08-22,,2026-08-24T04:09:46
41001266,2026-08-07,,,2026-08-11T14:57:06
41001604,2026-08-07,2026-08-23,,2026-08-25T04:03:09
41001681,2026-08-07,2026-08-10,,2026-08-12T07:02:27
41001817,2026-08-07,2026-08-22,,2026-08-24T06:01:40
41001944,2026-08-07,2026-08-15,,2026-08-17T04:07:32
41002508,2026-08-07,2026-08-07,,2026-08-11T14:57:06
41003332,2026-08-07,2026-08-07,,2026-08-11T14:57:06
41003498,2026-08-07,,,2026-08-11T14:57:06
41003919,2026-08-07,2026-08-10,,2026-08-11T14:57:07
41004537,2026-08-07,2026-08-17,,2026-08-19T04:11:55
41004575,2026-08-07,2026-08-12,,2026-08-14T07:16:11
41005330,2026-08-07,2026-08-07,,2026-08-11T14:57:07
41005586,2026-08-07,2026-08-09,,2026-08-11T14:57:07
41005887,2026-08-07,2026-08-16,,2026-08-18T04:06:41
41006511,2026-08-07,2026-08-09,,2026-08-11T14:57:08
41006873,2026-08-08,2026-08-08,,2026-08-11T14:57:08
41006891,2026-08-08,2026-08-23,,2026-08-25T05:05:36
41007157,2026-08-08,2026-08-08,,2026-08-11T14:57:08
41007184,2026-08-08,2026-08-22,,2026-08-23T04:04:42
41007791,2026-08-08,2026-08-23,,2026-08-24T04:07:40
41009828,2026-08-08,2026-08-11,,2026-08-13T04:11:22
41010663,2026-08-08,2026-08-09,,2026-08-11T14:57:09
41010675,2026-08-08,,,2026-08-11T14:57:09
41010677,2026-08-08,,,2026-08-11T14:57:09
41010679,2026-08-08,,,2026-08-11T14:57:09
41010680,2026-08-08,,,2026-08-11T14:57:09
41010681,2026-08-08,,,2026-08-11T14:57:09
41010685,2026-08-08,,,2026-08-11T14:57:09
41010689,2026-08-08,,,2026-08-11T14:57:10
41010690,2026-08-08,,,2026-08-11T14:57:10
41010823,2026-08-08,,,2026-08-11T14:57:10
41010851,2026-08-08,2026-08-10,,2026-08-11T14:57:10
41010936,2026-08-08,2026-08-18,,2026-08-20T07:14:40
41012043,2026-08-08,2026-08-08,,2026-08-11T14:57:10
41013596,2026-08-08,2026-08-24,,2026-08-24T12:34:32
41016945,2026-08-08,2026-08-15,,2026-08-16T05:06:44
41017740,2026-08-08,2026-08-24,,2026-08-24T19:26:54
41017788,2026-08-08,,,2026-08-11T14:57:11
41018061,2026-08-08,,,2026-08-11T14:57:12
41018150,2026-08-08,2026-08-08,,2026-08-11T14:57:12
41018153,2026-08-08,2026-08-16,,2026-08-18T04:02:49
41018604,2026-08-08,2026-08-10,,2026-08-12T07:10:36
41018650,2026-08-08,2026-08-12,,2026-08-14T07:02:15
41019068,2026-08-08,,,2026-08-11T14:57:12
41019092,2026-08-08,2026-08-12,,2026-08-14T05:06:02
41019646,2026-08-08,2026-08-08,,2026-08-11T14:57:13
41020033,2026-08-08,2026-08-18,,2026-08-20T04:13:57
41022058,2026-08-09,2026-08-23,,2026-08-25T05:02:15
41023066,2026-08-09,2026-08-24,,2026-08-24T14:51:10
41023856,2026-08-09,,,2026-08-11T14:57:13
41023858,2026-08-09,,,2026-08-11T14:57:13
41023859,2026-08-09,,,2026-08-11T14:57:13
41023861,2026-08-09,,,2026-08-11T14:57:14
41023863,2026-08-09,,,2026-08-11T14:57:14
41023864,2026-08-09,,,2026-08-11T14:57:14
41023866,2026-08-09,,,2026-08-11T14:57:14
41023868,2026-08-09,,,2026-08-11T14:57:14
41023871,2026-08-09,,,2026-08-11T14:57:15
41025944,2026-08-09,2026-08-09,,2026-08-11T14:57:15
41027267,2026-08-09,2026-08-09,,2026-08-11T14:57:15
41027597,2026-08-09,2026-08-23,,2026-08-24T07:12:39
41027705,2026-08-09,2026-08-09,,2026-08-11T14:57:15
41028006,2026-08-09,2026-08-25,,2026-08-25T01:35:33
41028615,2026-08-09,2026-08-09,,2026-08-11T14:57:15
41028626,2026-08-09,,,2026-08-11T14:57:16
41028890,2026-08-09,2026-08-10,,2026-08-12T04:05:13
41028937,2026-08-09,2026-08-13,,2026-08-15T04:13:16
41029038,2026-08-09,2026-08-21,,2026-08-23T04:10:31
41029174,2026-08-09,2026-08-24,,2026-08-24T18:56:50
41029701,2026-08-09,2026-08-20,,2026-08-22T05:07:04
41030018,2026-08-09,2026-08-18,,2026-08-20T04:08:18
41030066,2026-08-09,2026-08-23,,2026-08-24T04:06:54
41031151,2026-08-09,2026-08-21,,2026-08-22T04:01:57
41032236,2026-08-09,2026-08-10,,2026-08-12T07:04:38
41032398,2026-08-09,2026-08-13,,2026-08-15T11:06:25
41033453,2026-08-10,2026-08-25,,2026-08-25T03:53:30
41033630,2026-08-10,2026-08-21,,2026-08-23T05:03:34
41033656,2026-08-10,2026-08-17,,2026-08-19T04:12:36
41033710,2026-08-10,2026-08-10,,2026-08-11T14:57:18
41033722,2026-08-10,2026-08-21,,2026-08-22T05:06:06
41034946,2026-08-10,2026-08-10,,2026-08-12T07:05:18
41036621,2026-08-10,2026-08-19,,2026-08-20T07:04:35
41037321,2026-08-10,2026-08-24,,2026-08-24T10:35:29
41038088,2026-08-10,2026-08-14,,2026-08-16T05:09:47
41038142,2026-08-10,,,2026-08-11T14:57:18
41038149,2026-08-10,,,2026-08-11T14:57:18
41038156,2026-08-10,,,2026-08-15T18:43:07
41038158,2026-08-10,,,2026-08-11T14:57:18
41040781,2026-08-10,2026-08-10,,2026-08-12T07:06:05
41043868,2026-08-10,2026-08-24,,2026-08-25T05:38:05
41044726,2026-08-10,2026-08-15,,2026-08-17T04:10:29
41045769,2026-08-10,2026-08-19,,2026-08-21T05:04:43
41045969,2026-08-10,2026-08-24,,2026-08-24T14:06:04
41046224,2026-08-10,,,2026-08-11T14:57:19
41046915,2026-08-10,,,2026-08-11T14:57:19
41047067,2026-08-10,2026-08-10,,2026-08-12T07:09:06
41047460,2026-08-10,2026-08-25,,2026-08-25T02:56:54
41047490,2026-08-10,2026-08-10,,2026-08-12T07:09:35
41049011,2026-08-10,2026-08-21,,2026-08-22T07:00:47
41049220,2026-08-10,2026-08-12,,2026-08-14T07:04:33
41049947,2026-08-10,2026-08-22,,2026-08-23T04:24:52
41050602,2026-08-10,2026-08-14,,2026-08-16T07:03:30
41051140,2026-08-10,2026-08-24,,2026-08-24T16:55:20
41051437,2026-08-10,2026-08-24,,2026-08-24T00:40:53
41052648,2026-08-11,,,2026-08-11T14:57:21
41056199,2026-08-11,2026-08-16,,2026-08-18T04:05:40
41057922,2026-08-11,,,2026-08-11T14:57:21
41057924,2026-08-11,,,2026-08-11T14:57:21
41057931,2026-08-11,,,2026-08-11T14:57:21
41057933,2026-08-11,,,2026-08-11T14:57:21
41057936,2026-08-11,,,2026-08-11T14:57:21
41057939,2026-08-11,,,2026-08-11T14:57:21
41058437,2026-08-11,2026-08-18,,2026-08-20T04:11:12
41062045,2026-08-11,2026-08-23,,2026-08-24T22:01:56
41062658,2026-08-11,2026-08-25,,2026-08-25T00:07:21
41062684,2026-08-11,2026-08-19,,2026-08-21T08:31:18
41063469,2026-08-11,2026-08-18,,2026-08-20T04:09:30
41065954,2026-08-11,2026-08-24,,2026-08-24T22:31:42
41066251,2026-08-11,2026-08-15,,2026-08-17T05:05:11
41066345,2026-08-11,,,2026-08-11T16:20:56
41066671,2026-08-11,2026-08-22,,2026-08-24T05:06:09
41067690,2026-08-11,2026-08-15,,2026-08-17T07:07:05
41068670,2026-08-11,2026-08-11,,2026-08-13T07:13:07
41069969,2026-08-11,2026-08-24,,2026-08-24T18:41:54
41070374,2026-08-11,2026-08-11,,2026-08-13T07:14:25
41070801,2026-08-11,,,2026-08-11T22:14:07
41071275,2026-08-11,2026-08-22,,2026-08-24T07:00:34
41071611,2026-08-11,2026-08-22,,2026-08-24T06:02:40
41072959,2026-08-12,,,2026-08-12T02:27:52
41073083,2026-08-12,2026-08-22,,2026-08-24T05:06:57
41074274,2026-08-12,2026-08-18,,2026-08-20T05:08:06
41076306,2026-08-12,2026-08-14,,2026-08-16T07:04:42
41077465,2026-08-12,,,2026-08-12T08:00:30
41077469,2026-08-12,,,2026-08-12T08:00:37
41077471,2026-08-12,,,2026-08-12T08:00:44
41077472,2026-08-12,,,2026-08-12T08:00:51
41077476,2026-08-12,,,2026-08-12T08:00:59
41077479,2026-08-12,,,2026-08-12T08:01:06
41077484,2026-08-12,,,2026-08-12T08:01:27
41077488,2026-08-12,,,2026-08-12T08:01:33
41082556,2026-08-12,2026-08-13,,2026-08-15T07:06:53
41083694,2026-08-12,,,2026-08-12T13:48:42
41083827,2026-08-12,2026-08-25,,2026-08-25T02:03:48
41084696,2026-08-12,2026-08-21,,2026-08-23T05:10:16
41090779,2026-08-12,2026-08-23,,2026-08-25T06:00:49
41091042,2026-08-12,2026-08-20,,2026-08-22T07:11:29
41091247,2026-08-12,2026-08-24,,2026-08-24T23:46:41
41091372,2026-08-12,2026-08-13,,2026-08-15T07:14:46
41091591,2026-08-12,2026-08-15,,2026-08-18T22:57:55
41092159,2026-08-12,2026-08-22,,2026-08-24T04:12:12
41092291,2026-08-12,2026-08-18,,2026-08-20T05:08:48
41092761,2026-08-12,2026-08-21,,2026-08-23T04:11:01
41092787,2026-08-12,2026-08-24,,2026-08-24T15:56:37
41094264,2026-08-13,2026-08-16,,2026-08-18T05:06:02
41094439,2026-08-13,2026-08-23,,2026-08-25T04:05:20
41094855,2026-08-13,,,2026-08-15T10:45:38
41094884,2026-08-13,2026-08-13,,2026-08-15T10:45:39
41095039,2026-08-13,2026-08-24,,2026-08-24T18:38:38
41097400,2026-08-13,,,2026-08-15T10:45:39
41098021,2026-08-13,,,2026-08-15T10:45:40
41098022,2026-08-13,,,2026-08-15T10:45:40
41098024,2026-08-13,,,2026-08-15T10:45:41
41098028,2026-08-13,,,2026-08-15T10:45:41
41098030,2026-08-13,,,2026-08-15T10:45:41
41098032,2026-08-13,,,2026-08-15T10:45:41
41098035,2026-08-13,,,2026-08-15T10:45:42
41098039,2026-08-13,,,2026-08-15T10:45:42
41098042,2026-08-13,,,2026-08-15T10:45:43
41098045,2026-08-13,,,2026-08-15T10:45:43
41098125,2026-08-13,,,2026-08-15T10:45:43
41102240,2026-08-13,,,2026-08-15T10:45:44
41102459,2026-08-13,,,2026-08-15T10:45:44
41102574,2026-08-13,2026-08-13,,2026-08-15T10:45:45
41103701,2026-08-13,2026-08-18,,2026-08-20T07:12:53
41104448,2026-08-13,2026-08-15,,2026-08-17T16:40:11
41106129,2026-08-13,2026-08-17,,2026-08-19T04:12:00
41106521,2026-08-13,2026-08-16,,2026-08-18T04:07:40
41107147,2026-08-13,2026-08-22,,2026-08-24T07:09:43
41107372,2026-08-13,2026-08-23,,2026-08-25T04:07:07
41108115,2026-08-13,,,2026-08-19T05:47:45
41108421,2026-08-13,2026-08-25,,2026-08-25T04:13:08
41108760,2026-08-13,2026-08-22,,2026-08-23T07:14:47
41109051,2026-08-13,2026-08-18,,2026-08-19T04:12:55
41109559,2026-08-13,2026-08-24,,2026-08-24T23:24:34
41110283,2026-08-14,2026-08-16,,2026-08-18T07:02:22
41110297,2026-08-14,,,2026-08-15T10:45:50
41111537,2026-08-14,2026-08-19,,2026-08-23T04:40:29
41111669,2026-08-14,,,2026-08-15T10:45:51
41111680,2026-08-14,2026-08-17,,2026-08-19T05:04:28
41111713,2026-08-14,2026-08-16,,2026-08-18T06:01:19
41112366,2026-08-14,2026-08-19,,2026-08-23T04:40:29
41113731,2026-08-14,2026-08-23,,2026-08-23T14:02:55
41114274,2026-08-14,,,2026-08-15T10:45:52
41114276,2026-08-14,,,2026-08-15T10:45:53
41114279,2026-08-14,,,2026-08-15T10:45:53
41114280,2026-08-14,,,2026-08-15T10:45:53
41114281,2026-08-14,,,2026-08-15T10:45:54
41114282,2026-08-14,,,2026-08-15T10:45:54
41114284,2026-08-14,,,2026-08-15T10:45:54
41114286,2026-08-14,,,2026-08-20T12:56:04
41114287,2026-08-14,,,2026-08-15T10:45:55
41114288,2026-08-14,,,2026-08-15T10:45:55
41115910,2026-08-14,2026-08-16,,2026-08-18T07:03:58
41116615,2026-08-14,,,2026-08-15T10:45:56
41119007,2026-08-14,2026-08-24,,2026-08-24T13:59:34
41120023,2026-08-14,,,2026-08-15T10:45:57
41120151,2026-08-14,,,2026-08-15T10:45:57
41120191,2026-08-14,2026-08-14,,2026-08-17T22:52:27
41120507,2026-08-14,,,2026-08-15T10:45:58
41121055,2026-08-14,2026-08-20,,2026-08-22T05:07:16
41121522,2026-08-14,2026-08-15,,2026-08-16T07:14:11
41121591,2026-08-14,2026-08-14,,2026-08-16T07:15:18
41121602,2026-08-14,2026-08-21,,2026-08-23T04:40:29
41122840,2026-08-14,2026-08-15,,2026-08-17T07:04:40
41122894,2026-08-14,2026-08-15,,2026-08-17T07:04:39
41123089,2026-08-14,2026-08-22,,2026-08-24T07:03:22
41123618,2026-08-14,2026-08-22,,2026-08-23T07:02:56
41123625,2026-08-14,2026-08-14,,2026-08-16T07:15:39
41123846,2026-08-14,,,2026-08-15T10:46:02
41123978,2026-08-14,2026-08-24,,2026-08-24T14:01:43
41125344,2026-08-15,2026-08-18,,2026-08-23T04:40:29
41125761,2026-08-15,2026-08-18,,2026-08-23T04:40:30
41127401,2026-08-15,2026-08-15,,2026-08-18T22:58:07
41127674,2026-08-15,2026-08-15,,2026-08-17T07:05:24
41128625,2026-08-15,,,2026-08-15T10:46:05
41128626,2026-08-15,,,2026-08-15T10:46:05
41128628,2026-08-15,,,2026-08-15T10:46:06
41128631,2026-08-15,,,2026-08-15T10:46:06
41128636,2026-08-15,,,2026-08-15T10:46:07
41128641,2026-08-15,,,2026-08-15T10:46:07
41128650,2026-08-15,,,2026-08-15T10:46:07
41128657,2026-08-15,,,2026-08-15T10:46:08
41132722,2026-08-15,2026-08-15,,2026-08-17T07:07:07
41133948,2026-08-15,2026-08-21,,2026-08-23T05:10:53
41134137,2026-08-15,2026-08-23,,2026-08-25T04:08:23
41134754,2026-08-15,,,2026-08-15T17:10:04
41135833,2026-08-15,2026-08-24,,2026-08-24T11:27:57
41135981,2026-08-15,,,2026-08-15T19:40:04
41136351,2026-08-15,2026-08-19,,2026-08-23T04:40:31
41136925,2026-08-15,2026-08-21,,2026-08-23T04:40:33
41137037,2026-08-15,,,2026-08-15T22:40:03
41137574,2026-08-16,,,2026-08-21T07:07:18
41137810,2026-08-16,2026-08-22,,2026-08-24T04:14:09
41137896,2026-08-16,2026-08-21,,2026-08-23T04:13:25
41138427,2026-08-16,2026-08-24,,2026-08-24T15:02:54
41138507,2026-08-16,2026-08-25,,2026-08-25T03:12:06
41140319,2026-08-16,,,2026-08-16T08:40:03
41140323,2026-08-16,,,2026-08-16T08:40:04
41140326,2026-08-16,,,2026-08-16T08:40:04
41140328,2026-08-16,,,2026-08-16T08:40:05
41140330,2026-08-16,,,2026-08-16T08:40:05
41140333,2026-08-16,,,2026-08-16T08:40:05
41140337,2026-08-16,,,2026-08-16T08:40:06
41140341,2026-08-16,,,2026-08-16T08:40:06
41140342,2026-08-16,,,2026-08-16T08:40:07
41141560,2026-08-16,2026-08-24,,2026-08-24T16:03:14
41141636,2026-08-16,,,2026-08-16T11:10:03
41141638,2026-08-16,2026-08-25,,2026-08-25T01:49:50
41141639,2026-08-16,,,2026-08-16T11:10:04
41142597,2026-08-16,2026-08-19,,2026-08-23T04:40:33
41145824,2026-08-16,2026-08-25,,2026-08-25T05:51:00
41146381,2026-08-16,,,2026-08-16T19:10:04
41146440,2026-08-16,2026-08-24,,2026-08-24T16:31:16
41148004,2026-08-16,2026-08-23,,2026-08-25T05:02:42
41148133,2026-08-16,2026-08-22,,2026-08-24T07:06:41
41148275,2026-08-16,2026-08-17,,2026-08-19T07:05:01
41149008,2026-08-17,2026-08-24,,2026-08-24T23:37:51
41149245,2026-08-17,2026-08-17,,2026-08-19T07:05:23
41149543,2026-08-17,2026-08-21,,2026-08-23T07:12:21
41149749,2026-08-17,2026-08-17,,2026-08-18T07:12:05
41150147,2026-08-17,2026-08-18,,2026-08-23T04:40:33
41150738,2026-08-17,2026-08-22,,2026-08-24T05:03:43
41151007,2026-08-17,2026-08-17,,2026-08-18T07:13:01
41153426,2026-08-17,,,2026-08-17T08:40:04
41153429,2026-08-17,,,2026-08-17T08:40:05
41153430,2026-08-17,,,2026-08-17T08:40:05
41153432,2026-08-17,,,2026-08-17T08:40:05
41153436,2026-08-17,,,2026-08-17T08:40:06
41153440,2026-08-17,,,2026-08-17T08:40:06
41153444,2026-08-17,,,2026-08-17T08:40:07
41153446,2026-08-17,,,2026-08-17T08:40:08
41154217,2026-08-17,2026-08-17,,2026-08-19T07:06:38
41158833,2026-08-17,2026-08-21,,2026-08-23T04:40:34
41159507,2026-08-17,2026-08-24,,2026-08-24T05:02:02
41161551,2026-08-17,2026-08-17,,2026-08-23T04:40:34
41162194,2026-08-17,,,2026-08-17T17:10:04
41162260,2026-08-17,2026-08-19,,2026-08-23T04:40:35
41162897,2026-08-17,2026-08-23,,2026-08-25T04:08:00
41164645,2026-08-17,2026-08-21,,2026-08-23T05:05:47
41164940,2026-08-17,2026-08-20,,2026-08-23T04:40:36
41165491,2026-08-17,2026-08-24,,2026-08-24T15:37:05
41165519,2026-08-17,2026-08-20,,2026-08-23T04:40:36
41166254,2026-08-17,2026-08-17,,2026-08-23T04:40:37
41166720,2026-08-17,2026-08-22,,2026-08-24T04:12:12
41167343,2026-08-17,2026-08-24,,2026-08-24T17:55:49
41167385,2026-08-17,2026-08-24,,2026-08-24T22:58:03
41167758,2026-08-18,,,2026-08-18T01:10:04
41167845,2026-08-18,2026-08-18,,2026-08-23T04:40:38
41168686,2026-08-18,2026-08-18,,2026-08-23T04:40:38
41173000,2026-08-18,2026-08-22,,2026-08-24T05:03:52
41173417,2026-08-18,,,2026-08-18T08:40:05
41173424,2026-08-18,,,2026-08-18T08:40:05
41173430,2026-08-18,,,2026-08-18T08:40:06
41173433,2026-08-18,,,2026-08-18T08:40:06
41173435,2026-08-18,,,2026-08-18T08:40:07
41173437,2026-08-18,,,2026-08-18T08:40:07
41180164,2026-08-18,2026-08-24,,2026-08-24T13:35:16
41181029,2026-08-18,2026-08-23,,2026-08-24T07:02:18
41181534,2026-08-18,2026-08-24,,2026-08-25T04:04:21
41181691,2026-08-18,2026-08-19,,2026-08-21T07:06:30
41181821,2026-08-18,2026-08-20,,2026-08-23T04:40:38
41182176,2026-08-18,2026-08-24,,2026-08-24T17:31:10
41182230,2026-08-18,2026-08-24,,2026-08-24T17:56:34
41182686,2026-08-18,,,2026-08-18T17:40:03
41183588,2026-08-18,2026-08-24,,2026-08-24T18:02:32
41183606,2026-08-18,2026-08-25,,2026-08-25T00:39:53
41184973,2026-08-18,2026-08-20,,2026-08-22T07:04:05
41184981,2026-08-18,2026-08-21,,2026-08-23T04:40:39
41185750,2026-08-18,2026-08-19,,2026-08-23T04:40:40
41185810,2026-08-18,2026-08-25,,2026-08-25T05:20:43
41186187,2026-08-18,2026-08-20,,2026-08-22T04:06:23
41186575,2026-08-18,2026-08-24,,2026-08-24T18:17:15
41186912,2026-08-18,2026-08-22,,2026-08-23T07:03:26
41187135,2026-08-18,2026-08-24,,2026-08-24T15:42:52
41187950,2026-08-19,2026-08-22,,2026-08-23T05:10:14
41189060,2026-08-19,2026-08-19,,2026-08-23T04:40:41
41192463,2026-08-19,,,2026-08-19T08:40:04
41192470,2026-08-19,,,2026-08-19T08:40:05
41192472,2026-08-19,,,2026-08-19T08:40:05
41192474,2026-08-19,,,2026-08-19T08:40:06
41192478,2026-08-19,,,2026-08-19T08:40:06
41192482,2026-08-19,,,2026-08-19T08:40:06
41192487,2026-08-19,,,2026-08-19T08:40:07
41192489,2026-08-19,,,2026-08-19T08:40:07
41192493,2026-08-19,,,2026-08-19T08:40:08
41196217,2026-08-19,2026-08-23,,2026-08-24T04:10:08
41200204,2026-08-19,2026-08-25,,2026-08-25T02:31:40
41201752,2026-08-19,2026-08-22,,2026-08-23T07:04:00
41202454,2026-08-19,,,2026-08-19T19:40:05
41203158,2026-08-19,2026-08-19,,2026-08-21T07:14:24
41204181,2026-08-19,2026-08-25,,2026-08-25T04:10:07
41204237,2026-08-19,2026-08-25,,2026-08-25T05:43:12
41204816,2026-08-19,2026-08-25,,2026-08-25T00:20:13
41205383,2026-08-19,2026-08-20,,2026-08-23T04:40:42
41205436,2026-08-19,2026-08-19,,2026-08-23T04:40:42
41205586,2026-08-20,2026-08-22,,2026-08-23T07:10:11
41205876,2026-08-20,2026-08-20,,2026-08-23T04:40:43
41206237,2026-08-20,2026-08-25,,2026-08-25T05:10:05
41206267,2026-08-20,2026-08-20,,2026-08-23T04:40:43
41206725,2026-08-20,2026-08-20,,2026-08-23T04:40:43
41208324,2026-08-20,2026-08-20,,2026-08-21T07:18:34
41208780,2026-08-20,2026-08-21,,2026-08-23T07:04:35
41209068,2026-08-20,,,2026-08-20T06:40:05
41209069,2026-08-20,2026-08-21,,2026-08-23T07:04:35
41210672,2026-08-20,,,2026-08-20T08:10:05
41210778,2026-08-20,,,2026-08-20T08:40:05
41210781,2026-08-20,,,2026-08-20T08:40:05
41210793,2026-08-20,,,2026-08-20T08:40:05
41210798,2026-08-20,,,2026-08-20T08:40:06
41210806,2026-08-20,,,2026-08-20T08:40:06
41211075,2026-08-20,2026-08-23,,2026-08-24T06:10:06
41211638,2026-08-20,2026-08-22,,2026-08-23T07:04:40
41213258,2026-08-20,2026-08-24,,2026-08-24T19:53:43
41214245,2026-08-20,2026-08-23,,2026-08-25T05:01:39
41216012,2026-08-20,2026-08-24,,2026-08-24T16:15:25
41216119,2026-08-20,2026-08-24,,2026-08-25T04:10:07
41216934,2026-08-20,,,2026-08-20T14:10:04
41217004,2026-08-20,2026-08-22,,2026-08-23T05:10:16
41217280,2026-08-20,2026-08-24,,2026-08-24T17:59:25
41218094,2026-08-20,2026-08-24,,2026-08-24T23:37:28
41218266,2026-08-20,2026-08-23,,2026-08-23T13:48:39
41218439,2026-08-20,2026-08-23,,2026-08-25T05:05:53
41218984,2026-08-20,2026-08-25,,2026-08-25T03:47:38
41219071,2026-08-20,2026-08-21,,2026-08-22T07:10:10
41219463,2026-08-20,2026-08-25,,2026-08-25T02:22:54
41219798,2026-08-20,2026-08-20,,2026-08-23T04:40:46
41220029,2026-08-20,2026-08-21,,2026-08-22T07:10:49
41221634,2026-08-20,,,2026-08-20T20:10:05
41221794,2026-08-20,2026-08-24,,2026-08-24T17:09:24
41221871,2026-08-20,2026-08-24,,2026-08-24T22:53:01
41221874,2026-08-20,,,2026-08-20T20:10:06
41223233,2026-08-20,2026-08-25,,2026-08-25T00:56:05
41224774,2026-08-21,2026-08-22,,2026-08-24T04:09:14
41226112,2026-08-21,2026-08-23,,2026-08-25T04:10:33
41226819,2026-08-21,2026-08-24,,2026-08-24T14:01:30
41228794,2026-08-21,,,2026-08-21T08:40:04
41228797,2026-08-21,,,2026-08-21T08:40:04
41228803,2026-08-21,,,2026-08-21T08:40:05
41228804,2026-08-21,,,2026-08-21T08:40:05
41228808,2026-08-21,,,2026-08-21T08:40:06
41228811,2026-08-21,,,2026-08-21T08:40:06
41231485,2026-08-21,2026-08-24,,2026-08-24T09:56:13
41233834,2026-08-21,,,2026-08-21T13:40:16
41233906,2026-08-21,,,2026-08-21T13:40:16
41235339,2026-08-21,2026-08-24,,2026-08-25T05:07:12
41235510,2026-08-21,2026-08-23,,2026-08-24T07:04:23
41236157,2026-08-21,2026-08-24,,2026-08-24T23:22:49
41236795,2026-08-21,2026-08-24,,2026-08-24T06:54:31
41236907,2026-08-21,2026-08-22,,2026-08-24T07:05:05
41238401,2026-08-21,2026-08-24,,2026-08-25T04:10:08
41238902,2026-08-21,2026-08-23,,2026-08-23T22:47:39
41239044,2026-08-21,2026-08-24,,2026-08-25T05:06:33
41240339,2026-08-21,2026-08-24,,2026-08-24T14:32:43
41240347,2026-08-21,2026-08-21,,2026-08-23T07:13:43
41241265,2026-08-22,2026-08-22,,2026-08-23T07:14:40
41242132,2026-08-22,,,2026-08-22T03:10:06
41242286,2026-08-22,2026-08-25,,2026-08-25T05:21:31
41242310,2026-08-22,2026-08-24,,2026-08-24T07:10:06
41242596,2026-08-22,,,2026-08-22T04:40:05
41245562,2026-08-22,,,2026-08-22T08:40:04
41245565,2026-08-22,,,2026-08-22T08:40:05
41245568,2026-08-22,,,2026-08-22T08:40:05
41245571,2026-08-22,,,2026-08-22T08:40:06
41245575,2026-08-22,,,2026-08-22T08:40:06
41245584,2026-08-22,,,2026-08-22T08:40:07
41245585,2026-08-22,,,2026-08-22T08:40:07
41245588,2026-08-22,,,2026-08-22T08:40:07
41245590,2026-08-22,,,2026-08-22T08:40:08
41245597,2026-08-22,,,2026-08-22T08:40:08
41245601,2026-08-22,,,2026-08-22T08:40:08
41245602,2026-08-22,,,2026-08-22T08:40:09
41249502,2026-08-22,2026-08-24,,2026-08-24T15:10:19
41249604,2026-08-22,2026-08-22,,2026-08-24T07:07:19
41249990,2026-08-22,2026-08-24,,2026-08-25T05:10:06
41250561,2026-08-22,2026-08-22,,2026-08-24T07:07:08
41251546,2026-08-22,2026-08-25,,2026-08-25T06:02:43
41252006,2026-08-22,2026-08-25,,2026-08-25T01:49:38
41253241,2026-08-22,2026-08-24,,2026-08-24T07:09:19
41253649,2026-08-22,2026-08-23,,2026-08-23T20:45:21
41253989,2026-08-22,2026-08-23,,2026-08-24T06:10:08
41254153,2026-08-22,2026-08-24,,2026-08-24T17:07:14
41254887,2026-08-22,2026-08-23,,2026-08-24T07:11:49
41256004,2026-08-23,,,2026-08-23T02:10:05
41256031,2026-08-23,2026-08-23,,2026-08-23T13:58:57
41256250,2026-08-23,2026-08-25,,2026-08-25T03:22:35
41258453,2026-08-23,,,2026-08-23T08:40:05
41258456,2026-08-23,,,2026-08-23T08:40:06
41258458,2026-08-23,,,2026-08-23T08:40:06
41258459,2026-08-23,,,2026-08-23T08:40:06
41258461,2026-08-23,,,2026-08-23T08:40:07
41258462,2026-08-23,,,2026-08-23T08:40:07
41258464,2026-08-23,,,2026-08-23T08:40:07
41258630,2026-08-23,,,2026-08-23T08:40:08
41262256,2026-08-23,2026-08-25,,2026-08-25T05:15:37
41263201,2026-08-23,2026-08-24,,2026-08-24T17:30:16
41263621,2026-08-23,2026-08-23,,2026-08-25T04:08:24
41268107,2026-08-24,2026-08-24,,2026-08-24T01:10:05
41268533,2026-08-24,2026-08-24,,2026-08-25T04:10:10
41268705,2026-08-24,2026-08-25,,2026-08-25T01:40:08
41273853,2026-08-24,2026-08-24,,2026-08-24T13:08:11
41276699,2026-08-24,2026-08-25,,2026-08-25T05:08:29
41276702,2026-08-24,2026-08-24,,2026-08-24T23:23:58
41276708,2026-08-24,2026-08-25,,2026-08-25T00:02:11
41276712,2026-08-24,,,2026-08-24T11:40:10
41276717,2026-08-24,2026-08-24,,2026-08-24T20:49:00
41276723,2026-08-24,,,2026-08-24T11:40:11
41276726,2026-08-24,2026-08-24,,2026-08-25T04:10:12
41276734,2026-08-24,,,2026-08-24T11:40:11
41276738,2026-08-24,,,2026-08-24T11:40:12
41276740,2026-08-24,,,2026-08-24T11:40:12
41279313,2026-08-24,2026-08-24,,2026-08-24T16:50:27
41279744,2026-08-24,2026-08-24,,2026-08-24T14:10:11
41279776,2026-08-24,2026-08-24,,2026-08-24T16:00:54
41281876,2026-08-24,2026-08-24,,2026-08-24T16:19:39
41282046,2026-08-24,,,2026-08-24T16:40:11
41282479,2026-08-24,2026-08-24,,2026-08-24T17:10:10
41282831,2026-08-24,2026-08-24,,2026-08-24T17:40:09
41282845,2026-08-24,2026-08-25,,2026-08-25T00:51:43
41282879,2026-08-24,2026-08-24,,2026-08-24T18:40:09
41283371,2026-08-24,2026-08-25,,2026-08-25T00:11:18
41284292,2026-08-24,,,2026-08-24T19:10:09
41284372,2026-08-24,2026-08-24,,2026-08-24T19:21:27
41284544,2026-08-24,,,2026-08-24T19:40:10
41285591,2026-08-24,2026-08-25,,2026-08-25T05:52:19
41286333,2026-08-24,2026-08-25,,2026-08-25T01:19:49
41288520,2026-08-25,2026-08-25,,2026-08-25T02:35:55
41288749,2026-08-25,2026-08-25,,2026-08-25T06:01:54
41289098,2026-08-25,,,2026-08-25T03:40:09
41289271,2026-08-25,2026-08-25,,2026-08-25T05:00:45
41289895,2026-08-25,,,2026-08-25T05:10:11
41290242,2026-08-25,2026-08-25,,2026-08-25T05:40:30
41290300,2026-08-25,2026-08-25,,2026-08-25T05:35:31
